76561197960524695
76561197960524698
76561197960524699
76561197960524700
76561197960524702
76561197960524703
76561197960524704
76561197960524707
76561197960524708
76561197960524710
76561197960524711
76561197960524712
76561197960524716
76561197960524718
76561197960524720
76561197960524722
76561197960524723
76561197960524724
76561197960524725
76561197960524726
76561197960524727
76561197960524729
76561197960524730
76561197960524734
76561197960524735
76561197960524736
76561197960524738
76561197960524740
76561197960524742
76561197960524745
76561197960524749
76561197960524755
76561197960524757
76561197960524758
76561197960524761
76561197960524762
76561197960524763
76561197960524764
76561197960524765
76561197960524766
76561197960524767
76561197960524768
76561197960524769
76561197960524770
76561197960524771
76561197960524772
76561197960524773
76561197960524777
76561197960524778
76561197960524779
76561197960524780
76561197960524781
76561197960524782
76561197960524783
76561197960524784
76561197960524786
76561197960524787
76561197960524788
76561197960524790
76561197960524791
76561197960524792
76561197960524793
76561197960524795
76561197960524796
76561197960524797
76561197960524798
76561197960524799
76561197960524801
76561197960524802
76561197960524803
76561197960524804
76561197960524805
76561197960524806
76561197960524807
76561197960524808
76561197960524810
76561197960524811
76561197960524812
76561197960524813
76561197960524814
76561197960524815
76561197960524817
76561197960524818
76561197960524819
76561197960524820
76561197960524821
76561197960524822
76561197960524825
76561197960524826
76561197960524827
76561197960524829
76561197960524830
76561197960524831
76561197960524832
76561197960524833
76561197960524834
76561197960524837
76561197960524838
76561197960524839
76561197960524840
76561197960524842
76561197960524843
76561197960524845
76561197960524846
76561197960524849
76561197960524850
76561197960524852
76561197960524854
76561197960524855
76561197960524856
76561197960524857
76561197960524860
76561197960524861
76561197960524864
76561197960524866
76561197960524868
76561197960524869
76561197960524870
76561197960524871
76561197960524873
76561197960524874
76561197960524875
76561197960524880
76561197960524881
76561197960524882
76561197960524885
76561197960524886
76561197960524887
76561197960524888
76561197960524891
76561197960524892
76561197960524893
76561197960524894
76561197960524897
76561197960524899
76561197960524900
76561197960524902
76561197960524903
76561197960524904
76561197960524905
76561197960524906
76561197960524907
76561197960524908
76561197960524909
76561197960524910
76561197960524912
76561197960524913
76561197960524916
76561197960524918
76561197960524919
76561197960524921
76561197960524924
76561197960524928
76561197960524929
76561197960524931
76561197960524932
76561197960524933
76561197960524934
76561197960524935
76561197960524937
76561197960524939
76561197960524940
76561197960524941
76561197960524942
76561197960524945
76561197960524946
76561197960524947
76561197960524948
76561197960524949
76561197960524950
76561197960524951
76561197960524953
76561197960524954
76561197960524955
76561197960524959
76561197960524960
76561197960524962
76561197960524963
76561197960524964
76561197960524965
76561197960524966
76561197960524967
76561197960524970
76561197960524971
76561197960524972
76561197960524973
76561197960524974
76561197960524975
76561197960524976
76561197960524977
76561197960524978
76561197960524981
76561197960524982
76561197960524983
76561197960524985
76561197960524987
76561197960524988
76561197960524991
76561197960524992
76561197960524995
76561197960524997
76561197960524999
76561197960525000
76561197960525002
76561197960525004
76561197960525005
76561197960525009
76561197960525010
76561197960525011
76561197960525012
76561197960525013
76561197960525014
76561197960525017
76561197960525018
76561197960525023
76561197960525024
76561197960525026
76561197960525027
76561197960525028
76561197960525030
76561197960525032
76561197960525033
76561197960525037
76561197960525038
76561197960525040
76561197960525041
76561197960525042
76561197960525043
76561197960525044
76561197960525046
76561197960525047
76561197960525048
76561197960525050
76561197960525052
76561197960525053
76561197960525054
76561197960525055
76561197960525056
76561197960525059
76561197960525060
76561197960525061
76561197960525064
76561197960525065
76561197960525066
76561197960525067
76561197960525068
76561197960525069
76561197960525071
76561197960525073
76561197960525074
76561197960525075
76561197960525076
76561197960525077
76561197960525080
76561197960525083
76561197960525084
76561197960525085
76561197960525086
76561197960525087
76561197960525088
76561197960525089
76561197960525090
76561197960525091
76561197960525093
76561197960525094
76561197960525095
76561197960525096
76561197960525098
76561197960525099
76561197960525100
76561197960525101
76561197960525102
76561197960525103
76561197960525104
76561197960525106
76561197960525107
76561197960525110
76561197960525111
76561197960525112
76561197960525113
76561197960525114
76561197960525115
76561197960525116
76561197960525120
76561197960525121
76561197960525123
76561197960525126
76561197960525131
76561197960525134
76561197960525135
76561197960525137
76561197960525138
76561197960525143
76561197960525144
76561197960525145
76561197960525147
76561197960525150
76561197960525151
76561197960525153
76561197960525156
76561197960525158
76561197960525160
76561197960525161
76561197960525162
76561197960525163
76561197960525164
76561197960525169
76561197960525170
76561197960525173
76561197960525174
76561197960525175
76561197960525176
76561197960525177
76561197960525178
76561197960525179
76561197960525181
76561197960525182
76561197960525186
76561197960525187
76561197960525188
76561197960525189
76561197960525191
76561197960525192
76561197960525193
76561197960525195
76561197960525196
76561197960525197
76561197960525200
76561197960525201
76561197960525202
76561197960525203
76561197960525204
76561197960525205
76561197960525206
76561197960525207
76561197960525210
76561197960525211
76561197960525212
76561197960525214
76561197960525215
76561197960525216
76561197960525217
76561197960525218
76561197960525221
76561197960525222
76561197960525223
76561197960525224
76561197960525225
76561197960525226
76561197960525227
76561197960525228
76561197960525229
76561197960525230
76561197960525232
76561197960525233
76561197960525234
76561197960525235
76561197960525236
76561197960525237
76561197960525239
76561197960525240
76561197960525242
76561197960525244
76561197960525246
76561197960525247
76561197960525248
76561197960525249
76561197960525251
76561197960525253
76561197960525254
76561197960525255
76561197960525259
76561197960525260
76561197960525267
76561197960525268
76561197960525269
76561197960525270
76561197960525274
76561197960525275
76561197960525279
76561197960525281
76561197960525282
76561197960525283
76561197960525284
76561197960525287
76561197960525288
76561197960525290
76561197960525291
76561197960525292
76561197960525293
76561197960525294
76561197960525296
76561197960525299
76561197960525300
76561197960525301
76561197960525305
76561197960525306
76561197960525307
76561197960525308
76561197960525309
76561197960525311
76561197960525312
76561197960525313
76561197960525315
76561197960525319
76561197960525320
76561197960525322
76561197960525324
76561197960525325
76561197960525327
76561197960525328
76561197960525329
76561197960525330
76561197960525332
76561197960525333
76561197960525334
76561197960525335
76561197960525336
76561197960525339
76561197960525341
76561197960525342
76561197960525344
76561197960525346
76561197960525347
76561197960525348
76561197960525349
76561197960525350
76561197960525351
76561197960525353
76561197960525354
76561197960525356
76561197960525358
76561197960525359
76561197960525360
76561197960525361
76561197960525364
76561197960525365
76561197960525366
76561197960525368
76561197960525370
76561197960525371
76561197960525372
76561197960525373
76561197960525375
76561197960525376
76561197960525377
76561197960525378
76561197960525379
76561197960525381
76561197960525382
76561197960525383
76561197960525384
76561197960525385
76561197960525386
76561197960525389
76561197960525390
76561197960525391
76561197960525393
76561197960525394
76561197960525395
76561197960525397
76561197960525398
76561197960525399
76561197960525400
76561197960525401
76561197960525403
76561197960525405
76561197960525409
76561197960525412
76561197960525413
76561197960525414
76561197960525415
76561197960525416
76561197960525417
76561197960525418
76561197960525422
76561197960525423
76561197960525424
76561197960525426
76561197960525431
76561197960525433
76561197960525434
76561197960525435
76561197960525436
76561197960525439
76561197960525440
76561197960525442
76561197960525443
76561197960525444
76561197960525445
76561197960525446
76561197960525449
76561197960525450
76561197960525451
76561197960525452
76561197960525453
76561197960525454
76561197960525455
76561197960525457
76561197960525458
76561197960525459
76561197960525460
76561197960525461
76561197960525464
76561197960525465
76561197960525466
76561197960525467
76561197960525468
76561197960525469
76561197960525470
76561197960525471
76561197960525472
76561197960525473
76561197960525474
76561197960525475
76561197960525476
76561197960525477
76561197960525478
76561197960525480
76561197960525481
76561197960525482
76561197960525484
76561197960525485
76561197960525487
76561197960525489
76561197960525491
76561197960525492
76561197960525493
76561197960525496
76561197960525498
76561197960525500
76561197960525501
76561197960525502
76561197960525503
76561197960525504
76561197960525507
76561197960525509
76561197960525511
76561197960525512
76561197960525514
76561197960525517
76561197960525519
76561197960525520
76561197960525521
76561197960525522
76561197960525523
76561197960525524
76561197960525525
76561197960525528
76561197960525529
76561197960525531
76561197960525533
76561197960525535
76561197960525537
76561197960525538
76561197960525539
76561197960525540
76561197960525541
76561197960525545
76561197960525546
76561197960525547
76561197960525549
76561197960525551
76561197960525552
76561197960525555
76561197960525556
76561197960525557
76561197960525558
76561197960525560
76561197960525561
76561197960525562
76561197960525564
76561197960525566
76561197960525568
76561197960525572
76561197960525576
76561197960525578
76561197960525579
76561197960525580
76561197960525582
76561197960525584
76561197960525585
76561197960525586
76561197960525587
76561197960525588
76561197960525589
76561197960525590
76561197960525592
76561197960525593
76561197960525594
76561197960525598
76561197960525600
76561197960525605
76561197960525606
76561197960525607
76561197960525608
76561197960525609
76561197960525610
76561197960525612
76561197960525613
76561197960525615
76561197960525616
76561197960525618
76561197960525619
76561197960525620
76561197960525621
76561197960525622
76561197960525624
76561197960525626
76561197960525629
76561197960525630
76561197960525631
76561197960525632
76561197960525633
76561197960525634
76561197960525637
76561197960525638
76561197960525640
76561197960525641
76561197960525643
76561197960525644
76561197960525645
76561197960525646
76561197960525648
76561197960525651
76561197960525652
76561197960525654
76561197960525655
76561197960525657
76561197960525658
76561197960525659
76561197960525660
76561197960525661
76561197960525662
76561197960525663
76561197960525664
76561197960525665
76561197960525666
76561197960525668
76561197960525669
76561197960525670
76561197960525671
76561197960525673
76561197960525676
76561197960525677
76561197960525678
76561197960525679
76561197960525680
76561197960525682
76561197960525683
76561197960525685
76561197960525686
76561197960525687
76561197960525688
76561197960525690
76561197960525692
76561197960525693
76561197960525694
76561197960525695
76561197960525696
76561197960525697
76561197960525698
76561197960525699
76561197960525700
76561197960525702
76561197960525704
76561197960525708
76561197960525711
76561197960525712
76561197960525716
76561197960525717
76561197960525719
76561197960525720
76561197960525721
76561197960525724
76561197960525726
76561197960525727
76561197960525728
76561197960525729
76561197960525730
76561197960525732
76561197960525733
76561197960525734
76561197960525735
76561197960525738
76561197960525740
76561197960525741
76561197960525744
76561197960525745
76561197960525746
76561197960525747
76561197960525752
76561197960525754
76561197960525756
76561197960525757
76561197960525758
76561197960525759
76561197960525760
76561197960525761
76561197960525762
76561197960525763
76561197960525764
76561197960525766
76561197960525767
76561197960525770
76561197960525773
76561197960525774
76561197960525777
76561197960525779
76561197960525780
76561197960525781
76561197960525783
76561197960525784
76561197960525785
76561197960525788
76561197960525790
76561197960525791
76561197960525792
76561197960525793
76561197960525794
76561197960525795
76561197960525796
76561197960525798
76561197960525801
76561197960525802
76561197960525803
76561197960525804
76561197960525808
76561197960525809
76561197960525810
76561197960525811
76561197960525815
76561197960525818
76561197960525821
76561197960525822
76561197960525823
76561197960525824
76561197960525825
76561197960525826
76561197960525827
76561197960525829
76561197960525830
76561197960525831
76561197960525835
76561197960525837
76561197960525838
76561197960525841
76561197960525843
76561197960525846
76561197960525853
76561197960525854
76561197960525856
76561197960525857
76561197960525858
76561197960525859
76561197960525862
76561197960525863
76561197960525864
76561197960525865
76561197960525867
76561197960525869
76561197960525870
76561197960525871
76561197960525872
76561197960525875
76561197960525876
76561197960525877
76561197960525878
76561197960525879
76561197960525882
76561197960525883
76561197960525884
76561197960525885
76561197960525886
76561197960525888
76561197960525889
76561197960525891
76561197960525892
76561197960525893
76561197960525894
76561197960525896
76561197960525898
76561197960525900
76561197960525901
76561197960525903
76561197960525904
76561197960525905
76561197960525907
76561197960525908
76561197960525909
76561197960525911
76561197960525912
76561197960525913
76561197960525917
76561197960525921
76561197960525922
76561197960525925
76561197960525926
76561197960525927
76561197960525930
76561197960525931
76561197960525933
76561197960525934
76561197960525937
76561197960525938
76561197960525939
76561197960525940
76561197960525941
76561197960525942
76561197960525943
76561197960525944
76561197960525945
76561197960525946
76561197960525947
76561197960525949
76561197960525950
76561197960525951
76561197960525952
76561197960525954
76561197960525956
76561197960525958
76561197960525960
76561197960525961
76561197960525962
76561197960525963
76561197960525965
76561197960525966
76561197960525967
76561197960525968
76561197960525969
76561197960525972
76561197960525973
76561197960525974
76561197960525975
76561197960525976
76561197960525978
76561197960525980
76561197960525981
76561197960525983
76561197960525985
76561197960525987
76561197960525988
76561197960525989
76561197960525990
76561197960525992
76561197960525996
76561197960525997
76561197960525998
76561197960525999
76561197960526002
76561197960526003
76561197960526004
76561197960526005
76561197960526006
76561197960526007
76561197960526008
76561197960526011
76561197960526012
76561197960526013
76561197960526015
76561197960526016
76561197960526018
76561197960526020
76561197960526023
76561197960526025
76561197960526026
76561197960526027
76561197960526028
76561197960526030
76561197960526033
76561197960526034
76561197960526035
76561197960526039
76561197960526041
76561197960526042
76561197960526045
76561197960526047
76561197960526049
76561197960526050
76561197960526052
76561197960526053
76561197960526054
76561197960526057
76561197960526058
76561197960526061
76561197960526062
76561197960526063
76561197960526065
76561197960526066
76561197960526067
76561197960526068
76561197960526069
76561197960526070
76561197960526071
76561197960526072
76561197960526073
76561197960526074
76561197960526075
76561197960526079
76561197960526080
76561197960526083
76561197960526085
76561197960526086
76561197960526087
76561197960526090
76561197960526092
76561197960526094
76561197960526096
76561197960526097
76561197960526098
76561197960526099
76561197960526100
76561197960526101
76561197960526102
76561197960526107
76561197960526108
76561197960526109
76561197960526110
76561197960526111
76561197960526113
76561197960526114
76561197960526116
76561197960526117
76561197960526118
76561197960526119
76561197960526120
76561197960526121
76561197960526123
76561197960526126
76561197960526127
76561197960526130
76561197960526132
76561197960526135
76561197960526136
76561197960526137
76561197960526139
76561197960526140
76561197960526141
76561197960526144
76561197960526148
76561197960526149
76561197960526150
76561197960526152
76561197960526153
76561197960526154
76561197960526155
76561197960526157
76561197960526161
76561197960526164
76561197960526168
76561197960526170
76561197960526172
76561197960526174
76561197960526175
76561197960526179
76561197960526180
76561197960526181
76561197960526182
76561197960526183
76561197960526184
76561197960526185
76561197960526187
76561197960526188
76561197960526191
76561197960526192
76561197960526193
76561197960526194
76561197960526195
76561197960526196
76561197960526197
76561197960526198
76561197960526199
76561197960526201
76561197960526205
76561197960526206
76561197960526207
76561197960526211
76561197960526212
76561197960526213
76561197960526214
76561197960526215
76561197960526217
76561197960526218
76561197960526220
76561197960526221
76561197960526223
76561197960526224
76561197960526225
76561197960526226
76561197960526228
76561197960526230
76561197960526232
76561197960526234
76561197960526235
76561197960526236
76561197960526237
76561197960526238
76561197960526242
76561197960526244
76561197960526247
