76561197961669414
76561197961669415
76561197961669416
76561197961669418
76561197961669420
76561197961669423
76561197961669424
76561197961669426
76561197961669428
76561197961669430
76561197961669435
76561197961669437
76561197961669441
76561197961669442
76561197961669444
76561197961669445
76561197961669447
76561197961669449
76561197961669450
76561197961669451
76561197961669452
76561197961669453
76561197961669460
76561197961669461
76561197961669465
76561197961669467
76561197961669469
76561197961669471
76561197961669472
76561197961669473
76561197961669477
76561197961669478
76561197961669480
76561197961669483
76561197961669485
76561197961669486
76561197961669489
76561197961669490
76561197961669491
76561197961669493
76561197961669494
76561197961669496
76561197961669499
76561197961669501
76561197961669503
76561197961669504
76561197961669505
76561197961669506
76561197961669507
76561197961669510
76561197961669512
76561197961669515
76561197961669516
76561197961669520
76561197961669523
76561197961669525
76561197961669526
76561197961669527
76561197961669529
76561197961669530
76561197961669532
76561197961669534
76561197961669535
76561197961669536
76561197961669538
76561197961669543
76561197961669544
76561197961669545
76561197961669547
76561197961669552
76561197961669553
76561197961669554
76561197961669556
76561197961669557
76561197961669558
76561197961669561
76561197961669563
76561197961669567
76561197961669568
76561197961669571
76561197961669572
76561197961669574
76561197961669581
76561197961669582
76561197961669583
76561197961669584
76561197961669587
76561197961669588
76561197961669592
76561197961669595
76561197961669599
76561197961669602
76561197961669604
76561197961669609
76561197961669613
76561197961669614
76561197961669616
76561197961669618
76561197961669619
76561197961669620
76561197961669621
76561197961669629
76561197961669630
76561197961669633
76561197961669634
76561197961669637
76561197961669640
76561197961669644
76561197961669646
76561197961669650
76561197961669651
76561197961669652
76561197961669653
76561197961669654
76561197961669656
76561197961669657
76561197961669658
76561197961669661
76561197961669668
76561197961669671
76561197961669675
76561197961669676
76561197961669677
76561197961669681
76561197961669682
76561197961669686
76561197961669687
76561197961669689
76561197961669690
76561197961669696
76561197961669697
76561197961669702
76561197961669703
76561197961669705
76561197961669709
76561197961669710
76561197961669715
76561197961669716
76561197961669717
76561197961669718
76561197961669720
76561197961669726
76561197961669727
76561197961669731
76561197961669732
76561197961669734
76561197961669738
76561197961669741
76561197961669746
76561197961669747
76561197961669752
76561197961669753
76561197961669754
76561197961669755
76561197961669768
76561197961669769
76561197961669770
76561197961669771
76561197961669775
76561197961669776
76561197961669779
76561197961669782
76561197961669783
76561197961669786
76561197961669788
76561197961669790
76561197961669792
76561197961669793
76561197961669797
76561197961669798
76561197961669800
76561197961669802
76561197961669805
76561197961669807
76561197961669808
76561197961669809
76561197961669810
76561197961669812
76561197961669814
76561197961669815
76561197961669821
76561197961669823
76561197961669828
76561197961669830
76561197961669832
76561197961669833
76561197961669835
76561197961669841
76561197961669842
76561197961669843
76561197961669844
76561197961669846
76561197961669849
76561197961669851
76561197961669853
76561197961669854
76561197961669856
76561197961669862
76561197961669864
76561197961669868
76561197961669872
76561197961669874
76561197961669875
76561197961669876
76561197961669880
76561197961669881
76561197961669882
76561197961669885
76561197961669886
76561197961669887
76561197961669888
76561197961669890
76561197961669891
76561197961669896
76561197961669897
76561197961669898
76561197961669901
76561197961669902
76561197961669903
76561197961669905
76561197961669907
76561197961669908
76561197961669911
76561197961669913
76561197961669914
76561197961669915
76561197961669916
76561197961669918
76561197961669921
76561197961669923
76561197961669924
76561197961669925
76561197961669927
76561197961669929
76561197961669933
76561197961669934
76561197961669940
76561197961669941
76561197961669944
76561197961669947
76561197961669949
76561197961669950
76561197961669951
76561197961669956
76561197961669957
76561197961669961
76561197961669963
76561197961669965
76561197961669967
76561197961669968
76561197961669970
76561197961669971
76561197961669975
76561197961669978
76561197961669979
76561197961669980
76561197961669982
76561197961669984
76561197961669996
76561197961669997
76561197961670000
76561197961670001
76561197961670003
76561197961670005
76561197961670006
76561197961670008
76561197961670009
76561197961670010
76561197961670011
76561197961670013
76561197961670014
76561197961670016
76561197961670023
76561197961670027
76561197961670028
76561197961670030
76561197961670034
76561197961670035
76561197961670038
76561197961670040
76561197961670044
76561197961670045
76561197961670047
76561197961670050
76561197961670054
76561197961670055
76561197961670057
76561197961670058
76561197961670064
76561197961670066
76561197961670067
76561197961670069
76561197961670072
76561197961670080
76561197961670082
76561197961670083
76561197961670084
76561197961670086
76561197961670088
76561197961670092
76561197961670093
76561197961670097
76561197961670101
76561197961670102
76561197961670103
76561197961670105
76561197961670107
76561197961670109
76561197961670111
76561197961670113
76561197961670114
76561197961670117
76561197961670119
76561197961670122
76561197961670124
76561197961670125
76561197961670126
76561197961670127
76561197961670129
76561197961670134
76561197961670135
76561197961670136
76561197961670137
76561197961670139
76561197961670141
76561197961670142
76561197961670143
76561197961670144
76561197961670150
76561197961670151
76561197961670152
76561197961670153
76561197961670162
76561197961670163
76561197961670165
76561197961670169
76561197961670171
76561197961670172
76561197961670175
76561197961670177
76561197961670178
76561197961670179
76561197961670180
76561197961670182
76561197961670183
76561197961670184
76561197961670189
76561197961670191
76561197961670194
76561197961670195
76561197961670204
76561197961670205
76561197961670214
76561197961670217
76561197961670219
76561197961670225
76561197961670233
76561197961670234
76561197961670240
76561197961670241
76561197961670246
76561197961670248
76561197961670249
76561197961670250
76561197961670251
76561197961670252
76561197961670253
76561197961670258
76561197961670259
76561197961670263
76561197961670264
76561197961670268
76561197961670271
76561197961670272
76561197961670273
76561197961670278
76561197961670281
76561197961670283
76561197961670286
76561197961670289
76561197961670290
76561197961670292
76561197961670294
76561197961670295
76561197961670296
76561197961670297
76561197961670299
76561197961670300
76561197961670303
76561197961670304
76561197961670306
76561197961670307
76561197961670308
76561197961670309
76561197961670310
76561197961670311
76561197961670313
76561197961670315
76561197961670318
76561197961670321
76561197961670322
76561197961670323
76561197961670326
76561197961670332
76561197961670339
76561197961670340
76561197961670341
76561197961670342
76561197961670343
76561197961670346
76561197961670347
76561197961670350
76561197961670351
76561197961670354
76561197961670355
76561197961670356
76561197961670360
76561197961670361
76561197961670362
76561197961670363
76561197961670364
76561197961670368
76561197961670369
76561197961670370
76561197961670371
76561197961670372
76561197961670374
76561197961670375
76561197961670376
76561197961670380
76561197961670381
76561197961670388
76561197961670390
76561197961670391
76561197961670393
76561197961670394
76561197961670395
76561197961670396
76561197961670399
76561197961670400
76561197961670401
76561197961670405
76561197961670406
76561197961670409
76561197961670411
76561197961670412
76561197961670415
76561197961670417
76561197961670418
76561197961670422
76561197961670426
76561197961670429
76561197961670432
76561197961670441
76561197961670449
76561197961670451
76561197961670456
76561197961670461
76561197961670462
76561197961670464
76561197961670466
76561197961670467
76561197961670472
76561197961670473
76561197961670480
76561197961670481
76561197961670484
76561197961670485
76561197961670486
76561197961670488
76561197961670490
76561197961670496
76561197961670497
76561197961670499
76561197961670502
76561197961670504
76561197961670507
76561197961670508
76561197961670509
76561197961670511
76561197961670513
76561197961670515
76561197961670522
76561197961670523
76561197961670525
76561197961670528
76561197961670536
76561197961670540
76561197961670541
76561197961670542
76561197961670543
76561197961670546
76561197961670547
76561197961670550
76561197961670552
76561197961670553
76561197961670554
76561197961670556
76561197961670559
76561197961670560
76561197961670561
76561197961670563
76561197961670565
76561197961670566
76561197961670568
76561197961670569
76561197961670571
76561197961670572
76561197961670573
76561197961670574
76561197961670577
76561197961670578
76561197961670580
76561197961670582
76561197961670583
76561197961670584
76561197961670586
76561197961670588
76561197961670589
76561197961670590
76561197961670591
76561197961670593
76561197961670594
76561197961670596
76561197961670603
76561197961670606
76561197961670607
76561197961670608
76561197961670609
76561197961670611
76561197961670612
76561197961670613
76561197961670614
76561197961670615
76561197961670616
76561197961670621
76561197961670622
76561197961670625
76561197961670626
76561197961670627
76561197961670628
76561197961670631
76561197961670635
76561197961670637
76561197961670640
76561197961670642
76561197961670643
76561197961670644
76561197961670646
76561197961670650
76561197961670652
76561197961670655
76561197961670656
76561197961670657
76561197961670663
76561197961670665
76561197961670668
76561197961670669
76561197961670670
76561197961670671
76561197961670672
76561197961670673
76561197961670676
76561197961670677
76561197961670679
76561197961670680
76561197961670681
76561197961670684
76561197961670690
76561197961670693
76561197961670697
76561197961670699
76561197961670700
76561197961670703
76561197961670704
76561197961670705
76561197961670707
76561197961670708
76561197961670713
76561197961670717
76561197961670720
76561197961670721
76561197961670722
76561197961670723
76561197961670728
76561197961670731
76561197961670732
76561197961670736
76561197961670740
76561197961670742
76561197961670744
76561197961670746
76561197961670747
76561197961670751
76561197961670761
76561197961670762
76561197961670763
76561197961670766
76561197961670768
76561197961670769
76561197961670770
76561197961670771
76561197961670773
76561197961670774
76561197961670775
76561197961670777
76561197961670779
76561197961670780
76561197961670781
76561197961670783
76561197961670784
76561197961670785
76561197961670787
76561197961670794
76561197961670795
76561197961670800
76561197961670802
76561197961670803
76561197961670805
76561197961670812
76561197961670813
76561197961670817
76561197961670822
76561197961670824
76561197961670828
76561197961670829
76561197961670834
76561197961670837
76561197961670839
76561197961670840
76561197961670843
76561197961670845
76561197961670846
76561197961670847
76561197961670848
76561197961670849
76561197961670850
76561197961670852
76561197961670854
76561197961670855
76561197961670856
76561197961670857
76561197961670858
76561197961670866
76561197961670867
76561197961670869
76561197961670870
76561197961670871
76561197961670872
76561197961670873
76561197961670875
76561197961670876
76561197961670879
76561197961670885
76561197961670886
76561197961670887
76561197961670897
76561197961670898
76561197961670900
76561197961670903
76561197961670904
76561197961670905
76561197961670908
76561197961670909
76561197961670910
76561197961670912
76561197961670919
76561197961670920
76561197961670922
76561197961670923
76561197961670926
76561197961670927
76561197961670928
76561197961670929
76561197961670931
76561197961670934
76561197961670935
76561197961670937
76561197961670940
76561197961670941
76561197961670942
76561197961670945
76561197961670951
76561197961670959
76561197961670961
76561197961670962
76561197961670963
76561197961670965
76561197961670969
76561197961670970
76561197961670972
76561197961670974
76561197961670975
76561197961670977
76561197961670978
76561197961670981
76561197961670983
76561197961670987
76561197961670988
76561197961670990
76561197961670991
76561197961670993
76561197961670995
76561197961670999
76561197961671006
76561197961671007
76561197961671008
76561197961671009
76561197961671010
76561197961671012
76561197961671014
76561197961671016
76561197961671017
76561197961671024
76561197961671029
76561197961671031
76561197961671032
76561197961671040
76561197961671044
76561197961671048
76561197961671051
76561197961671054
76561197961671055
76561197961671057
76561197961671059
76561197961671060
76561197961671061
76561197961671064
76561197961671069
76561197961671071
76561197961671074
76561197961671075
76561197961671076
76561197961671082
76561197961671088
76561197961671089
76561197961671091
76561197961671092
76561197961671095
76561197961671098
76561197961671101
76561197961671107
76561197961671111
76561197961671112
76561197961671113
76561197961671115
76561197961671117
76561197961671118
76561197961671128
76561197961671129
76561197961671131
76561197961671132
76561197961671133
76561197961671134
76561197961671135
76561197961671136
76561197961671137
76561197961671139
76561197961671140
76561197961671141
76561197961671143
76561197961671145
76561197961671151
76561197961671152
76561197961671153
76561197961671155
76561197961671158
76561197961671161
76561197961671163
76561197961671164
76561197961671168
76561197961671169
76561197961671172
76561197961671173
76561197961671176
76561197961671179
76561197961671180
76561197961671181
76561197961671182
76561197961671183
76561197961671186
76561197961671187
76561197961671188
76561197961671191
76561197961671192
76561197961671195
76561197961671197
76561197961671199
76561197961671205
76561197961671207
76561197961671208
76561197961671210
76561197961671213
76561197961671217
76561197961671221
76561197961671222
76561197961671223
76561197961671230
76561197961671235
76561197961671241
76561197961671243
76561197961671247
76561197961671248
76561197961671249
76561197961671250
76561197961671254
76561197961671256
76561197961671260
76561197961671261
76561197961671266
76561197961671269
76561197961671270
76561197961671271
76561197961671273
76561197961671274
76561197961671275
76561197961671279
76561197961671280
76561197961671281
76561197961671282
76561197961671284
76561197961671285
76561197961671286
76561197961671287
76561197961671291
76561197961671293
76561197961671294
76561197961671299
76561197961671300
76561197961671306
76561197961671308
76561197961671312
76561197961671313
76561197961671314
76561197961671316
76561197961671317
76561197961671319
76561197961671321
76561197961671325
76561197961671326
76561197961671327
76561197961671330
76561197961671331
76561197961671332
76561197961671335
76561197961671339
76561197961671343
76561197961671345
76561197961671346
76561197961671350
76561197961671358
76561197961671359
76561197961671360
76561197961671361
76561197961671364
76561197961671366
76561197961671367
76561197961671371
76561197961671372
76561197961671373
76561197961671375
76561197961671378
76561197961671379
76561197961671380
76561197961671384
76561197961671388
76561197961671390
76561197961671391
76561197961671392
76561197961671394
76561197961671395
76561197961671396
76561197961671398
76561197961671400
76561197961671403
76561197961671404
76561197961671405
76561197961671407
76561197961671408
76561197961671410
76561197961671411
76561197961671416
76561197961671417
76561197961671420
76561197961671422
76561197961671424
76561197961671425
76561197961671427
76561197961671428
76561197961671432
76561197961671433
76561197961671434
76561197961671435
76561197961671443
76561197961671444
76561197961671446
76561197961671448
76561197961671449
76561197961671451
76561197961671456
76561197961671460
76561197961671465
76561197961671467
76561197961671468
76561197961671473
76561197961671474
76561197961671475
76561197961671478
76561197961671481
76561197961671486
76561197961671490
76561197961671496
76561197961671497
76561197961671498
76561197961671503
76561197961671504
76561197961671508
76561197961671512
76561197961671518
76561197961671519
76561197961671523
76561197961671528
76561197961671534
76561197961671536
76561197961671537
76561197961671539
76561197961671541
76561197961671546
76561197961671549
76561197961671551
76561197961671557
76561197961671558
76561197961671559
76561197961671569
76561197961671570
76561197961671571
76561197961671574
76561197961671576
76561197961671577
76561197961671578
76561197961671584
76561197961671587
76561197961671588
76561197961671589
76561197961671594
76561197961671599
76561197961671601
76561197961671602
76561197961671607
76561197961671612
76561197961671614
76561197961671615
76561197961671622
76561197961671624
76561197961671625
76561197961671632
76561197961671636
76561197961671638
76561197961671639
76561197961671640
76561197961671641
76561197961671642
76561197961671643
76561197961671648
76561197961671649
76561197961671652
76561197961671655
76561197961671656
76561197961671657
76561197961671658
76561197961671662
76561197961671670
76561197961671671
76561197961671673
76561197961671677
76561197961671678
76561197961671684
76561197961671688
76561197961671689
76561197961671696
76561197961671701
76561197961671703
76561197961671704
76561197961671707
76561197961671709
76561197961671711
76561197961671712
76561197961671715
76561197961671718
76561197961671721
76561197961671724
76561197961671727
76561197961671731
76561197961671732
76561197961671733
76561197961671736
76561197961671738
76561197961671741
76561197961671742
76561197961671749
