76561197960275236
76561197960275237
76561197960275238
76561197960275239
76561197960275240
76561197960275241
76561197960275242
76561197960275244
76561197960275245
76561197960275246
76561197960275247
76561197960275248
76561197960275249
76561197960275250
76561197960275251
76561197960275252
76561197960275253
76561197960275254
76561197960275255
76561197960275256
76561197960275257
76561197960275258
76561197960275259
76561197960275260
76561197960275261
76561197960275262
76561197960275263
76561197960275264
76561197960275265
76561197960275266
76561197960275267
76561197960275268
76561197960275269
76561197960275270
76561197960275271
76561197960275272
76561197960275273
76561197960275274
76561197960275275
76561197960275276
76561197960275277
76561197960275278
76561197960275279
76561197960275280
76561197960275281
76561197960275282
76561197960275283
76561197960275284
76561197960275285
76561197960275286
76561197960275287
76561197960275288
76561197960275289
76561197960275290
76561197960275291
76561197960275292
76561197960275293
76561197960275294
76561197960275295
76561197960275296
76561197960275297
76561197960275298
76561197960275299
76561197960275300
76561197960275301
76561197960275302
76561197960275303
76561197960275304
76561197960275305
76561197960275307
76561197960275308
76561197960275309
76561197960275310
76561197960275311
76561197960275312
76561197960275313
76561197960275314
76561197960275315
76561197960275316
76561197960275317
76561197960275318
76561197960275319
76561197960275321
76561197960275322
76561197960275323
76561197960275324
76561197960275325
76561197960275326
76561197960275327
76561197960275328
76561197960275329
76561197960275330
76561197960275331
76561197960275332
76561197960275334
76561197960275335
76561197960275336
76561197960275337
76561197960275338
76561197960275339
76561197960275340
76561197960275341
76561197960275342
76561197960275343
76561197960275344
76561197960275345
76561197960275346
76561197960275347
76561197960275348
76561197960275349
76561197960275350
76561197960275351
76561197960275352
76561197960275353
76561197960275354
76561197960275355
76561197960275356
76561197960275357
76561197960275358
76561197960275359
76561197960275361
76561197960275362
76561197960275363
76561197960275364
76561197960275365
76561197960275366
76561197960275367
76561197960275368
76561197960275369
76561197960275370
76561197960275371
76561197960275373
76561197960275374
76561197960275375
76561197960275376
76561197960275377
76561197960275378
76561197960275379
76561197960275380
76561197960275381
76561197960275383
76561197960275384
76561197960275385
76561197960275386
76561197960275387
76561197960275388
76561197960275390
76561197960275391
76561197960275392
76561197960275393
76561197960275394
76561197960275395
76561197960275396
76561197960275397
76561197960275399
76561197960275400
76561197960275401
76561197960275402
76561197960275403
76561197960275404
76561197960275405
76561197960275406
76561197960275407
76561197960275408
76561197960275409
76561197960275410
76561197960275411
76561197960275412
76561197960275413
76561197960275414
76561197960275415
76561197960275416
76561197960275417
76561197960275418
76561197960275420
76561197960275421
76561197960275423
76561197960275424
76561197960275425
76561197960275426
76561197960275427
76561197960275428
76561197960275429
76561197960275430
76561197960275431
76561197960275432
76561197960275433
76561197960275434
76561197960275435
76561197960275436
76561197960275437
76561197960275438
76561197960275439
76561197960275440
76561197960275441
76561197960275442
76561197960275443
76561197960275444
76561197960275446
76561197960275448
76561197960275450
76561197960275451
76561197960275452
76561197960275454
76561197960275455
76561197960275456
76561197960275457
76561197960275458
76561197960275459
76561197960275460
76561197960275461
76561197960275462
76561197960275463
76561197960275464
76561197960275465
76561197960275466
76561197960275467
76561197960275468
76561197960275469
76561197960275470
76561197960275471
76561197960275472
76561197960275473
76561197960275474
76561197960275475
76561197960275476
76561197960275477
76561197960275478
76561197960275479
76561197960275480
76561197960275481
76561197960275482
76561197960275483
76561197960275484
76561197960275485
76561197960275486
76561197960275487
76561197960275488
76561197960275489
76561197960275490
76561197960275491
76561197960275492
76561197960275493
76561197960275494
76561197960275495
76561197960275496
76561197960275497
76561197960275498
76561197960275499
76561197960275500
76561197960275501
76561197960275502
76561197960275503
76561197960275504
76561197960275505
76561197960275506
76561197960275507
76561197960275508
76561197960275509
76561197960275510
76561197960275511
76561197960275512
76561197960275513
76561197960275515
76561197960275516
76561197960275517
76561197960275518
76561197960275519
76561197960275520
76561197960275521
76561197960275522
76561197960275523
76561197960275524
76561197960275525
76561197960275526
76561197960275527
76561197960275528
76561197960275529
76561197960275530
76561197960275531
76561197960275532
76561197960275533
76561197960275534
76561197960275535
76561197960275536
76561197960275537
76561197960275538
76561197960275539
76561197960275540
76561197960275541
76561197960275542
76561197960275543
76561197960275544
76561197960275545
76561197960275546
76561197960275547
76561197960275548
76561197960275549
76561197960275550
76561197960275551
76561197960275552
76561197960275553
76561197960275554
76561197960275555
76561197960275556
76561197960275557
76561197960275558
76561197960275559
76561197960275560
76561197960275562
76561197960275563
76561197960275564
76561197960275565
76561197960275567
76561197960275569
76561197960275570
76561197960275572
76561197960275573
76561197960275574
76561197960275575
76561197960275576
76561197960275577
76561197960275578
76561197960275579
76561197960275581
76561197960275582
76561197960275583
76561197960275584
76561197960275585
76561197960275586
76561197960275587
76561197960275588
76561197960275589
76561197960275590
76561197960275591
76561197960275592
76561197960275593
76561197960275594
76561197960275595
76561197960275597
76561197960275598
76561197960275599
76561197960275600
76561197960275601
76561197960275602
76561197960275604
76561197960275605
76561197960275606
76561197960275607
76561197960275608
76561197960275609
76561197960275611
76561197960275612
76561197960275613
76561197960275614
76561197960275615
76561197960275616
76561197960275618
76561197960275619
76561197960275620
76561197960275621
76561197960275622
76561197960275623
76561197960275624
76561197960275625
76561197960275626
76561197960275627
76561197960275628
76561197960275630
76561197960275631
76561197960275632
76561197960275633
76561197960275634
76561197960275635
76561197960275636
76561197960275637
76561197960275638
76561197960275639
76561197960275641
76561197960275642
76561197960275643
76561197960275644
76561197960275645
76561197960275646
76561197960275647
76561197960275648
76561197960275649
76561197960275650
76561197960275651
76561197960275652
76561197960275653
76561197960275654
76561197960275655
76561197960275656
76561197960275657
76561197960275658
76561197960275660
76561197960275661
76561197960275662
76561197960275663
76561197960275665
76561197960275666
76561197960275667
76561197960275668
76561197960275669
76561197960275670
76561197960275671
76561197960275672
76561197960275673
76561197960275674
76561197960275675
76561197960275677
76561197960275678
76561197960275679
76561197960275680
76561197960275681
76561197960275682
76561197960275683
76561197960275684
76561197960275685
76561197960275686
76561197960275689
76561197960275691
76561197960275692
76561197960275693
76561197960275694
76561197960275695
76561197960275696
76561197960275697
76561197960275698
76561197960275700
76561197960275701
76561197960275702
76561197960275703
76561197960275704
76561197960275705
76561197960275707
76561197960275708
76561197960275709
76561197960275710
76561197960275711
76561197960275712
76561197960275713
76561197960275714
76561197960275715
76561197960275716
76561197960275717
76561197960275718
76561197960275719
76561197960275720
76561197960275721
76561197960275722
76561197960275723
76561197960275724
76561197960275725
76561197960275726
76561197960275727
76561197960275728
76561197960275729
76561197960275730
76561197960275731
76561197960275732
76561197960275733
76561197960275734
76561197960275735
76561197960275736
76561197960275737
76561197960275738
76561197960275739
76561197960275740
76561197960275741
76561197960275742
76561197960275743
76561197960275744
76561197960275745
76561197960275746
76561197960275747
76561197960275748
76561197960275749
76561197960275751
76561197960275752
76561197960275753
76561197960275755
76561197960275756
76561197960275757
76561197960275758
76561197960275759
76561197960275760
76561197960275761
76561197960275762
76561197960275763
76561197960275764
76561197960275765
76561197960275766
76561197960275767
76561197960275768
76561197960275769
76561197960275770
76561197960275771
76561197960275775
76561197960275777
76561197960275778
76561197960275780
76561197960275781
76561197960275782
76561197960275784
76561197960275785
76561197960275786
76561197960275787
76561197960275788
76561197960275789
76561197960275790
76561197960275791
76561197960275792
76561197960275793
76561197960275794
76561197960275795
76561197960275796
76561197960275797
76561197960275799
76561197960275800
76561197960275801
76561197960275802
76561197960275803
76561197960275804
76561197960275805
76561197960275806
76561197960275807
76561197960275808
76561197960275809
76561197960275810
76561197960275811
76561197960275812
76561197960275813
76561197960275814
76561197960275815
76561197960275816
76561197960275817
76561197960275818
76561197960275819
76561197960275820
76561197960275821
76561197960275823
76561197960275824
76561197960275825
76561197960275826
76561197960275827
76561197960275828
76561197960275829
76561197960275830
76561197960275831
76561197960275832
76561197960275833
76561197960275835
76561197960275836
76561197960275837
76561197960275838
76561197960275839
76561197960275840
76561197960275841
76561197960275842
76561197960275843
76561197960275844
76561197960275845
76561197960275846
76561197960275847
76561197960275848
76561197960275849
76561197960275850
76561197960275851
76561197960275852
76561197960275853
76561197960275854
76561197960275855
76561197960275856
76561197960275857
76561197960275858
76561197960275859
76561197960275861
76561197960275862
76561197960275863
76561197960275864
76561197960275865
76561197960275866
76561197960275867
76561197960275868
76561197960275869
76561197960275870
76561197960275871
76561197960275872
76561197960275873
76561197960275876
76561197960275877
76561197960275879
76561197960275880
76561197960275881
76561197960275882
76561197960275883
76561197960275884
76561197960275885
76561197960275886
76561197960275887
76561197960275888
76561197960275889
76561197960275890
76561197960275891
76561197960275892
76561197960275893
76561197960275894
76561197960275895
76561197960275896
76561197960275897
76561197960275898
76561197960275899
76561197960275900
76561197960275901
76561197960275902
76561197960275903
76561197960275904
76561197960275905
76561197960275906
76561197960275907
76561197960275908
76561197960275909
76561197960275910
76561197960275911
76561197960275912
76561197960275914
76561197960275915
76561197960275916
76561197960275917
76561197960275918
76561197960275919
76561197960275920
76561197960275921
76561197960275922
76561197960275924
76561197960275925
76561197960275926
76561197960275927
76561197960275928
76561197960275929
76561197960275930
76561197960275931
76561197960275932
76561197960275933
76561197960275934
76561197960275935
76561197960275936
76561197960275937
76561197960275938
76561197960275939
76561197960275940
76561197960275941
76561197960275942
76561197960275943
76561197960275945
76561197960275946
76561197960275947
76561197960275948
76561197960275949
76561197960275951
76561197960275952
76561197960275953
76561197960275954
76561197960275956
76561197960275957
76561197960275958
76561197960275959
76561197960275960
76561197960275962
76561197960275964
76561197960275965
76561197960275966
76561197960275967
76561197960275968
76561197960275969
76561197960275970
76561197960275971
76561197960275972
76561197960275973
76561197960275974
76561197960275975
76561197960275976
76561197960275977
76561197960275978
76561197960275979
76561197960275980
76561197960275981
76561197960275982
76561197960275983
76561197960275984
76561197960275986
76561197960275987
76561197960275988
76561197960275989
76561197960275990
76561197960275991
76561197960275992
76561197960275993
76561197960275994
76561197960275995
76561197960275996
76561197960275997
76561197960275998
76561197960275999
76561197960276000
76561197960276002
76561197960276003
76561197960276006
76561197960276007
76561197960276008
76561197960276009
76561197960276010
76561197960276011
76561197960276012
76561197960276013
76561197960276016
76561197960276017
76561197960276018
76561197960276019
76561197960276020
76561197960276021
76561197960276023
76561197960276024
76561197960276025
76561197960276026
76561197960276027
76561197960276028
76561197960276030
76561197960276031
76561197960276032
76561197960276033
76561197960276034
76561197960276035
76561197960276036
76561197960276037
76561197960276038
76561197960276039
76561197960276040
76561197960276041
76561197960276042
76561197960276043
76561197960276044
76561197960276045
76561197960276046
76561197960276047
76561197960276048
76561197960276049
76561197960276050
76561197960276051
76561197960276052
76561197960276053
76561197960276054
76561197960276055
76561197960276056
76561197960276057
76561197960276058
76561197960276059
76561197960276060
76561197960276061
76561197960276062
76561197960276063
76561197960276064
76561197960276065
76561197960276066
76561197960276067
76561197960276068
76561197960276069
76561197960276070
76561197960276071
76561197960276072
76561197960276073
76561197960276074
76561197960276075
76561197960276076
76561197960276077
76561197960276078
76561197960276079
76561197960276080
76561197960276081
76561197960276082
76561197960276083
76561197960276085
76561197960276086
76561197960276087
76561197960276088
76561197960276091
76561197960276092
76561197960276093
76561197960276095
76561197960276096
76561197960276097
76561197960276098
76561197960276099
76561197960276100
76561197960276101
76561197960276102
76561197960276103
76561197960276105
76561197960276106
76561197960276107
76561197960276108
76561197960276109
76561197960276110
76561197960276111
76561197960276112
76561197960276113
76561197960276115
76561197960276116
76561197960276117
76561197960276118
76561197960276119
76561197960276120
76561197960276121
76561197960276122
76561197960276123
76561197960276124
76561197960276125
76561197960276127
76561197960276128
76561197960276129
76561197960276130
76561197960276131
76561197960276132
76561197960276133
76561197960276134
76561197960276135
76561197960276136
76561197960276137
76561197960276138
76561197960276139
76561197960276140
76561197960276141
76561197960276142
76561197960276143
76561197960276144
76561197960276145
76561197960276146
76561197960276147
76561197960276148
76561197960276149
76561197960276150
76561197960276151
76561197960276152
76561197960276153
76561197960276154
76561197960276155
76561197960276156
76561197960276157
76561197960276158
76561197960276159
76561197960276161
76561197960276162
76561197960276163
76561197960276164
76561197960276165
76561197960276166
76561197960276167
76561197960276168
76561197960276169
76561197960276170
76561197960276171
76561197960276172
76561197960276173
76561197960276174
76561197960276175
76561197960276176
76561197960276177
76561197960276178
76561197960276180
76561197960276181
76561197960276182
76561197960276184
76561197960276186
76561197960276187
76561197960276188
76561197960276189
76561197960276190
76561197960276191
76561197960276192
76561197960276193
76561197960276194
76561197960276195
76561197960276196
76561197960276197
76561197960276198
76561197960276199
76561197960276200
76561197960276201
76561197960276202
76561197960276203
76561197960276204
76561197960276206
76561197960276207
76561197960276208
76561197960276209
76561197960276210
76561197960276211
76561197960276212
76561197960276214
76561197960276216
76561197960276217
76561197960276218
76561197960276219
76561197960276221
76561197960276222
76561197960276223
76561197960276224
76561197960276225
76561197960276226
76561197960276227
76561197960276228
76561197960276229
76561197960276230
76561197960276231
76561197960276232
76561197960276233
76561197960276234
76561197960276235
76561197960276236
76561197960276237
76561197960276238
76561197960276239
76561197960276240
76561197960276241
76561197960276242
76561197960276244
76561197960276245
76561197960276246
76561197960276247
76561197960276248
76561197960276249
76561197960276250
76561197960276251
76561197960276252
76561197960276253
76561197960276254
76561197960276255
76561197960276256
76561197960276257
76561197960276258
76561197960276259
76561197960276260
76561197960276261
76561197960276262
76561197960276263
76561197960276264
76561197960276265
76561197960276266
76561197960276267
76561197960276268
76561197960276269
76561197960276270
76561197960276271
76561197960276272
76561197960276273
76561197960276274
76561197960276275
76561197960276276
76561197960276277
76561197960276278
76561197960276279
76561197960276280
76561197960276281
76561197960276282
76561197960276283
76561197960276284
76561197960276285
76561197960276286
76561197960276287
76561197960276288
76561197960276289
76561197960276290
76561197960276291
76561197960276292
76561197960276293
76561197960276294
76561197960276295
76561197960276296
76561197960276297
76561197960276298
76561197960276299
76561197960276300
76561197960276301
76561197960276303
76561197960276304
76561197960276305
76561197960276306
76561197960276307
76561197960276308
76561197960276309
76561197960276310
76561197960276311
76561197960276312
76561197960276313
76561197960276314
76561197960276315
76561197960276316
76561197960276318
