76561197961283956
76561197961283957
76561197961283958
76561197961283961
76561197961283964
76561197961283966
76561197961283967
76561197961283969
76561197961283970
76561197961283972
76561197961283976
76561197961283979
76561197961283983
76561197961283985
76561197961283988
76561197961283990
76561197961283992
76561197961283995
76561197961283996
76561197961284000
76561197961284002
76561197961284008
76561197961284011
76561197961284016
76561197961284017
76561197961284020
76561197961284021
76561197961284022
76561197961284026
76561197961284027
76561197961284028
76561197961284030
76561197961284035
76561197961284036
76561197961284040
76561197961284041
76561197961284045
76561197961284047
76561197961284052
76561197961284053
76561197961284055
76561197961284058
76561197961284067
76561197961284069
76561197961284070
76561197961284074
76561197961284075
76561197961284076
76561197961284082
76561197961284083
76561197961284084
76561197961284085
76561197961284088
76561197961284090
76561197961284092
76561197961284093
76561197961284096
76561197961284097
76561197961284098
76561197961284103
76561197961284104
76561197961284107
76561197961284108
76561197961284109
76561197961284113
76561197961284118
76561197961284122
76561197961284124
76561197961284125
76561197961284126
76561197961284128
76561197961284131
76561197961284132
76561197961284133
76561197961284135
76561197961284137
76561197961284141
76561197961284144
76561197961284148
76561197961284150
76561197961284152
76561197961284159
76561197961284160
76561197961284161
76561197961284165
76561197961284168
76561197961284175
76561197961284180
76561197961284181
76561197961284187
76561197961284190
76561197961284191
76561197961284192
76561197961284195
76561197961284196
76561197961284197
76561197961284198
76561197961284201
76561197961284207
76561197961284208
76561197961284210
76561197961284211
76561197961284214
76561197961284217
76561197961284219
76561197961284227
76561197961284228
76561197961284229
76561197961284234
76561197961284235
76561197961284237
76561197961284241
76561197961284242
76561197961284246
76561197961284251
76561197961284253
76561197961284256
76561197961284257
76561197961284260
76561197961284261
76561197961284267
76561197961284269
76561197961284272
76561197961284273
76561197961284274
76561197961284279
76561197961284280
76561197961284281
76561197961284282
76561197961284283
76561197961284284
76561197961284286
76561197961284287
76561197961284288
76561197961284289
76561197961284291
76561197961284295
76561197961284297
76561197961284300
76561197961284301
76561197961284302
76561197961284303
76561197961284304
76561197961284307
76561197961284319
76561197961284323
76561197961284326
76561197961284329
76561197961284330
76561197961284332
76561197961284333
76561197961284334
76561197961284335
76561197961284339
76561197961284341
76561197961284344
76561197961284345
76561197961284346
76561197961284349
76561197961284350
76561197961284352
76561197961284356
76561197961284358
76561197961284359
76561197961284360
76561197961284361
76561197961284365
76561197961284368
76561197961284369
76561197961284370
76561197961284372
76561197961284382
76561197961284384
76561197961284386
76561197961284387
76561197961284388
76561197961284389
76561197961284390
76561197961284393
76561197961284395
76561197961284397
76561197961284399
76561197961284402
76561197961284404
76561197961284412
76561197961284414
76561197961284415
76561197961284420
76561197961284422
76561197961284423
76561197961284427
76561197961284428
76561197961284431
76561197961284432
76561197961284434
76561197961284438
76561197961284439
76561197961284444
76561197961284445
76561197961284446
76561197961284448
76561197961284451
76561197961284452
76561197961284455
76561197961284457
76561197961284458
76561197961284459
76561197961284460
76561197961284464
76561197961284466
76561197961284471
76561197961284474
76561197961284476
76561197961284477
76561197961284479
76561197961284484
76561197961284486
76561197961284490
76561197961284492
76561197961284494
76561197961284495
76561197961284497
76561197961284504
76561197961284506
76561197961284508
76561197961284511
76561197961284513
76561197961284515
76561197961284516
76561197961284517
76561197961284519
76561197961284524
76561197961284531
76561197961284534
76561197961284535
76561197961284537
76561197961284540
76561197961284542
76561197961284544
76561197961284545
76561197961284546
76561197961284548
76561197961284549
76561197961284550
76561197961284554
76561197961284555
76561197961284556
76561197961284557
76561197961284558
76561197961284559
76561197961284561
76561197961284562
76561197961284565
76561197961284568
76561197961284571
76561197961284572
76561197961284574
76561197961284575
76561197961284576
76561197961284580
76561197961284585
76561197961284586
76561197961284587
76561197961284589
76561197961284591
76561197961284593
76561197961284597
76561197961284598
76561197961284602
76561197961284605
76561197961284611
76561197961284615
76561197961284617
76561197961284624
76561197961284626
76561197961284628
76561197961284629
76561197961284634
76561197961284638
76561197961284640
76561197961284641
76561197961284643
76561197961284644
76561197961284647
76561197961284649
76561197961284650
76561197961284651
76561197961284653
76561197961284655
76561197961284656
76561197961284658
76561197961284659
76561197961284660
76561197961284662
76561197961284663
76561197961284666
76561197961284670
76561197961284675
76561197961284678
76561197961284682
76561197961284685
76561197961284690
76561197961284691
76561197961284692
76561197961284693
76561197961284696
76561197961284699
76561197961284700
76561197961284701
76561197961284703
76561197961284704
76561197961284705
76561197961284706
76561197961284707
76561197961284709
76561197961284711
76561197961284713
76561197961284716
76561197961284717
76561197961284718
76561197961284719
76561197961284720
76561197961284722
76561197961284725
76561197961284727
76561197961284728
76561197961284729
76561197961284731
76561197961284732
76561197961284733
76561197961284736
76561197961284737
76561197961284738
76561197961284739
76561197961284740
76561197961284741
76561197961284745
76561197961284746
76561197961284747
76561197961284748
76561197961284750
76561197961284751
76561197961284752
76561197961284759
76561197961284763
76561197961284764
76561197961284765
76561197961284769
76561197961284770
76561197961284783
76561197961284785
76561197961284789
76561197961284792
76561197961284800
76561197961284804
76561197961284805
76561197961284807
76561197961284812
76561197961284815
76561197961284817
76561197961284818
76561197961284819
76561197961284820
76561197961284821
76561197961284826
76561197961284828
76561197961284831
76561197961284834
76561197961284838
76561197961284839
76561197961284842
76561197961284845
76561197961284848
76561197961284851
76561197961284853
76561197961284854
76561197961284859
76561197961284860
76561197961284862
76561197961284863
76561197961284865
76561197961284867
76561197961284868
76561197961284869
76561197961284870
76561197961284875
76561197961284879
76561197961284881
76561197961284885
76561197961284886
76561197961284887
76561197961284889
76561197961284890
76561197961284893
76561197961284895
76561197961284896
76561197961284902
76561197961284903
76561197961284907
76561197961284908
76561197961284910
76561197961284912
76561197961284915
76561197961284916
76561197961284918
76561197961284920
76561197961284924
76561197961284927
76561197961284929
76561197961284930
76561197961284931
76561197961284932
76561197961284933
76561197961284935
76561197961284937
76561197961284940
76561197961284943
76561197961284949
76561197961284954
76561197961284956
76561197961284958
76561197961284961
76561197961284965
76561197961284967
76561197961284969
76561197961284973
76561197961284974
76561197961284976
76561197961284979
76561197961284980
76561197961284985
76561197961284986
76561197961284990
76561197961284992
76561197961284994
76561197961284998
76561197961285002
76561197961285003
76561197961285004
76561197961285007
76561197961285009
76561197961285014
76561197961285015
76561197961285021
76561197961285026
76561197961285027
76561197961285028
76561197961285030
76561197961285031
76561197961285039
76561197961285044
76561197961285047
76561197961285048
76561197961285049
76561197961285052
76561197961285056
76561197961285057
76561197961285058
76561197961285060
76561197961285062
76561197961285063
76561197961285064
76561197961285068
76561197961285069
76561197961285071
76561197961285072
76561197961285074
76561197961285075
76561197961285076
76561197961285078
76561197961285080
76561197961285081
76561197961285082
76561197961285084
76561197961285085
76561197961285087
76561197961285090
76561197961285092
76561197961285094
76561197961285096
76561197961285097
76561197961285099
76561197961285101
76561197961285102
76561197961285103
76561197961285104
76561197961285105
76561197961285109
76561197961285111
76561197961285112
76561197961285113
76561197961285117
76561197961285118
76561197961285122
76561197961285124
76561197961285125
76561197961285128
76561197961285129
76561197961285130
76561197961285133
76561197961285138
76561197961285139
76561197961285140
76561197961285141
76561197961285143
76561197961285144
76561197961285148
76561197961285150
76561197961285151
76561197961285152
76561197961285154
76561197961285159
76561197961285160
76561197961285165
76561197961285166
76561197961285170
76561197961285171
76561197961285172
76561197961285177
76561197961285178
76561197961285179
76561197961285180
76561197961285183
76561197961285184
76561197961285186
76561197961285187
76561197961285193
76561197961285195
76561197961285197
76561197961285198
76561197961285199
76561197961285200
76561197961285204
76561197961285205
76561197961285206
76561197961285209
76561197961285210
76561197961285212
76561197961285213
76561197961285216
76561197961285217
76561197961285218
76561197961285219
76561197961285220
76561197961285223
76561197961285224
76561197961285226
76561197961285227
76561197961285228
76561197961285233
76561197961285235
76561197961285238
76561197961285242
76561197961285244
76561197961285246
76561197961285248
76561197961285249
76561197961285250
76561197961285253
76561197961285254
76561197961285257
76561197961285260
76561197961285262
76561197961285263
76561197961285268
76561197961285272
76561197961285276
76561197961285277
76561197961285282
76561197961285283
76561197961285284
76561197961285285
76561197961285287
76561197961285288
76561197961285295
76561197961285298
76561197961285299
76561197961285301
76561197961285303
76561197961285305
76561197961285306
76561197961285309
76561197961285310
76561197961285313
76561197961285316
76561197961285317
76561197961285318
76561197961285321
76561197961285322
76561197961285323
76561197961285326
76561197961285327
76561197961285328
76561197961285329
76561197961285330
76561197961285332
76561197961285334
76561197961285335
76561197961285336
76561197961285337
76561197961285339
76561197961285345
76561197961285346
76561197961285347
76561197961285350
76561197961285351
76561197961285352
76561197961285358
76561197961285361
76561197961285362
76561197961285365
76561197961285366
76561197961285369
76561197961285370
76561197961285373
76561197961285376
76561197961285377
76561197961285384
76561197961285386
76561197961285387
76561197961285388
76561197961285389
76561197961285390
76561197961285392
76561197961285393
76561197961285395
76561197961285396
76561197961285401
76561197961285403
76561197961285406
76561197961285408
76561197961285409
76561197961285410
76561197961285412
76561197961285413
76561197961285419
76561197961285420
76561197961285421
76561197961285422
76561197961285426
76561197961285427
76561197961285429
76561197961285432
76561197961285435
76561197961285440
76561197961285443
76561197961285444
76561197961285445
76561197961285446
76561197961285448
76561197961285456
76561197961285463
76561197961285464
76561197961285467
76561197961285469
76561197961285475
76561197961285476
76561197961285482
76561197961285483
76561197961285484
76561197961285485
76561197961285489
76561197961285493
76561197961285494
76561197961285497
76561197961285498
76561197961285503
76561197961285504
76561197961285505
76561197961285506
76561197961285507
76561197961285509
76561197961285514
76561197961285515
76561197961285516
76561197961285518
76561197961285521
76561197961285523
76561197961285524
76561197961285525
76561197961285526
76561197961285527
76561197961285528
76561197961285529
76561197961285530
76561197961285534
76561197961285535
76561197961285536
76561197961285538
76561197961285540
76561197961285542
76561197961285543
76561197961285546
76561197961285548
76561197961285551
76561197961285553
76561197961285556
76561197961285562
76561197961285564
76561197961285566
76561197961285568
76561197961285569
76561197961285572
76561197961285576
76561197961285580
76561197961285581
76561197961285584
76561197961285586
76561197961285588
76561197961285589
76561197961285591
76561197961285593
76561197961285594
76561197961285596
76561197961285597
76561197961285598
76561197961285600
76561197961285606
76561197961285608
76561197961285610
76561197961285612
76561197961285613
76561197961285615
76561197961285620
76561197961285621
76561197961285623
76561197961285624
76561197961285627
76561197961285628
76561197961285630
76561197961285631
76561197961285632
76561197961285633
76561197961285637
76561197961285639
76561197961285641
76561197961285642
76561197961285643
76561197961285645
76561197961285647
76561197961285648
76561197961285651
76561197961285655
76561197961285657
76561197961285658
76561197961285661
76561197961285665
76561197961285667
76561197961285672
76561197961285673
76561197961285675
76561197961285679
76561197961285680
76561197961285681
76561197961285688
76561197961285690
76561197961285691
76561197961285692
76561197961285694
76561197961285695
76561197961285698
76561197961285700
76561197961285701
76561197961285702
76561197961285703
76561197961285710
76561197961285717
76561197961285718
76561197961285719
76561197961285722
76561197961285724
76561197961285725
76561197961285727
76561197961285729
76561197961285733
76561197961285736
76561197961285740
76561197961285741
76561197961285743
76561197961285744
76561197961285751
76561197961285752
76561197961285753
76561197961285755
76561197961285757
76561197961285758
76561197961285761
76561197961285762
76561197961285765
76561197961285767
76561197961285768
76561197961285769
76561197961285770
76561197961285774
76561197961285775
76561197961285778
76561197961285780
76561197961285781
76561197961285783
76561197961285785
76561197961285786
76561197961285787
76561197961285788
76561197961285792
76561197961285793
76561197961285796
76561197961285798
76561197961285800
76561197961285801
76561197961285802
76561197961285804
76561197961285812
76561197961285813
76561197961285815
76561197961285819
76561197961285820
76561197961285822
76561197961285825
76561197961285826
76561197961285827
76561197961285830
76561197961285833
76561197961285834
76561197961285836
76561197961285837
76561197961285839
76561197961285840
76561197961285846
76561197961285850
76561197961285852
76561197961285853
76561197961285855
76561197961285856
76561197961285857
76561197961285858
76561197961285863
76561197961285867
76561197961285868
76561197961285870
76561197961285871
76561197961285872
76561197961285873
76561197961285874
76561197961285876
76561197961285877
76561197961285880
76561197961285881
76561197961285885
76561197961285886
76561197961285887
76561197961285889
76561197961285892
76561197961285895
76561197961285896
76561197961285897
76561197961285898
76561197961285903
76561197961285904
76561197961285907
76561197961285913
76561197961285915
76561197961285916
76561197961285918
76561197961285919
76561197961285921
76561197961285923
76561197961285928
76561197961285929
76561197961285934
76561197961285940
76561197961285941
76561197961285945
76561197961285946
76561197961285947
76561197961285950
76561197961285951
76561197961285952
76561197961285959
76561197961285961
76561197961285964
76561197961285966
76561197961285970
76561197961285971
76561197961285974
76561197961285976
76561197961285977
76561197961285981
76561197961285982
76561197961285983
76561197961285985
76561197961285987
76561197961285989
76561197961285990
76561197961285992
76561197961285995
76561197961285996
76561197961285998
76561197961286001
76561197961286004
76561197961286005
76561197961286008
76561197961286011
76561197961286013
76561197961286014
76561197961286024
76561197961286026
76561197961286028
76561197961286030
76561197961286031
76561197961286032
76561197961286033
76561197961286034
76561197961286036
76561197961286038
76561197961286039
76561197961286046
76561197961286048
76561197961286052
76561197961286053
76561197961286055
76561197961286057
76561197961286060
76561197961286064
76561197961286065
76561197961286067
76561197961286068
76561197961286069
76561197961286071
76561197961286072
76561197961286073
76561197961286074
76561197961286077
76561197961286078
76561197961286080
76561197961286081
76561197961286082
76561197961286083
76561197961286084
76561197961286088
76561197961286089
76561197961286090
76561197961286092
76561197961286095
76561197961286096
76561197961286097
76561197961286100
76561197961286101
76561197961286104
76561197961286105
76561197961286106
76561197961286108
76561197961286111
76561197961286112
76561197961286113
76561197961286114
76561197961286115
76561197961286117
76561197961286119
76561197961286120
76561197961286122
76561197961286123
76561197961286129
76561197961286130
76561197961286131
76561197961286132
76561197961286133
76561197961286136
76561197961286139
76561197961286140
76561197961286143
76561197961286144
76561197961286145
76561197961286148
76561197961286151
76561197961286153
76561197961286157
76561197961286159
76561197961286160
76561197961286162
76561197961286164
76561197961286167
76561197961286168
76561197961286174
76561197961286180
76561197961286181
76561197961286190
76561197961286194
76561197961286195
76561197961286197
76561197961286198
76561197961286199
76561197961286200
76561197961286203
76561197961286206
76561197961286208
76561197961286209
76561197961286210
76561197961286213
76561197961286215
76561197961286223
