76561197961296345
76561197961296348
76561197961296350
76561197961296351
76561197961296353
76561197961296354
76561197961296359
76561197961296362
76561197961296363
76561197961296364
76561197961296365
76561197961296367
76561197961296369
76561197961296373
76561197961296374
76561197961296378
76561197961296379
76561197961296380
76561197961296383
76561197961296384
76561197961296385
76561197961296386
76561197961296387
76561197961296388
76561197961296390
76561197961296391
76561197961296392
76561197961296394
76561197961296396
76561197961296397
76561197961296402
76561197961296405
76561197961296406
76561197961296410
76561197961296411
76561197961296412
76561197961296414
76561197961296416
76561197961296417
76561197961296418
76561197961296419
76561197961296421
76561197961296425
76561197961296429
76561197961296431
76561197961296432
76561197961296435
76561197961296437
76561197961296440
76561197961296441
76561197961296442
76561197961296443
76561197961296444
76561197961296449
76561197961296455
76561197961296457
76561197961296458
76561197961296459
76561197961296460
76561197961296461
76561197961296462
76561197961296463
76561197961296467
76561197961296468
76561197961296469
76561197961296470
76561197961296471
76561197961296475
76561197961296477
76561197961296478
76561197961296479
76561197961296480
76561197961296481
76561197961296486
76561197961296487
76561197961296488
76561197961296492
76561197961296493
76561197961296494
76561197961296495
76561197961296498
76561197961296499
76561197961296501
76561197961296502
76561197961296505
76561197961296506
76561197961296507
76561197961296510
76561197961296511
76561197961296514
76561197961296515
76561197961296516
76561197961296517
76561197961296518
76561197961296519
76561197961296520
76561197961296522
76561197961296524
76561197961296525
76561197961296526
76561197961296527
76561197961296528
76561197961296529
76561197961296530
76561197961296531
76561197961296532
76561197961296533
76561197961296534
76561197961296536
76561197961296537
76561197961296541
76561197961296542
76561197961296543
76561197961296545
76561197961296546
76561197961296547
76561197961296551
76561197961296552
76561197961296554
76561197961296556
76561197961296559
76561197961296563
76561197961296564
76561197961296565
76561197961296566
76561197961296568
76561197961296571
76561197961296572
76561197961296574
76561197961296576
76561197961296579
76561197961296580
76561197961296582
76561197961296585
76561197961296587
76561197961296589
76561197961296591
76561197961296593
76561197961296595
76561197961296596
76561197961296597
76561197961296598
76561197961296599
76561197961296600
76561197961296602
76561197961296605
76561197961296606
76561197961296607
76561197961296608
76561197961296609
76561197961296612
76561197961296613
76561197961296615
76561197961296618
76561197961296619
76561197961296621
76561197961296624
76561197961296631
76561197961296634
76561197961296636
76561197961296638
76561197961296641
76561197961296642
76561197961296647
76561197961296649
76561197961296650
76561197961296651
76561197961296653
76561197961296655
76561197961296656
76561197961296659
76561197961296666
76561197961296667
76561197961296668
76561197961296669
76561197961296671
76561197961296672
76561197961296673
76561197961296674
76561197961296675
76561197961296676
76561197961296678
76561197961296679
76561197961296683
76561197961296684
76561197961296685
76561197961296686
76561197961296688
76561197961296689
76561197961296690
76561197961296692
76561197961296695
76561197961296696
76561197961296697
76561197961296698
76561197961296699
76561197961296700
76561197961296704
76561197961296708
76561197961296709
76561197961296712
76561197961296719
76561197961296720
76561197961296721
76561197961296722
76561197961296724
76561197961296725
76561197961296726
76561197961296728
76561197961296730
76561197961296731
76561197961296732
76561197961296733
76561197961296734
76561197961296736
76561197961296737
76561197961296738
76561197961296742
76561197961296745
76561197961296747
76561197961296748
76561197961296751
76561197961296752
76561197961296756
76561197961296757
76561197961296767
76561197961296768
76561197961296770
76561197961296771
76561197961296772
76561197961296773
76561197961296775
76561197961296778
76561197961296780
76561197961296782
76561197961296783
76561197961296784
76561197961296786
76561197961296787
76561197961296788
76561197961296789
76561197961296790
76561197961296791
76561197961296799
76561197961296800
76561197961296801
76561197961296803
76561197961296804
76561197961296805
76561197961296806
76561197961296809
76561197961296810
76561197961296812
76561197961296814
76561197961296816
76561197961296817
76561197961296818
76561197961296820
76561197961296826
76561197961296827
76561197961296829
76561197961296830
76561197961296831
76561197961296833
76561197961296835
76561197961296837
76561197961296838
76561197961296842
76561197961296844
76561197961296845
76561197961296847
76561197961296850
76561197961296851
76561197961296852
76561197961296855
76561197961296856
76561197961296857
76561197961296859
76561197961296860
76561197961296863
76561197961296864
76561197961296867
76561197961296868
76561197961296870
76561197961296876
76561197961296877
76561197961296878
76561197961296881
76561197961296882
76561197961296883
76561197961296886
76561197961296887
76561197961296890
76561197961296892
76561197961296894
76561197961296896
76561197961296897
76561197961296901
76561197961296902
76561197961296904
76561197961296908
76561197961296911
76561197961296912
76561197961296915
76561197961296920
76561197961296922
76561197961296925
76561197961296926
76561197961296933
76561197961296934
76561197961296935
76561197961296940
76561197961296941
76561197961296944
76561197961296945
76561197961296947
76561197961296948
76561197961296949
76561197961296950
76561197961296951
76561197961296952
76561197961296953
76561197961296954
76561197961296956
76561197961296957
76561197961296958
76561197961296959
76561197961296960
76561197961296961
76561197961296963
76561197961296964
76561197961296967
76561197961296968
76561197961296969
76561197961296971
76561197961296972
76561197961296975
76561197961296977
76561197961296980
76561197961296981
76561197961296982
76561197961296983
76561197961296984
76561197961296985
76561197961296986
76561197961296987
76561197961296988
76561197961296989
76561197961296990
76561197961296993
76561197961296994
76561197961296995
76561197961296996
76561197961296997
76561197961296998
76561197961296999
76561197961297003
76561197961297004
76561197961297005
76561197961297006
76561197961297007
76561197961297011
76561197961297012
76561197961297014
76561197961297015
76561197961297016
76561197961297018
76561197961297019
76561197961297020
76561197961297021
76561197961297022
76561197961297025
76561197961297029
76561197961297034
76561197961297036
76561197961297037
76561197961297041
76561197961297043
76561197961297049
76561197961297051
76561197961297053
76561197961297054
76561197961297056
76561197961297057
76561197961297060
76561197961297062
76561197961297063
76561197961297064
76561197961297065
76561197961297067
76561197961297069
76561197961297071
76561197961297078
76561197961297081
76561197961297086
76561197961297087
76561197961297088
76561197961297090
76561197961297093
76561197961297094
76561197961297095
76561197961297098
76561197961297100
76561197961297101
76561197961297102
76561197961297107
76561197961297108
76561197961297112
76561197961297113
76561197961297114
76561197961297116
76561197961297117
76561197961297118
76561197961297123
76561197961297127
76561197961297128
76561197961297132
76561197961297135
76561197961297137
76561197961297139
76561197961297142
76561197961297143
76561197961297145
76561197961297146
76561197961297147
76561197961297148
76561197961297149
76561197961297152
76561197961297155
76561197961297156
76561197961297157
76561197961297159
76561197961297161
76561197961297162
76561197961297163
76561197961297164
76561197961297166
76561197961297167
76561197961297168
76561197961297169
76561197961297172
76561197961297177
76561197961297180
76561197961297181
76561197961297183
76561197961297184
76561197961297185
76561197961297190
76561197961297193
76561197961297195
76561197961297199
76561197961297200
76561197961297201
76561197961297206
76561197961297210
76561197961297213
76561197961297215
76561197961297216
76561197961297217
76561197961297218
76561197961297221
76561197961297222
76561197961297223
76561197961297225
76561197961297226
76561197961297228
76561197961297229
76561197961297230
76561197961297232
76561197961297233
76561197961297234
76561197961297236
76561197961297238
76561197961297239
76561197961297240
76561197961297241
76561197961297242
76561197961297243
76561197961297245
76561197961297247
76561197961297250
76561197961297252
76561197961297256
76561197961297259
76561197961297260
76561197961297261
76561197961297264
76561197961297268
76561197961297270
76561197961297271
76561197961297273
76561197961297274
76561197961297275
76561197961297276
76561197961297277
76561197961297278
76561197961297279
76561197961297282
76561197961297285
76561197961297287
76561197961297290
76561197961297291
76561197961297292
76561197961297293
76561197961297296
76561197961297298
76561197961297299
76561197961297302
76561197961297303
76561197961297304
76561197961297305
76561197961297306
76561197961297307
76561197961297308
76561197961297309
76561197961297311
76561197961297312
76561197961297313
76561197961297314
76561197961297316
76561197961297317
76561197961297319
76561197961297321
76561197961297327
76561197961297329
76561197961297330
76561197961297334
76561197961297335
76561197961297337
76561197961297338
76561197961297340
76561197961297342
76561197961297345
76561197961297347
76561197961297348
76561197961297349
76561197961297352
76561197961297359
76561197961297360
76561197961297361
76561197961297362
76561197961297363
76561197961297365
76561197961297368
76561197961297372
76561197961297376
76561197961297377
76561197961297380
76561197961297381
76561197961297383
76561197961297387
76561197961297388
76561197961297390
76561197961297392
76561197961297394
76561197961297395
76561197961297400
76561197961297402
76561197961297403
76561197961297404
76561197961297405
76561197961297407
76561197961297408
76561197961297409
76561197961297411
76561197961297412
76561197961297414
76561197961297416
76561197961297417
76561197961297418
76561197961297419
76561197961297421
76561197961297423
76561197961297424
76561197961297427
76561197961297431
76561197961297432
76561197961297433
76561197961297434
76561197961297436
76561197961297437
76561197961297438
76561197961297439
76561197961297440
76561197961297445
76561197961297446
76561197961297447
76561197961297448
76561197961297449
76561197961297450
76561197961297451
76561197961297452
76561197961297453
76561197961297455
76561197961297456
76561197961297458
76561197961297459
76561197961297460
76561197961297462
76561197961297464
76561197961297465
76561197961297467
76561197961297468
76561197961297469
76561197961297471
76561197961297472
76561197961297474
76561197961297475
76561197961297477
76561197961297478
76561197961297480
76561197961297483
76561197961297485
76561197961297486
76561197961297487
76561197961297489
76561197961297492
76561197961297494
76561197961297496
76561197961297498
76561197961297500
76561197961297501
76561197961297502
76561197961297508
76561197961297509
76561197961297510
76561197961297512
76561197961297513
76561197961297514
76561197961297515
76561197961297516
76561197961297518
76561197961297521
76561197961297522
76561197961297524
76561197961297527
76561197961297528
76561197961297529
76561197961297530
76561197961297532
76561197961297533
76561197961297534
76561197961297535
76561197961297536
76561197961297537
76561197961297539
76561197961297541
76561197961297543
76561197961297544
76561197961297545
76561197961297546
76561197961297548
76561197961297550
76561197961297553
76561197961297555
76561197961297558
76561197961297560
76561197961297561
76561197961297562
76561197961297563
76561197961297564
76561197961297565
76561197961297566
76561197961297571
76561197961297573
76561197961297576
76561197961297577
76561197961297578
76561197961297579
76561197961297580
76561197961297582
76561197961297583
76561197961297585
76561197961297586
76561197961297587
76561197961297590
76561197961297591
76561197961297592
76561197961297593
76561197961297594
76561197961297595
76561197961297597
76561197961297602
76561197961297604
76561197961297605
76561197961297606
76561197961297607
76561197961297609
76561197961297611
76561197961297612
76561197961297614
76561197961297616
76561197961297617
76561197961297618
76561197961297621
76561197961297622
76561197961297624
76561197961297625
76561197961297626
76561197961297627
76561197961297630
76561197961297632
76561197961297633
76561197961297635
76561197961297636
76561197961297637
76561197961297640
76561197961297641
76561197961297642
76561197961297643
76561197961297644
76561197961297648
76561197961297651
76561197961297654
76561197961297655
76561197961297656
76561197961297659
76561197961297661
76561197961297666
76561197961297668
76561197961297671
76561197961297672
76561197961297673
76561197961297676
76561197961297677
76561197961297679
76561197961297682
76561197961297683
76561197961297688
76561197961297691
76561197961297692
76561197961297693
76561197961297694
76561197961297697
76561197961297698
76561197961297700
76561197961297702
76561197961297703
76561197961297705
76561197961297706
76561197961297708
76561197961297710
76561197961297711
76561197961297712
76561197961297713
76561197961297714
76561197961297718
76561197961297719
76561197961297720
76561197961297721
76561197961297722
76561197961297723
76561197961297726
76561197961297729
76561197961297730
76561197961297732
76561197961297734
76561197961297737
76561197961297742
76561197961297743
76561197961297744
76561197961297745
76561197961297748
76561197961297750
76561197961297752
76561197961297754
76561197961297760
76561197961297763
76561197961297765
76561197961297766
76561197961297767
76561197961297768
76561197961297769
76561197961297771
76561197961297772
76561197961297773
76561197961297774
76561197961297775
76561197961297780
76561197961297781
76561197961297782
76561197961297784
76561197961297785
76561197961297786
76561197961297787
76561197961297788
76561197961297789
76561197961297790
76561197961297791
76561197961297794
76561197961297795
76561197961297798
76561197961297799
76561197961297800
76561197961297801
76561197961297807
76561197961297809
76561197961297810
76561197961297811
76561197961297813
76561197961297815
76561197961297816
76561197961297817
76561197961297818
76561197961297819
76561197961297821
76561197961297822
76561197961297823
76561197961297824
76561197961297831
76561197961297833
76561197961297834
76561197961297838
76561197961297840
76561197961297842
76561197961297843
76561197961297844
76561197961297845
76561197961297846
76561197961297849
76561197961297850
76561197961297853
76561197961297854
76561197961297856
76561197961297860
76561197961297861
76561197961297862
76561197961297865
76561197961297866
76561197961297867
76561197961297868
76561197961297878
76561197961297879
76561197961297881
76561197961297882
76561197961297883
76561197961297887
76561197961297888
76561197961297890
76561197961297891
76561197961297892
76561197961297893
76561197961297894
76561197961297895
76561197961297896
76561197961297897
76561197961297898
76561197961297899
76561197961297900
76561197961297902
76561197961297904
76561197961297906
76561197961297907
76561197961297908
76561197961297909
76561197961297910
76561197961297911
76561197961297912
76561197961297914
76561197961297915
76561197961297916
76561197961297917
76561197961297918
76561197961297920
76561197961297921
76561197961297923
76561197961297924
76561197961297931
76561197961297932
76561197961297933
76561197961297935
76561197961297936
76561197961297937
76561197961297939
76561197961297940
76561197961297941
76561197961297944
76561197961297946
76561197961297947
76561197961297948
76561197961297952
76561197961297953
76561197961297956
76561197961297957
76561197961297958
76561197961297959
76561197961297961
76561197961297963
76561197961297964
76561197961297965
76561197961297966
76561197961297967
76561197961297969
76561197961297970
76561197961297972
76561197961297975
76561197961297977
76561197961297978
76561197961297979
76561197961297981
76561197961297982
76561197961297983
76561197961297986
76561197961297987
76561197961297989
76561197961297990
76561197961297991
76561197961297992
76561197961297993
76561197961298002
76561197961298003
76561197961298004
76561197961298009
76561197961298011
76561197961298013
76561197961298016
76561197961298018
76561197961298019
76561197961298021
76561197961298023
76561197961298024
76561197961298025
76561197961298026
76561197961298027
76561197961298028
76561197961298031
76561197961298032
76561197961298039
76561197961298040
76561197961298041
76561197961298042
76561197961298043
76561197961298044
76561197961298046
76561197961298047
76561197961298048
76561197961298049
76561197961298052
76561197961298053
76561197961298054
76561197961298055
76561197961298056
76561197961298059
76561197961298063
76561197961298064
76561197961298065
76561197961298067
76561197961298068
76561197961298070
76561197961298073
76561197961298074
76561197961298076
76561197961298079
76561197961298081
76561197961298082
76561197961298083
76561197961298084
76561197961298085
76561197961298086
76561197961298087
76561197961298091
76561197961298092
76561197961298093
76561197961298094
76561197961298098
76561197961298101
76561197961298104
76561197961298106
76561197961298110
76561197961298111
76561197961298113
76561197961298114
76561197961298119
76561197961298120
76561197961298121
76561197961298122
76561197961298123
76561197961298126
76561197961298128
76561197961298131
76561197961298138
76561197961298139
76561197961298140
76561197961298142
76561197961298144
76561197961298147
76561197961298148
76561197961298149
76561197961298150
76561197961298152
76561197961298153
76561197961298154
76561197961298157
76561197961298158
76561197961298160
76561197961298161
76561197961298162
76561197961298164
76561197961298165
76561197961298166
