76561197961732308
76561197961732314
76561197961732316
76561197961732318
76561197961732324
76561197961732330
76561197961732332
76561197961732336
76561197961732338
76561197961732340
76561197961732346
76561197961732350
76561197961732352
76561197961732354
76561197961732358
76561197961732360
76561197961732366
76561197961732368
76561197961732374
76561197961732376
76561197961732378
76561197961732380
76561197961732382
76561197961732386
76561197961732388
76561197961732390
76561197961732392
76561197961732394
76561197961732400
76561197961732408
76561197961732420
76561197961732424
76561197961732426
76561197961732436
76561197961732438
76561197961732440
76561197961732444
76561197961732448
76561197961732450
76561197961732460
76561197961732462
76561197961732464
76561197961732472
76561197961732474
76561197961732476
76561197961732478
76561197961732484
76561197961732486
76561197961732488
76561197961732496
76561197961732498
76561197961732500
76561197961732516
76561197961732518
76561197961732524
76561197961732526
76561197961732530
76561197961732536
76561197961732540
76561197961732542
76561197961732546
76561197961732548
76561197961732550
76561197961732554
76561197961732558
76561197961732560
76561197961732564
76561197961732566
76561197961732568
76561197961732574
76561197961732580
76561197961732592
76561197961732594
76561197961732608
76561197961732612
76561197961732614
76561197961732616
76561197961732622
76561197961732626
76561197961732638
76561197961732642
76561197961732646
76561197961732650
76561197961732652
76561197961732654
76561197961732656
76561197961732664
76561197961732668
76561197961732672
76561197961732674
76561197961732676
76561197961732680
76561197961732684
76561197961732702
76561197961732708
76561197961732710
76561197961732714
76561197961732716
76561197961732722
76561197961732724
76561197961732726
76561197961732728
76561197961732730
76561197961732734
76561197961732740
76561197961732742
76561197961732746
76561197961732748
76561197961732750
76561197961732772
76561197961732778
76561197961732780
76561197961732782
76561197961732784
76561197961732790
76561197961732796
76561197961732802
76561197961732806
76561197961732814
76561197961732824
76561197961732826
76561197961732828
76561197961732836
76561197961732838
76561197961732846
76561197961732848
76561197961732852
76561197961732856
76561197961732858
76561197961732862
76561197961732864
76561197961732868
76561197961732870
76561197961732872
76561197961732876
76561197961732878
76561197961732882
76561197961732886
76561197961732890
76561197961732892
76561197961732894
76561197961732896
76561197961732898
76561197961732902
76561197961732904
76561197961732908
76561197961732910
76561197961732912
76561197961732920
76561197961732922
76561197961732926
76561197961732927
76561197961732930
76561197961732932
76561197961732934
76561197961732935
76561197961732940
76561197961732942
76561197961732943
76561197961732944
76561197961732946
76561197961732947
76561197961732948
76561197961732949
76561197961732953
76561197961732956
76561197961732957
76561197961732958
76561197961732959
76561197961732961
76561197961732964
76561197961732965
76561197961732967
76561197961732969
76561197961732970
76561197961732972
76561197961732974
76561197961732976
76561197961732977
76561197961732978
76561197961732979
76561197961732985
76561197961732989
76561197961732991
76561197961732994
76561197961732995
76561197961732998
76561197961733003
76561197961733004
76561197961733005
76561197961733007
76561197961733010
76561197961733011
76561197961733014
76561197961733016
76561197961733017
76561197961733018
76561197961733020
76561197961733021
76561197961733022
76561197961733024
76561197961733025
76561197961733028
76561197961733030
76561197961733031
76561197961733032
76561197961733034
76561197961733037
76561197961733038
76561197961733041
76561197961733042
76561197961733045
76561197961733047
76561197961733049
76561197961733051
76561197961733053
76561197961733054
76561197961733057
76561197961733058
76561197961733060
76561197961733061
76561197961733063
76561197961733065
76561197961733066
76561197961733067
76561197961733068
76561197961733069
76561197961733072
76561197961733073
76561197961733075
76561197961733080
76561197961733082
76561197961733083
76561197961733084
76561197961733086
76561197961733090
76561197961733093
76561197961733094
76561197961733098
76561197961733100
76561197961733101
76561197961733102
76561197961733104
76561197961733107
76561197961733108
76561197961733110
76561197961733112
76561197961733115
76561197961733117
76561197961733118
76561197961733119
76561197961733120
76561197961733122
76561197961733123
76561197961733125
76561197961733126
76561197961733131
76561197961733132
76561197961733133
76561197961733135
76561197961733138
76561197961733139
76561197961733140
76561197961733144
76561197961733146
76561197961733147
76561197961733148
76561197961733149
76561197961733154
76561197961733155
76561197961733156
76561197961733163
76561197961733164
76561197961733170
76561197961733171
76561197961733173
76561197961733174
76561197961733175
76561197961733180
76561197961733183
76561197961733188
76561197961733192
76561197961733193
76561197961733195
76561197961733198
76561197961733201
76561197961733202
76561197961733204
76561197961733205
76561197961733206
76561197961733207
76561197961733208
76561197961733211
76561197961733212
76561197961733213
76561197961733214
76561197961733216
76561197961733220
76561197961733221
76561197961733223
76561197961733224
76561197961733225
76561197961733226
76561197961733229
76561197961733230
76561197961733231
76561197961733233
76561197961733234
76561197961733236
76561197961733237
76561197961733238
76561197961733239
76561197961733241
76561197961733242
76561197961733243
76561197961733244
76561197961733245
76561197961733246
76561197961733251
76561197961733253
76561197961733254
76561197961733255
76561197961733258
76561197961733260
76561197961733265
76561197961733269
76561197961733270
76561197961733271
76561197961733274
76561197961733275
76561197961733276
76561197961733277
76561197961733279
76561197961733283
76561197961733284
76561197961733289
76561197961733291
76561197961733292
76561197961733294
76561197961733295
76561197961733297
76561197961733302
76561197961733304
76561197961733306
76561197961733307
76561197961733308
76561197961733309
76561197961733310
76561197961733313
76561197961733314
76561197961733320
76561197961733323
76561197961733324
76561197961733326
76561197961733327
76561197961733329
76561197961733333
76561197961733334
76561197961733342
76561197961733345
76561197961733346
76561197961733347
76561197961733348
76561197961733349
76561197961733350
76561197961733351
76561197961733354
76561197961733356
76561197961733359
76561197961733360
76561197961733361
76561197961733362
76561197961733363
76561197961733365
76561197961733369
76561197961733372
76561197961733373
76561197961733376
76561197961733378
76561197961733381
76561197961733382
76561197961733383
76561197961733386
76561197961733387
76561197961733390
76561197961733392
76561197961733393
76561197961733394
76561197961733395
76561197961733396
76561197961733397
76561197961733399
76561197961733400
76561197961733405
76561197961733408
76561197961733410
76561197961733411
76561197961733412
76561197961733414
76561197961733415
76561197961733416
76561197961733417
76561197961733418
76561197961733420
76561197961733424
76561197961733428
76561197961733432
76561197961733438
76561197961733440
76561197961733442
76561197961733444
76561197961733448
76561197961733450
76561197961733458
76561197961733462
76561197961733464
76561197961733466
76561197961733470
76561197961733476
76561197961733478
76561197961733480
76561197961733482
76561197961733486
76561197961733488
76561197961733490
76561197961733492
76561197961733494
76561197961733504
76561197961733506
76561197961733508
76561197961733522
76561197961733526
76561197961733530
76561197961733542
76561197961733548
76561197961733554
76561197961733556
76561197961733558
76561197961733560
76561197961733564
76561197961733566
76561197961733568
76561197961733574
76561197961733576
76561197961733578
76561197961733580
76561197961733584
76561197961733586
76561197961733588
76561197961733598
76561197961733602
76561197961733604
76561197961733606
76561197961733608
76561197961733610
76561197961733614
76561197961733618
76561197961733620
76561197961733624
76561197961733626
76561197961733630
76561197961733632
76561197961733636
76561197961733638
76561197961733642
76561197961733646
76561197961733648
76561197961733662
76561197961733666
76561197961733674
76561197961733676
76561197961733680
76561197961733684
76561197961733686
76561197961733688
76561197961733692
76561197961733696
76561197961733698
76561197961733702
76561197961733704
76561197961733708
76561197961733712
76561197961733714
76561197961733726
76561197961733732
76561197961733738
76561197961733740
76561197961733748
76561197961733750
76561197961733752
76561197961733754
76561197961733758
76561197961733762
76561197961733764
76561197961733766
76561197961733770
76561197961733776
76561197961733784
76561197961733786
76561197961733788
76561197961733790
76561197961733792
76561197961733794
76561197961733800
76561197961733804
76561197961733806
76561197961733816
76561197961733818
76561197961733820
76561197961733826
76561197961733830
76561197961733832
76561197961733838
76561197961733840
76561197961733842
76561197961733848
76561197961733856
76561197961733858
76561197961733864
76561197961733880
76561197961733886
76561197961733892
76561197961733904
76561197961733908
76561197961733912
76561197961733914
76561197961733916
76561197961733918
76561197961733920
76561197961733926
76561197961733930
76561197961733946
76561197961733956
76561197961733960
76561197961733962
76561197961733964
76561197961733966
76561197961733968
76561197961733970
76561197961733980
76561197961733984
76561197961733986
76561197961733992
76561197961733998
76561197961734002
76561197961734004
76561197961734012
76561197961734014
76561197961734018
76561197961734020
76561197961734022
76561197961734026
76561197961734030
76561197961734032
76561197961734034
76561197961734036
76561197961734040
76561197961734044
76561197961734056
76561197961734060
76561197961734064
76561197961734066
76561197961734068
76561197961734072
76561197961734076
76561197961734082
76561197961734084
76561197961734088
76561197961734090
76561197961734092
76561197961734096
76561197961734098
76561197961734106
76561197961734114
76561197961734118
76561197961734120
76561197961734124
76561197961734126
76561197961734132
76561197961734134
76561197961734136
76561197961734138
76561197961734140
76561197961734142
76561197961734146
76561197961734150
76561197961734152
76561197961734156
76561197961734164
76561197961734166
76561197961734168
76561197961734176
76561197961734182
76561197961734194
76561197961734200
76561197961734202
76561197961734204
76561197961734206
76561197961734208
76561197961734214
76561197961734222
76561197961734228
76561197961734230
76561197961734234
76561197961734242
76561197961734244
76561197961734248
76561197961734250
76561197961734254
76561197961734256
76561197961734258
76561197961734262
76561197961734266
76561197961734268
76561197961734278
76561197961734280
76561197961734284
76561197961734286
76561197961734288
76561197961734290
76561197961734292
76561197961734296
76561197961734298
76561197961734302
76561197961734306
76561197961734314
76561197961734322
76561197961734324
76561197961734330
76561197961734336
76561197961734342
76561197961734346
76561197961734348
76561197961734364
76561197961734366
76561197961734372
76561197961734374
76561197961734376
76561197961734378
76561197961734382
76561197961734388
76561197961734390
76561197961734392
76561197961734396
76561197961734400
76561197961734404
76561197961734406
76561197961734414
76561197961734416
76561197961734426
76561197961734440
76561197961734446
76561197961734450
76561197961734452
76561197961734460
76561197961734462
76561197961734466
76561197961734468
76561197961734474
76561197961734478
76561197961734480
76561197961734484
76561197961734486
76561197961734490
76561197961734494
76561197961734496
76561197961734504
76561197961734512
76561197961734516
76561197961734518
76561197961734520
76561197961734524
76561197961734526
76561197961734528
76561197961734536
76561197961734538
76561197961734540
76561197961734542
76561197961734544
76561197961734548
76561197961734550
76561197961734552
76561197961734562
76561197961734566
76561197961734570
76561197961734574
76561197961734576
76561197961734578
76561197961734584
76561197961734586
76561197961734590
76561197961734592
76561197961734594
76561197961734596
76561197961734598
76561197961734600
76561197961734604
76561197961734606
76561197961734608
76561197961734610
76561197961734616
76561197961734620
76561197961734624
76561197961734626
76561197961734628
76561197961734630
76561197961734640
76561197961734644
76561197961734646
76561197961734648
76561197961734654
76561197961734658
76561197961734666
76561197961734668
76561197961734670
76561197961734674
76561197961734676
76561197961734678
76561197961734684
76561197961734694
76561197961734696
76561197961734706
76561197961734710
76561197961734714
76561197961734724
76561197961734730
76561197961734740
76561197961734742
76561197961734744
76561197961734746
76561197961734748
76561197961734754
76561197961734756
76561197961734768
76561197961734772
76561197961734818
76561197961734842
76561197961734922
76561197961734968
76561197961734970
76561197961735028
76561197961735248
76561197961735262
76561197961735288
76561197961735306
76561197961735402
76561197961735426
76561197961735530
76561197961735532
76561197961735536
76561197961735542
76561197961735550
76561197961735552
76561197961735554
76561197961735556
76561197961735558
76561197961735560
76561197961735570
76561197961735572
76561197961735574
76561197961735576
76561197961735582
76561197961735586
76561197961735594
76561197961735600
76561197961735602
76561197961735606
76561197961735610
76561197961735612
76561197961735614
76561197961735616
76561197961735620
76561197961735622
76561197961735624
76561197961735626
76561197961735628
76561197961735630
76561197961735632
76561197961735638
76561197961735640
76561197961735642
76561197961735650
76561197961735654
76561197961735656
76561197961735658
76561197961735666
76561197961735668
76561197961735676
76561197961735680
76561197961735686
76561197961735688
76561197961735692
76561197961735700
76561197961735702
76561197961735704
76561197961735718
76561197961735720
76561197961735722
76561197961735724
76561197961735730
76561197961735736
76561197961735738
76561197961735744
76561197961735746
76561197961735752
76561197961735760
76561197961735762
76561197961735764
76561197961735766
76561197961735768
76561197961735776
76561197961735778
76561197961735784
76561197961735794
76561197961735800
76561197961735802
76561197961735808
76561197961735810
76561197961735812
76561197961735816
76561197961735820
76561197961735822
76561197961735826
76561197961735828
76561197961735830
76561197961735834
76561197961735842
76561197961735844
76561197961735848
76561197961735850
76561197961735860
76561197961735862
76561197961735864
76561197961735866
76561197961735870
76561197961735872
76561197961735878
76561197961735892
76561197961735896
76561197961735900
76561197961735904
76561197961735922
76561197961735924
76561197961735934
76561197961735936
76561197961735946
76561197961735950
76561197961735952
76561197961735954
76561197961735958
76561197961735962
76561197961735970
76561197961735976
76561197961735980
76561197961735982
76561197961735988
76561197961735990
76561197961735992
76561197961735998
76561197961736004
76561197961736012
76561197961736014
76561197961736016
76561197961736018
76561197961736022
76561197961736028
76561197961736038
76561197961736042
76561197961736044
76561197961736046
76561197961736048
76561197961736050
76561197961736062
76561197961736066
76561197961736068
76561197961736070
76561197961736074
76561197961736082
76561197961736086
76561197961736088
76561197961736092
76561197961736098
76561197961736100
76561197961736102
76561197961736104
76561197961736106
76561197961736112
76561197961736132
76561197961736136
76561197961736140
76561197961736144
76561197961736146
76561197961736148
76561197961736152
76561197961736154
76561197961736162
76561197961736168
76561197961736172
76561197961736176
76561197961736178
76561197961736184
76561197961736188
76561197961736194
76561197961736198
76561197961736200
76561197961736202
76561197961736208
76561197961736222
76561197961736228
76561197961736230
76561197961736232
76561197961736234
76561197961736242
76561197961736244
76561197961736248
76561197961736256
76561197961736268
76561197961736270
76561197961736272
76561197961736276
76561197961736278
76561197961736282
76561197961736284
76561197961736286
76561197961736298
76561197961736306
76561197961736310
76561197961736312
76561197961736318
76561197961736324
76561197961736338
76561197961736342
76561197961736348
76561197961736356
76561197961736358
76561197961736360
76561197961736366
76561197961736372
76561197961736376
76561197961736380
76561197961736382
76561197961736386
76561197961736388
76561197961736392
76561197961736396
76561197961736398
76561197961736400
76561197961736402
76561197961736406
76561197961736408
76561197961736410
76561197961736412
76561197961736416
76561197961736422
76561197961736424
76561197961736426
76561197961736428
76561197961736430
76561197961736442
76561197961736448
76561197961736450
76561197961736456
76561197961736462
76561197961736464
76561197961736466
76561197961736468
76561197961736472
76561197961736476
76561197961736480
76561197961736490
76561197961736494
76561197961736504
76561197961736506
76561197961736514
76561197961736516
76561197961736518
76561197961736520
76561197961736524
76561197961736526
76561197961736532
76561197961736534
76561197961736538
76561197961736544
76561197961736556
76561197961736560
76561197961736562
76561197961736572
76561197961736576
76561197961736580
76561197961736584
76561197961736586
76561197961736588
76561197961736590
76561197961736592
76561197961736594
76561197961736604
76561197961736606
76561197961736608
76561197961736618
76561197961736634
