76561197960943461
76561197960943462
76561197960943463
76561197960943465
76561197960943467
76561197960943468
76561197960943469
76561197960943470
76561197960943471
76561197960943472
76561197960943474
76561197960943475
76561197960943476
76561197960943477
76561197960943478
76561197960943480
76561197960943482
76561197960943483
76561197960943484
76561197960943486
76561197960943487
76561197960943489
76561197960943491
76561197960943493
76561197960943495
76561197960943496
76561197960943499
76561197960943501
76561197960943502
76561197960943504
76561197960943505
76561197960943507
76561197960943509
76561197960943510
76561197960943511
76561197960943512
76561197960943513
76561197960943514
76561197960943515
76561197960943516
76561197960943517
76561197960943519
76561197960943521
76561197960943524
76561197960943525
76561197960943527
76561197960943529
76561197960943530
76561197960943531
76561197960943533
76561197960943534
76561197960943535
76561197960943537
76561197960943538
76561197960943540
76561197960943541
76561197960943543
76561197960943544
76561197960943545
76561197960943546
76561197960943547
76561197960943548
76561197960943549
76561197960943551
76561197960943552
76561197960943553
76561197960943555
76561197960943556
76561197960943558
76561197960943559
76561197960943560
76561197960943561
76561197960943562
76561197960943563
76561197960943564
76561197960943565
76561197960943567
76561197960943569
76561197960943570
76561197960943571
76561197960943572
76561197960943573
76561197960943575
76561197960943576
76561197960943578
76561197960943579
76561197960943580
76561197960943587
76561197960943588
76561197960943589
76561197960943590
76561197960943591
76561197960943593
76561197960943595
76561197960943596
76561197960943597
76561197960943599
76561197960943600
76561197960943601
76561197960943602
76561197960943603
76561197960943604
76561197960943606
76561197960943607
76561197960943608
76561197960943609
76561197960943611
76561197960943613
76561197960943615
76561197960943617
76561197960943618
76561197960943619
76561197960943622
76561197960943623
76561197960943624
76561197960943626
76561197960943627
76561197960943628
76561197960943629
76561197960943630
76561197960943631
76561197960943633
76561197960943636
76561197960943637
76561197960943638
76561197960943640
76561197960943642
76561197960943643
76561197960943644
76561197960943645
76561197960943646
76561197960943647
76561197960943648
76561197960943649
76561197960943650
76561197960943651
76561197960943652
76561197960943653
76561197960943654
76561197960943657
76561197960943658
76561197960943659
76561197960943660
76561197960943661
76561197960943662
76561197960943664
76561197960943665
76561197960943666
76561197960943667
76561197960943668
76561197960943671
76561197960943672
76561197960943674
76561197960943675
76561197960943676
76561197960943677
76561197960943678
76561197960943679
76561197960943681
76561197960943682
76561197960943683
76561197960943684
76561197960943685
76561197960943687
76561197960943688
76561197960943689
76561197960943691
76561197960943692
76561197960943695
76561197960943697
76561197960943698
76561197960943700
76561197960943701
76561197960943702
76561197960943703
76561197960943704
76561197960943705
76561197960943706
76561197960943707
76561197960943708
76561197960943709
76561197960943710
76561197960943711
76561197960943712
76561197960943713
76561197960943714
76561197960943715
76561197960943717
76561197960943718
76561197960943719
76561197960943720
76561197960943721
76561197960943722
76561197960943723
76561197960943725
76561197960943728
76561197960943729
76561197960943730
76561197960943733
76561197960943735
76561197960943736
76561197960943737
76561197960943740
76561197960943741
76561197960943742
76561197960943743
76561197960943744
76561197960943745
76561197960943746
76561197960943747
76561197960943748
76561197960943749
76561197960943750
76561197960943751
76561197960943754
76561197960943755
76561197960943757
76561197960943758
76561197960943760
76561197960943761
76561197960943762
76561197960943763
76561197960943764
76561197960943765
76561197960943767
76561197960943768
76561197960943769
76561197960943773
76561197960943774
76561197960943775
76561197960943776
76561197960943777
76561197960943778
76561197960943779
76561197960943780
76561197960943781
76561197960943783
76561197960943784
76561197960943785
76561197960943786
76561197960943787
76561197960943788
76561197960943793
76561197960943794
76561197960943795
76561197960943796
76561197960943798
76561197960943799
76561197960943801
76561197960943802
76561197960943804
76561197960943805
76561197960943807
76561197960943808
76561197960943810
76561197960943811
76561197960943812
76561197960943813
76561197960943814
76561197960943816
76561197960943817
76561197960943820
76561197960943821
76561197960943823
76561197960943824
76561197960943825
76561197960943826
76561197960943827
76561197960943828
76561197960943830
76561197960943833
76561197960943834
76561197960943835
76561197960943836
76561197960943839
76561197960943840
76561197960943841
76561197960943843
76561197960943844
76561197960943846
76561197960943848
76561197960943849
76561197960943851
76561197960943852
76561197960943854
76561197960943856
76561197960943857
76561197960943858
76561197960943859
76561197960943861
76561197960943863
76561197960943864
76561197960943865
76561197960943869
76561197960943870
76561197960943874
76561197960943875
76561197960943877
76561197960943878
76561197960943879
76561197960943880
76561197960943882
76561197960943883
76561197960943884
76561197960943885
76561197960943886
76561197960943887
76561197960943891
76561197960943892
76561197960943893
76561197960943896
76561197960943897
76561197960943901
76561197960943902
76561197960943904
76561197960943905
76561197960943906
76561197960943907
76561197960943908
76561197960943909
76561197960943911
76561197960943913
76561197960943914
76561197960943915
76561197960943916
76561197960943918
76561197960943919
76561197960943920
76561197960943921
76561197960943923
76561197960943924
76561197960943925
76561197960943926
76561197960943927
76561197960943930
76561197960943931
76561197960943932
76561197960943933
76561197960943935
76561197960943936
76561197960943938
76561197960943939
76561197960943940
76561197960943941
76561197960943942
76561197960943943
76561197960943944
76561197960943945
76561197960943946
76561197960943947
76561197960943948
76561197960943949
76561197960943950
76561197960943952
76561197960943954
76561197960943955
76561197960943959
76561197960943960
76561197960943961
76561197960943962
76561197960943963
76561197960943964
76561197960943965
76561197960943966
76561197960943968
76561197960943969
76561197960943970
76561197960943971
76561197960943972
76561197960943973
76561197960943975
76561197960943976
76561197960943978
76561197960943980
76561197960943982
76561197960943983
76561197960943986
76561197960943987
76561197960943989
76561197960943990
76561197960943991
76561197960943992
76561197960943993
76561197960943994
76561197960943995
76561197960943996
76561197960943997
76561197960943998
76561197960944000
76561197960944001
76561197960944002
76561197960944003
76561197960944004
76561197960944005
76561197960944006
76561197960944007
76561197960944009
76561197960944011
76561197960944012
76561197960944014
76561197960944016
76561197960944017
76561197960944018
76561197960944019
76561197960944020
76561197960944022
76561197960944023
76561197960944024
76561197960944025
76561197960944027
76561197960944028
76561197960944029
76561197960944030
76561197960944031
76561197960944032
76561197960944033
76561197960944034
76561197960944035
76561197960944036
76561197960944037
76561197960944039
76561197960944040
76561197960944041
76561197960944042
76561197960944043
76561197960944044
76561197960944045
76561197960944046
76561197960944047
76561197960944051
76561197960944052
76561197960944054
76561197960944055
76561197960944056
76561197960944058
76561197960944059
76561197960944061
76561197960944062
76561197960944063
76561197960944064
76561197960944065
76561197960944066
76561197960944067
76561197960944069
76561197960944070
76561197960944071
76561197960944072
76561197960944075
76561197960944077
76561197960944078
76561197960944079
76561197960944080
76561197960944081
76561197960944082
76561197960944085
76561197960944087
76561197960944088
76561197960944089
76561197960944090
76561197960944092
76561197960944093
76561197960944094
76561197960944096
76561197960944098
76561197960944099
76561197960944100
76561197960944101
76561197960944102
76561197960944103
76561197960944104
76561197960944105
76561197960944106
76561197960944107
76561197960944108
76561197960944110
76561197960944111
76561197960944112
76561197960944113
76561197960944115
76561197960944117
76561197960944118
76561197960944119
76561197960944120
76561197960944121
76561197960944122
76561197960944123
76561197960944124
76561197960944127
76561197960944129
76561197960944130
76561197960944131
76561197960944132
76561197960944134
76561197960944135
76561197960944137
76561197960944138
76561197960944139
76561197960944140
76561197960944143
76561197960944145
76561197960944147
76561197960944148
76561197960944149
76561197960944150
76561197960944152
76561197960944153
76561197960944155
76561197960944156
76561197960944157
76561197960944160
76561197960944161
76561197960944162
76561197960944163
76561197960944165
76561197960944167
76561197960944168
76561197960944170
76561197960944171
76561197960944173
76561197960944174
76561197960944175
76561197960944177
76561197960944178
76561197960944179
76561197960944180
76561197960944181
76561197960944182
76561197960944183
76561197960944185
76561197960944186
76561197960944187
76561197960944188
76561197960944189
76561197960944191
76561197960944193
76561197960944194
76561197960944195
76561197960944196
76561197960944197
76561197960944198
76561197960944199
76561197960944200
76561197960944202
76561197960944203
76561197960944204
76561197960944205
76561197960944206
76561197960944207
76561197960944208
76561197960944210
76561197960944211
76561197960944212
76561197960944214
76561197960944215
76561197960944217
76561197960944218
76561197960944220
76561197960944221
76561197960944222
76561197960944223
76561197960944224
76561197960944225
76561197960944226
76561197960944227
76561197960944228
76561197960944229
76561197960944231
76561197960944234
76561197960944235
76561197960944236
76561197960944238
76561197960944239
76561197960944240
76561197960944242
76561197960944243
76561197960944244
76561197960944246
76561197960944247
76561197960944248
76561197960944250
76561197960944251
76561197960944252
76561197960944253
76561197960944254
76561197960944255
76561197960944256
76561197960944257
76561197960944258
76561197960944259
76561197960944260
76561197960944261
76561197960944262
76561197960944263
76561197960944264
76561197960944265
76561197960944266
76561197960944267
76561197960944268
76561197960944269
76561197960944270
76561197960944271
76561197960944272
76561197960944273
76561197960944274
76561197960944276
76561197960944277
76561197960944278
76561197960944279
76561197960944280
76561197960944281
76561197960944282
76561197960944284
76561197960944285
76561197960944287
76561197960944288
76561197960944290
76561197960944293
76561197960944294
76561197960944295
76561197960944297
76561197960944299
76561197960944300
76561197960944302
76561197960944303
76561197960944304
76561197960944305
76561197960944306
76561197960944308
76561197960944309
76561197960944310
76561197960944315
76561197960944316
76561197960944317
76561197960944318
76561197960944319
76561197960944321
76561197960944322
76561197960944323
76561197960944326
76561197960944327
76561197960944328
76561197960944329
76561197960944331
76561197960944332
76561197960944333
76561197960944334
76561197960944335
76561197960944337
76561197960944338
76561197960944341
76561197960944342
76561197960944344
76561197960944345
76561197960944347
76561197960944351
76561197960944352
76561197960944354
76561197960944355
76561197960944356
76561197960944357
76561197960944358
76561197960944359
76561197960944360
76561197960944361
76561197960944362
76561197960944363
76561197960944364
76561197960944365
76561197960944366
76561197960944369
76561197960944372
76561197960944373
76561197960944375
76561197960944376
76561197960944377
76561197960944379
76561197960944380
76561197960944381
76561197960944382
76561197960944383
76561197960944385
76561197960944386
76561197960944387
76561197960944389
76561197960944390
76561197960944391
76561197960944393
76561197960944395
76561197960944396
76561197960944397
76561197960944398
76561197960944399
76561197960944400
76561197960944401
76561197960944402
76561197960944403
76561197960944404
76561197960944405
76561197960944406
76561197960944407
76561197960944410
76561197960944411
76561197960944414
76561197960944416
76561197960944417
76561197960944419
76561197960944420
76561197960944421
76561197960944424
76561197960944429
76561197960944430
76561197960944431
76561197960944432
76561197960944433
76561197960944434
76561197960944437
76561197960944439
76561197960944440
76561197960944442
76561197960944443
76561197960944444
76561197960944445
76561197960944447
76561197960944448
76561197960944450
76561197960944451
76561197960944452
76561197960944454
76561197960944456
76561197960944457
76561197960944458
76561197960944459
76561197960944461
76561197960944462
76561197960944463
76561197960944464
76561197960944465
76561197960944468
76561197960944469
76561197960944470
76561197960944471
76561197960944473
76561197960944475
76561197960944477
76561197960944478
76561197960944479
76561197960944480
76561197960944481
76561197960944482
76561197960944483
76561197960944485
76561197960944486
76561197960944487
76561197960944488
76561197960944490
76561197960944491
76561197960944493
76561197960944494
76561197960944496
76561197960944497
76561197960944499
76561197960944501
76561197960944502
76561197960944503
76561197960944504
76561197960944505
76561197960944506
76561197960944511
76561197960944512
76561197960944513
76561197960944514
76561197960944515
76561197960944516
76561197960944517
76561197960944518
76561197960944519
76561197960944521
76561197960944522
76561197960944524
76561197960944525
76561197960944526
76561197960944528
76561197960944529
76561197960944530
76561197960944531
76561197960944532
76561197960944533
76561197960944534
76561197960944536
76561197960944537
76561197960944538
76561197960944539
76561197960944540
76561197960944541
76561197960944543
76561197960944546
76561197960944547
76561197960944549
76561197960944550
76561197960944551
76561197960944552
76561197960944553
76561197960944555
76561197960944556
76561197960944557
76561197960944558
76561197960944560
76561197960944561
76561197960944564
76561197960944565
76561197960944566
76561197960944568
76561197960944569
76561197960944570
76561197960944571
76561197960944572
76561197960944573
76561197960944576
76561197960944577
76561197960944580
76561197960944581
76561197960944582
76561197960944583
76561197960944585
76561197960944588
76561197960944589
76561197960944591
76561197960944594
76561197960944596
76561197960944598
76561197960944600
76561197960944603
76561197960944604
76561197960944605
76561197960944606
76561197960944607
76561197960944608
76561197960944609
76561197960944611
76561197960944612
76561197960944614
76561197960944615
76561197960944616
76561197960944617
76561197960944618
76561197960944619
76561197960944622
76561197960944623
76561197960944624
76561197960944625
76561197960944628
76561197960944629
76561197960944631
76561197960944632
76561197960944635
76561197960944636
76561197960944637
76561197960944639
76561197960944640
76561197960944641
76561197960944643
76561197960944644
76561197960944645
76561197960944646
76561197960944648
76561197960944649
76561197960944650
76561197960944652
76561197960944653
76561197960944654
76561197960944655
76561197960944657
76561197960944658
76561197960944659
76561197960944660
76561197960944661
76561197960944662
76561197960944664
76561197960944665
76561197960944666
76561197960944667
76561197960944668
76561197960944669
76561197960944670
76561197960944671
76561197960944672
76561197960944675
76561197960944676
76561197960944677
76561197960944678
76561197960944680
76561197960944681
76561197960944682
76561197960944685
76561197960944687
76561197960944688
76561197960944689
76561197960944692
76561197960944693
76561197960944694
76561197960944695
76561197960944696
76561197960944697
76561197960944698
76561197960944701
76561197960944702
76561197960944704
76561197960944705
76561197960944706
76561197960944707
76561197960944708
76561197960944709
76561197960944710
76561197960944711
76561197960944712
76561197960944713
76561197960944714
76561197960944715
76561197960944716
76561197960944717
76561197960944718
76561197960944720
76561197960944721
76561197960944727
76561197960944728
76561197960944729
76561197960944730
76561197960944731
76561197960944732
76561197960944736
76561197960944737
76561197960944738
76561197960944739
76561197960944740
76561197960944741
76561197960944742
76561197960944743
76561197960944744
76561197960944745
76561197960944746
76561197960944747
76561197960944748
76561197960944750
76561197960944751
76561197960944752
76561197960944753
76561197960944754
76561197960944755
76561197960944757
76561197960944758
76561197960944760
76561197960944761
76561197960944763
76561197960944766
76561197960944767
76561197960944772
76561197960944773
76561197960944774
76561197960944775
76561197960944776
76561197960944777
76561197960944778
76561197960944780
76561197960944781
76561197960944782
76561197960944783
76561197960944787
76561197960944788
76561197960944789
76561197960944790
76561197960944793
76561197960944794
76561197960944795
76561197960944796
76561197960944798
76561197960944799
76561197960944800
76561197960944801
76561197960944802
76561197960944803
76561197960944805
76561197960944806
76561197960944807
76561197960944810
76561197960944812
76561197960944814
76561197960944815
76561197960944816
76561197960944817
76561197960944818
76561197960944819
76561197960944821
76561197960944822
76561197960944824
76561197960944825
76561197960944827
76561197960944828
76561197960944830
76561197960944834
76561197960944837
