76561197960281792
76561197960281793
76561197960281794
76561197960281795
76561197960281796
76561197960281797
76561197960281798
76561197960281799
76561197960281800
76561197960281801
76561197960281802
76561197960281803
76561197960281804
76561197960281805
76561197960281806
76561197960281807
76561197960281809
76561197960281811
76561197960281812
76561197960281814
76561197960281815
76561197960281816
76561197960281817
76561197960281818
76561197960281819
76561197960281820
76561197960281821
76561197960281822
76561197960281823
76561197960281824
76561197960281825
76561197960281826
76561197960281828
76561197960281829
76561197960281831
76561197960281832
76561197960281833
76561197960281834
76561197960281835
76561197960281836
76561197960281838
76561197960281839
76561197960281840
76561197960281841
76561197960281842
76561197960281843
76561197960281844
76561197960281845
76561197960281846
76561197960281847
76561197960281848
76561197960281850
76561197960281851
76561197960281852
76561197960281853
76561197960281854
76561197960281855
76561197960281856
76561197960281857
76561197960281858
76561197960281859
76561197960281860
76561197960281861
76561197960281862
76561197960281863
76561197960281864
76561197960281865
76561197960281866
76561197960281867
76561197960281868
76561197960281869
76561197960281870
76561197960281872
76561197960281873
76561197960281876
76561197960281877
76561197960281878
76561197960281879
76561197960281880
76561197960281881
76561197960281882
76561197960281883
76561197960281884
76561197960281886
76561197960281887
76561197960281888
76561197960281889
76561197960281890
76561197960281891
76561197960281892
76561197960281893
76561197960281894
76561197960281895
76561197960281896
76561197960281897
76561197960281898
76561197960281899
76561197960281900
76561197960281901
76561197960281903
76561197960281904
76561197960281905
76561197960281906
76561197960281907
76561197960281908
76561197960281909
76561197960281911
76561197960281912
76561197960281913
76561197960281914
76561197960281915
76561197960281916
76561197960281917
76561197960281919
76561197960281920
76561197960281921
76561197960281922
76561197960281923
76561197960281924
76561197960281925
76561197960281926
76561197960281927
76561197960281928
76561197960281929
76561197960281930
76561197960281931
76561197960281932
76561197960281933
76561197960281934
76561197960281935
76561197960281936
76561197960281938
76561197960281939
76561197960281941
76561197960281942
76561197960281943
76561197960281944
76561197960281945
76561197960281946
76561197960281947
76561197960281948
76561197960281949
76561197960281950
76561197960281951
76561197960281952
76561197960281953
76561197960281954
76561197960281955
76561197960281956
76561197960281957
76561197960281958
76561197960281959
76561197960281960
76561197960281961
76561197960281962
76561197960281963
76561197960281964
76561197960281965
76561197960281966
76561197960281967
76561197960281968
76561197960281969
76561197960281970
76561197960281971
76561197960281972
76561197960281973
76561197960281974
76561197960281976
76561197960281977
76561197960281978
76561197960281979
76561197960281980
76561197960281981
76561197960281982
76561197960281983
76561197960281984
76561197960281985
76561197960281986
76561197960281987
76561197960281988
76561197960281989
76561197960281990
76561197960281991
76561197960281992
76561197960281993
76561197960281994
76561197960281995
76561197960281996
76561197960281997
76561197960281998
76561197960281999
76561197960282001
76561197960282002
76561197960282003
76561197960282004
76561197960282005
76561197960282006
76561197960282007
76561197960282008
76561197960282009
76561197960282010
76561197960282011
76561197960282012
76561197960282013
76561197960282014
76561197960282015
76561197960282016
76561197960282017
76561197960282018
76561197960282019
76561197960282020
76561197960282021
76561197960282022
76561197960282023
76561197960282025
76561197960282026
76561197960282027
76561197960282028
76561197960282029
76561197960282031
76561197960282032
76561197960282034
76561197960282035
76561197960282036
76561197960282037
76561197960282038
76561197960282039
76561197960282040
76561197960282041
76561197960282042
76561197960282043
76561197960282044
76561197960282045
76561197960282046
76561197960282047
76561197960282048
76561197960282050
76561197960282051
76561197960282052
76561197960282053
76561197960282054
76561197960282055
76561197960282058
76561197960282059
76561197960282060
76561197960282061
76561197960282062
76561197960282063
76561197960282064
76561197960282065
76561197960282067
76561197960282068
76561197960282069
76561197960282070
76561197960282071
76561197960282073
76561197960282074
76561197960282075
76561197960282076
76561197960282077
76561197960282079
76561197960282080
76561197960282081
76561197960282082
76561197960282083
76561197960282084
76561197960282085
76561197960282086
76561197960282087
76561197960282088
76561197960282089
76561197960282090
76561197960282091
76561197960282092
76561197960282093
76561197960282096
76561197960282097
76561197960282098
76561197960282099
76561197960282100
76561197960282101
76561197960282102
76561197960282103
76561197960282104
76561197960282105
76561197960282106
76561197960282107
76561197960282108
76561197960282110
76561197960282111
76561197960282113
76561197960282114
76561197960282115
76561197960282116
76561197960282117
76561197960282118
76561197960282119
76561197960282120
76561197960282121
76561197960282122
76561197960282123
76561197960282124
76561197960282125
76561197960282126
76561197960282127
76561197960282128
76561197960282129
76561197960282130
76561197960282131
76561197960282132
76561197960282133
76561197960282134
76561197960282135
76561197960282136
76561197960282137
76561197960282138
76561197960282139
76561197960282140
76561197960282141
76561197960282143
76561197960282144
76561197960282145
76561197960282146
76561197960282148
76561197960282149
76561197960282150
76561197960282151
76561197960282152
76561197960282153
76561197960282154
76561197960282156
76561197960282157
76561197960282158
76561197960282159
76561197960282160
76561197960282161
76561197960282162
76561197960282163
76561197960282164
76561197960282165
76561197960282166
76561197960282167
76561197960282168
76561197960282169
76561197960282171
76561197960282172
76561197960282173
76561197960282174
76561197960282175
76561197960282176
76561197960282177
76561197960282178
76561197960282179
76561197960282180
76561197960282181
76561197960282182
76561197960282183
76561197960282184
76561197960282185
76561197960282186
76561197960282188
76561197960282189
76561197960282190
76561197960282191
76561197960282192
76561197960282193
76561197960282194
76561197960282195
76561197960282196
76561197960282197
76561197960282199
76561197960282200
76561197960282201
76561197960282202
76561197960282203
76561197960282204
76561197960282205
76561197960282206
76561197960282207
76561197960282208
76561197960282209
76561197960282211
76561197960282212
76561197960282213
76561197960282214
76561197960282215
76561197960282218
76561197960282219
76561197960282220
76561197960282221
76561197960282222
76561197960282223
76561197960282224
76561197960282225
76561197960282226
76561197960282227
76561197960282228
76561197960282229
76561197960282230
76561197960282231
76561197960282232
76561197960282233
76561197960282234
76561197960282235
76561197960282236
76561197960282237
76561197960282238
76561197960282239
76561197960282240
76561197960282241
76561197960282242
76561197960282243
76561197960282244
76561197960282245
76561197960282246
76561197960282247
76561197960282248
76561197960282249
76561197960282250
76561197960282252
76561197960282253
76561197960282254
76561197960282255
76561197960282256
76561197960282257
76561197960282258
76561197960282259
76561197960282260
76561197960282262
76561197960282263
76561197960282264
76561197960282265
76561197960282266
76561197960282267
76561197960282268
76561197960282269
76561197960282270
76561197960282272
76561197960282273
76561197960282274
76561197960282276
76561197960282277
76561197960282278
76561197960282279
76561197960282280
76561197960282281
76561197960282282
76561197960282283
76561197960282284
76561197960282285
76561197960282286
76561197960282287
76561197960282288
76561197960282289
76561197960282290
76561197960282291
76561197960282293
76561197960282294
76561197960282296
76561197960282297
76561197960282298
76561197960282299
76561197960282300
76561197960282301
76561197960282303
76561197960282304
76561197960282305
76561197960282306
76561197960282307
76561197960282308
76561197960282309
76561197960282310
76561197960282311
76561197960282312
76561197960282313
76561197960282314
76561197960282315
76561197960282316
76561197960282317
76561197960282318
76561197960282319
76561197960282320
76561197960282321
76561197960282322
76561197960282323
76561197960282324
76561197960282325
76561197960282326
76561197960282327
76561197960282328
76561197960282329
76561197960282330
76561197960282331
76561197960282332
76561197960282333
76561197960282334
76561197960282335
76561197960282336
76561197960282337
76561197960282338
76561197960282339
76561197960282340
76561197960282341
76561197960282342
76561197960282343
76561197960282344
76561197960282345
76561197960282347
76561197960282349
76561197960282350
76561197960282351
76561197960282352
76561197960282353
76561197960282354
76561197960282356
76561197960282357
76561197960282358
76561197960282359
76561197960282360
76561197960282361
76561197960282363
76561197960282364
76561197960282365
76561197960282366
76561197960282368
76561197960282369
76561197960282370
76561197960282371
76561197960282372
76561197960282373
76561197960282374
76561197960282375
76561197960282376
76561197960282378
76561197960282379
76561197960282380
76561197960282382
76561197960282383
76561197960282384
76561197960282385
76561197960282386
76561197960282387
76561197960282388
76561197960282389
76561197960282390
76561197960282391
76561197960282392
76561197960282393
76561197960282394
76561197960282395
76561197960282396
76561197960282397
76561197960282398
76561197960282399
76561197960282402
76561197960282403
76561197960282404
76561197960282405
76561197960282406
76561197960282407
76561197960282408
76561197960282409
76561197960282410
76561197960282411
76561197960282412
76561197960282413
76561197960282414
76561197960282415
76561197960282416
76561197960282417
76561197960282419
76561197960282420
76561197960282421
76561197960282422
76561197960282423
76561197960282424
76561197960282425
76561197960282428
76561197960282429
76561197960282430
76561197960282431
76561197960282432
76561197960282433
76561197960282434
76561197960282435
76561197960282436
76561197960282437
76561197960282438
76561197960282439
76561197960282440
76561197960282441
76561197960282442
76561197960282443
76561197960282444
76561197960282445
76561197960282446
76561197960282447
76561197960282448
76561197960282449
76561197960282450
76561197960282451
76561197960282453
76561197960282454
76561197960282455
76561197960282456
76561197960282457
76561197960282458
76561197960282459
76561197960282460
76561197960282461
76561197960282462
76561197960282463
76561197960282464
76561197960282465
76561197960282466
76561197960282467
76561197960282468
76561197960282469
76561197960282470
76561197960282472
76561197960282473
76561197960282474
76561197960282475
76561197960282476
76561197960282477
76561197960282478
76561197960282479
76561197960282481
76561197960282482
76561197960282483
76561197960282484
76561197960282485
76561197960282486
76561197960282487
76561197960282488
76561197960282489
76561197960282490
76561197960282491
76561197960282492
76561197960282493
76561197960282494
76561197960282495
76561197960282496
76561197960282498
76561197960282500
76561197960282501
76561197960282503
76561197960282504
76561197960282505
76561197960282506
76561197960282507
76561197960282508
76561197960282509
76561197960282510
76561197960282511
76561197960282512
76561197960282513
76561197960282514
76561197960282515
76561197960282516
76561197960282517
76561197960282518
76561197960282519
76561197960282520
76561197960282521
76561197960282522
76561197960282523
76561197960282524
76561197960282525
76561197960282526
76561197960282527
76561197960282528
76561197960282529
76561197960282530
76561197960282531
76561197960282532
76561197960282533
76561197960282534
76561197960282535
76561197960282536
76561197960282537
76561197960282538
76561197960282539
76561197960282540
76561197960282541
76561197960282542
76561197960282543
76561197960282544
76561197960282545
76561197960282546
76561197960282547
76561197960282549
76561197960282550
76561197960282552
76561197960282553
76561197960282554
76561197960282555
76561197960282556
76561197960282557
76561197960282558
76561197960282559
76561197960282560
76561197960282561
76561197960282562
76561197960282563
76561197960282564
76561197960282565
76561197960282566
76561197960282567
76561197960282568
76561197960282569
76561197960282570
76561197960282571
76561197960282572
76561197960282573
76561197960282574
76561197960282575
76561197960282576
76561197960282577
76561197960282578
76561197960282579
76561197960282580
76561197960282581
76561197960282582
76561197960282583
76561197960282584
76561197960282585
76561197960282586
76561197960282587
76561197960282588
76561197960282589
76561197960282590
76561197960282591
76561197960282592
76561197960282593
76561197960282594
76561197960282595
76561197960282596
76561197960282597
76561197960282598
76561197960282599
76561197960282601
76561197960282602
76561197960282604
76561197960282605
76561197960282607
76561197960282608
76561197960282609
76561197960282610
76561197960282612
76561197960282613
76561197960282614
76561197960282615
76561197960282616
76561197960282617
76561197960282620
76561197960282621
76561197960282622
76561197960282623
76561197960282624
76561197960282626
76561197960282627
76561197960282628
76561197960282629
76561197960282630
76561197960282631
76561197960282632
76561197960282633
76561197960282634
76561197960282635
76561197960282636
76561197960282637
76561197960282639
76561197960282640
76561197960282641
76561197960282642
76561197960282643
76561197960282644
76561197960282645
76561197960282646
76561197960282647
76561197960282648
76561197960282649
76561197960282650
76561197960282651
76561197960282652
76561197960282653
76561197960282654
76561197960282655
76561197960282657
76561197960282658
76561197960282659
76561197960282660
76561197960282661
76561197960282662
76561197960282663
76561197960282664
76561197960282665
76561197960282666
76561197960282667
76561197960282668
76561197960282669
76561197960282670
76561197960282671
76561197960282673
76561197960282674
76561197960282675
76561197960282676
76561197960282677
76561197960282678
76561197960282679
76561197960282681
76561197960282682
76561197960282683
76561197960282685
76561197960282686
76561197960282687
76561197960282688
76561197960282689
76561197960282690
76561197960282691
76561197960282692
76561197960282693
76561197960282694
76561197960282695
76561197960282696
76561197960282697
76561197960282698
76561197960282699
76561197960282700
76561197960282701
76561197960282702
76561197960282703
76561197960282704
76561197960282705
76561197960282706
76561197960282707
76561197960282708
76561197960282709
76561197960282710
76561197960282711
76561197960282712
76561197960282713
76561197960282714
76561197960282715
76561197960282716
76561197960282717
76561197960282718
76561197960282720
76561197960282723
76561197960282725
76561197960282726
76561197960282727
76561197960282728
76561197960282729
76561197960282731
76561197960282732
76561197960282733
76561197960282734
76561197960282735
76561197960282737
76561197960282738
76561197960282740
76561197960282741
76561197960282742
76561197960282743
76561197960282744
76561197960282745
76561197960282746
76561197960282747
76561197960282748
76561197960282749
76561197960282751
76561197960282752
76561197960282753
76561197960282754
76561197960282755
76561197960282756
76561197960282757
76561197960282758
76561197960282759
76561197960282760
76561197960282761
76561197960282762
76561197960282763
76561197960282764
76561197960282765
76561197960282766
76561197960282767
76561197960282768
76561197960282769
76561197960282770
76561197960282771
76561197960282772
76561197960282773
76561197960282774
76561197960282775
76561197960282776
76561197960282777
76561197960282778
76561197960282779
76561197960282780
76561197960282781
76561197960282782
76561197960282783
76561197960282784
76561197960282785
76561197960282786
76561197960282788
76561197960282790
76561197960282791
76561197960282792
76561197960282793
76561197960282794
76561197960282795
76561197960282796
76561197960282798
76561197960282802
76561197960282803
76561197960282804
76561197960282805
76561197960282807
76561197960282808
76561197960282810
76561197960282811
76561197960282812
76561197960282813
76561197960282814
76561197960282815
76561197960282816
76561197960282817
76561197960282818
76561197960282819
76561197960282821
76561197960282823
76561197960282824
76561197960282826
76561197960282827
76561197960282828
76561197960282829
76561197960282830
76561197960282831
76561197960282832
76561197960282833
76561197960282834
76561197960282835
76561197960282836
76561197960282837
76561197960282838
76561197960282839
76561197960282840
76561197960282841
76561197960282842
76561197960282843
76561197960282844
76561197960282845
76561197960282846
76561197960282847
76561197960282848
76561197960282849
76561197960282850
76561197960282851
76561197960282852
76561197960282854
76561197960282855
76561197960282857
76561197960282858
76561197960282859
76561197960282860
76561197960282861
76561197960282862
76561197960282863
76561197960282864
76561197960282865
76561197960282866
76561197960282867
76561197960282868
76561197960282869
76561197960282870
76561197960282871
76561197960282872
76561197960282874
76561197960282876
76561197960282877
76561197960282878
76561197960282879
76561197960282883
76561197960282884
76561197960282885
76561197960282886
76561197960282887
76561197960282888
76561197960282889
76561197960282890
76561197960282891
76561197960282892
76561197960282893
76561197960282894
76561197960282896
76561197960282897
