76561197961272837
76561197961272838
76561197961272839
76561197961272840
76561197961272841
76561197961272842
76561197961272846
76561197961272847
76561197961272848
76561197961272849
76561197961272850
76561197961272851
76561197961272854
76561197961272855
76561197961272857
76561197961272859
76561197961272860
76561197961272861
76561197961272863
76561197961272864
76561197961272866
76561197961272867
76561197961272868
76561197961272869
76561197961272870
76561197961272871
76561197961272872
76561197961272873
76561197961272874
76561197961272875
76561197961272877
76561197961272878
76561197961272879
76561197961272880
76561197961272881
76561197961272882
76561197961272883
76561197961272885
76561197961272886
76561197961272890
76561197961272891
76561197961272892
76561197961272893
76561197961272896
76561197961272898
76561197961272899
76561197961272900
76561197961272901
76561197961272902
76561197961272903
76561197961272905
76561197961272907
76561197961272908
76561197961272912
76561197961272913
76561197961272914
76561197961272919
76561197961272920
76561197961272923
76561197961272925
76561197961272927
76561197961272928
76561197961272931
76561197961272932
76561197961272934
76561197961272940
76561197961272942
76561197961272943
76561197961272945
76561197961272946
76561197961272948
76561197961272949
76561197961272951
76561197961272952
76561197961272954
76561197961272955
76561197961272956
76561197961272958
76561197961272959
76561197961272961
76561197961272963
76561197961272964
76561197961272965
76561197961272966
76561197961272967
76561197961272969
76561197961272970
76561197961272972
76561197961272973
76561197961272977
76561197961272980
76561197961272981
76561197961272982
76561197961272983
76561197961272984
76561197961272985
76561197961272986
76561197961272987
76561197961272988
76561197961272990
76561197961272992
76561197961272993
76561197961272994
76561197961272995
76561197961272997
76561197961272999
76561197961273001
76561197961273002
76561197961273003
76561197961273006
76561197961273008
76561197961273010
76561197961273011
76561197961273012
76561197961273016
76561197961273017
76561197961273018
76561197961273021
76561197961273022
76561197961273025
76561197961273026
76561197961273028
76561197961273030
76561197961273031
76561197961273032
76561197961273033
76561197961273034
76561197961273037
76561197961273039
76561197961273040
76561197961273041
76561197961273042
76561197961273045
76561197961273046
76561197961273048
76561197961273051
76561197961273052
76561197961273053
76561197961273054
76561197961273059
76561197961273061
76561197961273063
76561197961273064
76561197961273065
76561197961273067
76561197961273070
76561197961273074
76561197961273076
76561197961273078
76561197961273081
76561197961273082
76561197961273084
76561197961273086
76561197961273088
76561197961273094
76561197961273096
76561197961273097
76561197961273098
76561197961273101
76561197961273102
76561197961273103
76561197961273104
76561197961273109
76561197961273110
76561197961273111
76561197961273113
76561197961273114
76561197961273115
76561197961273123
76561197961273125
76561197961273127
76561197961273128
76561197961273129
76561197961273130
76561197961273133
76561197961273135
76561197961273139
76561197961273141
76561197961273144
76561197961273146
76561197961273147
76561197961273149
76561197961273150
76561197961273151
76561197961273152
76561197961273153
76561197961273155
76561197961273156
76561197961273158
76561197961273160
76561197961273163
76561197961273164
76561197961273165
76561197961273167
76561197961273168
76561197961273174
76561197961273180
76561197961273181
76561197961273183
76561197961273184
76561197961273185
76561197961273188
76561197961273189
76561197961273190
76561197961273191
76561197961273192
76561197961273193
76561197961273194
76561197961273195
76561197961273196
76561197961273198
76561197961273204
76561197961273205
76561197961273207
76561197961273208
76561197961273209
76561197961273210
76561197961273211
76561197961273213
76561197961273214
76561197961273215
76561197961273217
76561197961273221
76561197961273222
76561197961273223
76561197961273226
76561197961273228
76561197961273229
76561197961273231
76561197961273234
76561197961273235
76561197961273236
76561197961273237
76561197961273241
76561197961273242
76561197961273244
76561197961273245
76561197961273246
76561197961273247
76561197961273249
76561197961273250
76561197961273252
76561197961273253
76561197961273255
76561197961273257
76561197961273260
76561197961273261
76561197961273263
76561197961273264
76561197961273269
76561197961273270
76561197961273271
76561197961273272
76561197961273274
76561197961273280
76561197961273281
76561197961273282
76561197961273284
76561197961273285
76561197961273287
76561197961273288
76561197961273289
76561197961273290
76561197961273291
76561197961273292
76561197961273294
76561197961273295
76561197961273297
76561197961273298
76561197961273300
76561197961273301
76561197961273305
76561197961273307
76561197961273310
76561197961273314
76561197961273315
76561197961273316
76561197961273317
76561197961273319
76561197961273320
76561197961273322
76561197961273325
76561197961273326
76561197961273327
76561197961273328
76561197961273329
76561197961273330
76561197961273332
76561197961273334
76561197961273337
76561197961273338
76561197961273339
76561197961273341
76561197961273343
76561197961273344
76561197961273348
76561197961273352
76561197961273353
76561197961273354
76561197961273355
76561197961273357
76561197961273358
76561197961273359
76561197961273364
76561197961273366
76561197961273368
76561197961273369
76561197961273370
76561197961273371
76561197961273372
76561197961273374
76561197961273375
76561197961273376
76561197961273377
76561197961273379
76561197961273380
76561197961273381
76561197961273382
76561197961273384
76561197961273385
76561197961273386
76561197961273387
76561197961273388
76561197961273389
76561197961273390
76561197961273391
76561197961273392
76561197961273395
76561197961273396
76561197961273398
76561197961273399
76561197961273400
76561197961273403
76561197961273404
76561197961273405
76561197961273406
76561197961273410
76561197961273413
76561197961273417
76561197961273419
76561197961273422
76561197961273424
76561197961273425
76561197961273426
76561197961273427
76561197961273429
76561197961273431
76561197961273432
76561197961273433
76561197961273435
76561197961273438
76561197961273442
76561197961273443
76561197961273444
76561197961273445
76561197961273447
76561197961273448
76561197961273449
76561197961273451
76561197961273452
76561197961273454
76561197961273455
76561197961273456
76561197961273457
76561197961273459
76561197961273461
76561197961273465
76561197961273467
76561197961273469
76561197961273470
76561197961273471
76561197961273472
76561197961273474
76561197961273477
76561197961273478
76561197961273479
76561197961273480
76561197961273481
76561197961273487
76561197961273488
76561197961273489
76561197961273490
76561197961273491
76561197961273494
76561197961273495
76561197961273496
76561197961273499
76561197961273500
76561197961273501
76561197961273503
76561197961273506
76561197961273509
76561197961273513
76561197961273514
76561197961273515
76561197961273518
76561197961273519
76561197961273520
76561197961273521
76561197961273522
76561197961273524
76561197961273525
76561197961273526
76561197961273527
76561197961273529
76561197961273531
76561197961273539
76561197961273541
76561197961273545
76561197961273549
76561197961273551
76561197961273553
76561197961273557
76561197961273565
76561197961273569
76561197961273577
76561197961273581
76561197961273583
76561197961273585
76561197961273591
76561197961273593
76561197961273595
76561197961273597
76561197961273605
76561197961273607
76561197961273611
76561197961273617
76561197961273623
76561197961273627
76561197961273629
76561197961273631
76561197961273633
76561197961273637
76561197961273639
76561197961273641
76561197961273647
76561197961273649
76561197961273657
76561197961273659
76561197961273661
76561197961273663
76561197961273665
76561197961273669
76561197961273671
76561197961273673
76561197961273677
76561197961273683
76561197961273685
76561197961273695
76561197961273697
76561197961273703
76561197961273709
76561197961273711
76561197961273715
76561197961273719
76561197961273721
76561197961273725
76561197961273727
76561197961273731
76561197961273733
76561197961273735
76561197961273739
76561197961273747
76561197961273749
76561197961273759
76561197961273771
76561197961273777
76561197961273781
76561197961273783
76561197961273785
76561197961273787
76561197961273789
76561197961273791
76561197961273793
76561197961273797
76561197961273801
76561197961273805
76561197961273809
76561197961273811
76561197961273815
76561197961273819
76561197961273825
76561197961273829
76561197961273831
76561197961273833
76561197961273835
76561197961273839
76561197961273841
76561197961273843
76561197961273847
76561197961273849
76561197961273851
76561197961273853
76561197961273855
76561197961273863
76561197961273867
76561197961273869
76561197961273871
76561197961273873
76561197961273881
76561197961273885
76561197961273887
76561197961273895
76561197961273905
76561197961273907
76561197961273909
76561197961273911
76561197961273915
76561197961273919
76561197961273925
76561197961273927
76561197961273931
76561197961273935
76561197961273937
76561197961273941
76561197961273945
76561197961273947
76561197961273955
76561197961273959
76561197961273961
76561197961273965
76561197961273967
76561197961273969
76561197961273973
76561197961273979
76561197961273985
76561197961273989
76561197961273991
76561197961273993
76561197961273997
76561197961274001
76561197961274003
76561197961274005
76561197961274009
76561197961274011
76561197961274013
76561197961274015
76561197961274017
76561197961274019
76561197961274023
76561197961274025
76561197961274027
76561197961274029
76561197961274035
76561197961274037
76561197961274039
76561197961274041
76561197961274043
76561197961274045
76561197961274047
76561197961274049
76561197961274051
76561197961274053
76561197961274055
76561197961274057
76561197961274059
76561197961274063
76561197961274073
76561197961274079
76561197961274081
76561197961274083
76561197961274085
76561197961274087
76561197961274091
76561197961274095
76561197961274097
76561197961274111
76561197961274113
76561197961274115
76561197961274119
76561197961274121
76561197961274125
76561197961274127
76561197961274131
76561197961274133
76561197961274135
76561197961274137
76561197961274139
76561197961274149
76561197961274151
76561197961274155
76561197961274157
76561197961274163
76561197961274165
76561197961274167
76561197961274169
76561197961274171
76561197961274173
76561197961274177
76561197961274181
76561197961274185
76561197961274189
76561197961274197
76561197961274199
76561197961274205
76561197961274207
76561197961274211
76561197961274217
76561197961274219
76561197961274221
76561197961274223
76561197961274225
76561197961274231
76561197961274233
76561197961274235
76561197961274237
76561197961274245
76561197961274251
76561197961274257
76561197961274259
76561197961274263
76561197961274267
76561197961274271
76561197961274275
76561197961274279
76561197961274283
76561197961274285
76561197961274287
76561197961274291
76561197961274295
76561197961274301
76561197961274303
76561197961274307
76561197961274309
76561197961274311
76561197961274313
76561197961274317
76561197961274319
76561197961274323
76561197961274327
76561197961274329
76561197961274337
76561197961274339
76561197961274341
76561197961274345
76561197961274347
76561197961274349
76561197961274351
76561197961274355
76561197961274359
76561197961274363
76561197961274365
76561197961274369
76561197961274373
76561197961274375
76561197961274381
76561197961274391
76561197961274393
76561197961274397
76561197961274401
76561197961274403
76561197961274405
76561197961274407
76561197961274409
76561197961274411
76561197961274413
76561197961274417
76561197961274419
76561197961274421
76561197961274423
76561197961274425
76561197961274427
76561197961274435
76561197961274439
76561197961274443
76561197961274447
76561197961274449
76561197961274451
76561197961274459
76561197961274463
76561197961274465
76561197961274469
76561197961274471
76561197961274475
76561197961274483
76561197961274491
76561197961274497
76561197961274499
76561197961274503
76561197961274505
76561197961274509
76561197961274511
76561197961274513
76561197961274515
76561197961274519
76561197961274521
76561197961274523
76561197961274525
76561197961274527
76561197961274529
76561197961274531
76561197961274533
76561197961274535
76561197961274537
76561197961274539
76561197961274541
76561197961274543
76561197961274549
76561197961274565
76561197961274567
76561197961274569
76561197961274571
76561197961274577
76561197961274579
76561197961274581
76561197961274583
76561197961274585
76561197961274593
76561197961274595
76561197961274597
76561197961274601
76561197961274603
76561197961274605
76561197961274611
76561197961274613
76561197961274615
76561197961274617
76561197961274619
76561197961274623
76561197961274625
76561197961274627
76561197961274631
76561197961274635
76561197961274637
76561197961274639
76561197961274645
76561197961274647
76561197961274653
76561197961274655
76561197961274659
76561197961274661
76561197961274671
76561197961274673
76561197961274679
76561197961274683
76561197961274685
76561197961274689
76561197961274695
76561197961274703
76561197961274705
76561197961274709
76561197961274711
76561197961274713
76561197961274715
76561197961274717
76561197961274719
76561197961274723
76561197961274725
76561197961274727
76561197961274729
76561197961274731
76561197961274737
76561197961274739
76561197961274745
76561197961274747
76561197961274749
76561197961274751
76561197961274753
76561197961274755
76561197961274769
76561197961274777
76561197961274779
76561197961274783
76561197961274785
76561197961274787
76561197961274789
76561197961274797
76561197961274799
76561197961274803
76561197961274807
76561197961274811
76561197961274815
76561197961274817
76561197961274819
76561197961274823
76561197961274825
76561197961274829
76561197961274831
76561197961274833
76561197961274839
76561197961274841
76561197961274843
76561197961274851
76561197961274855
76561197961274857
76561197961274861
76561197961274863
76561197961274865
76561197961274869
76561197961274871
76561197961274873
76561197961274875
76561197961274881
76561197961274885
76561197961274889
76561197961274891
76561197961274893
76561197961274895
76561197961274901
76561197961274907
76561197961274909
76561197961274911
76561197961274915
76561197961274919
76561197961274921
76561197961274929
76561197961274931
76561197961274937
76561197961274939
76561197961274941
76561197961274947
76561197961274949
76561197961274953
76561197961274955
76561197961274961
76561197961274963
76561197961274969
76561197961274971
76561197961274975
76561197961274977
76561197961274987
76561197961274989
76561197961274993
76561197961274995
76561197961275003
76561197961275005
76561197961275007
76561197961275009
76561197961275013
76561197961275015
76561197961275017
76561197961275026
76561197961275030
76561197961275031
76561197961275032
76561197961275034
76561197961275035
76561197961275036
76561197961275037
76561197961275038
76561197961275041
76561197961275042
76561197961275044
76561197961275046
76561197961275047
76561197961275048
76561197961275049
76561197961275051
76561197961275052
76561197961275055
76561197961275056
76561197961275057
76561197961275059
76561197961275060
76561197961275063
76561197961275066
76561197961275068
76561197961275070
76561197961275071
76561197961275072
76561197961275075
76561197961275077
76561197961275078
76561197961275079
76561197961275080
76561197961275081
76561197961275083
76561197961275084
76561197961275086
76561197961275087
76561197961275089
76561197961275091
76561197961275092
76561197961275095
76561197961275096
76561197961275098
76561197961275099
76561197961275100
76561197961275103
76561197961275104
76561197961275105
76561197961275108
76561197961275109
76561197961275110
76561197961275111
76561197961275112
76561197961275114
76561197961275115
76561197961275116
76561197961275117
76561197961275118
76561197961275121
76561197961275127
76561197961275128
76561197961275129
76561197961275131
76561197961275134
76561197961275135
76561197961275136
76561197961275137
76561197961275138
76561197961275140
76561197961275142
76561197961275144
76561197961275145
76561197961275146
76561197961275147
76561197961275151
76561197961275152
76561197961275157
76561197961275158
76561197961275159
76561197961275161
76561197961275164
76561197961275165
76561197961275168
76561197961275170
76561197961275174
76561197961275177
76561197961275179
76561197961275182
76561197961275183
76561197961275185
76561197961275186
76561197961275187
76561197961275189
76561197961275190
76561197961275192
76561197961275193
76561197961275194
76561197961275195
76561197961275196
76561197961275199
76561197961275201
76561197961275202
76561197961275203
76561197961275205
76561197961275206
76561197961275207
76561197961275210
76561197961275211
76561197961275214
76561197961275217
76561197961275218
76561197961275219
76561197961275220
76561197961275221
76561197961275223
76561197961275225
76561197961275227
76561197961275229
76561197961275230
76561197961275232
76561197961275233
76561197961275237
76561197961275238
76561197961275239
76561197961275240
76561197961275242
76561197961275244
76561197961275245
76561197961275246
76561197961275247
76561197961275248
76561197961275249
76561197961275250
76561197961275251
76561197961275253
76561197961275256
76561197961275257
76561197961275260
76561197961275261
76561197961275265
76561197961275268
76561197961275272
76561197961275273
76561197961275280
76561197961275281
76561197961275286
76561197961275287
76561197961275288
76561197961275289
76561197961275291
76561197961275294
76561197961275296
76561197961275297
76561197961275298
76561197961275299
76561197961275300
76561197961275302
76561197961275303
76561197961275305
76561197961275306
76561197961275307
76561197961275308
76561197961275312
76561197961275313
76561197961275314
76561197961275316
76561197961275317
