76561197961903230
76561197961903231
76561197961903232
76561197961903233
76561197961903235
76561197961903236
76561197961903239
76561197961903240
76561197961903243
76561197961903245
76561197961903247
76561197961903250
76561197961903252
76561197961903256
76561197961903259
76561197961903260
76561197961903264
76561197961903265
76561197961903266
76561197961903268
76561197961903276
76561197961903280
76561197961903281
76561197961903283
76561197961903285
76561197961903286
76561197961903290
76561197961903292
76561197961903294
76561197961903295
76561197961903300
76561197961903304
76561197961903305
76561197961903307
76561197961903308
76561197961903310
76561197961903312
76561197961903315
76561197961903316
76561197961903317
76561197961903318
76561197961903319
76561197961903320
76561197961903322
76561197961903324
76561197961903327
76561197961903328
76561197961903336
76561197961903337
76561197961903340
76561197961903343
76561197961903346
76561197961903348
76561197961903349
76561197961903352
76561197961903354
76561197961903356
76561197961903357
76561197961903358
76561197961903360
76561197961903362
76561197961903363
76561197961903365
76561197961903368
76561197961903369
76561197961903370
76561197961903373
76561197961903377
76561197961903379
76561197961903380
76561197961903382
76561197961903386
76561197961903388
76561197961903389
76561197961903390
76561197961903394
76561197961903395
76561197961903403
76561197961903406
76561197961903409
76561197961903410
76561197961903412
76561197961903413
76561197961903415
76561197961903416
76561197961903419
76561197961903420
76561197961903425
76561197961903427
76561197961903428
76561197961903429
76561197961903430
76561197961903434
76561197961903435
76561197961903437
76561197961903438
76561197961903439
76561197961903443
76561197961903444
76561197961903448
76561197961903450
76561197961903451
76561197961903454
76561197961903456
76561197961903458
76561197961903459
76561197961903460
76561197961903463
76561197961903464
76561197961903470
76561197961903471
76561197961903472
76561197961903476
76561197961903480
76561197961903486
76561197961903490
76561197961903491
76561197961903492
76561197961903493
76561197961903494
76561197961903495
76561197961903497
76561197961903498
76561197961903501
76561197961903502
76561197961903504
76561197961903505
76561197961903506
76561197961903511
76561197961903518
76561197961903519
76561197961903523
76561197961903525
76561197961903528
76561197961903530
76561197961903532
76561197961903533
76561197961903537
76561197961903538
76561197961903544
76561197961903546
76561197961903547
76561197961903548
76561197961903549
76561197961903550
76561197961903551
76561197961903552
76561197961903553
76561197961903556
76561197961903557
76561197961903559
76561197961903560
76561197961903562
76561197961903563
76561197961903567
76561197961903569
76561197961903572
76561197961903573
76561197961903574
76561197961903576
76561197961903577
76561197961903580
76561197961903581
76561197961903582
76561197961903584
76561197961903586
76561197961903587
76561197961903588
76561197961903589
76561197961903590
76561197961903592
76561197961903593
76561197961903597
76561197961903598
76561197961903599
76561197961903601
76561197961903602
76561197961903603
76561197961903604
76561197961903605
76561197961903607
76561197961903610
76561197961903613
76561197961903614
76561197961903615
76561197961903616
76561197961903620
76561197961903625
76561197961903626
76561197961903627
76561197961903628
76561197961903630
76561197961903631
76561197961903636
76561197961903637
76561197961903638
76561197961903642
76561197961903643
76561197961903644
76561197961903645
76561197961903646
76561197961903647
76561197961903648
76561197961903649
76561197961903652
76561197961903654
76561197961903655
76561197961903656
76561197961903660
76561197961903666
76561197961903669
76561197961903670
76561197961903671
76561197961903672
76561197961903674
76561197961903675
76561197961903678
76561197961903679
76561197961903681
76561197961903686
76561197961903688
76561197961903689
76561197961903693
76561197961903694
76561197961903696
76561197961903700
76561197961903702
76561197961903705
76561197961903707
76561197961903708
76561197961903709
76561197961903713
76561197961903717
76561197961903720
76561197961903724
76561197961903726
76561197961903728
76561197961903729
76561197961903730
76561197961903731
76561197961903732
76561197961903734
76561197961903735
76561197961903738
76561197961903739
76561197961903744
76561197961903748
76561197961903750
76561197961903753
76561197961903754
76561197961903755
76561197961903757
76561197961903758
76561197961903759
76561197961903761
76561197961903763
76561197961903764
76561197961903767
76561197961903768
76561197961903769
76561197961903771
76561197961903774
76561197961903776
76561197961903777
76561197961903779
76561197961903781
76561197961903782
76561197961903783
76561197961903788
76561197961903789
76561197961903791
76561197961903793
76561197961903794
76561197961903795
76561197961903798
76561197961903799
76561197961903800
76561197961903804
76561197961903806
76561197961903807
76561197961903808
76561197961903810
76561197961903811
76561197961903812
76561197961903813
76561197961903814
76561197961903815
76561197961903816
76561197961903819
76561197961903820
76561197961903821
76561197961903824
76561197961903825
76561197961903826
76561197961903830
76561197961903832
76561197961903834
76561197961903839
76561197961903840
76561197961903842
76561197961903845
76561197961903846
76561197961903848
76561197961903851
76561197961903853
76561197961903857
76561197961903859
76561197961903860
76561197961903864
76561197961903865
76561197961903867
76561197961903869
76561197961903870
76561197961903872
76561197961903873
76561197961903874
76561197961903876
76561197961903878
76561197961903879
76561197961903881
76561197961903886
76561197961903890
76561197961903891
76561197961903893
76561197961903894
76561197961903897
76561197961903898
76561197961903903
76561197961903906
76561197961903908
76561197961903910
76561197961903911
76561197961903912
76561197961903913
76561197961903914
76561197961903917
76561197961903918
76561197961903920
76561197961903924
76561197961903925
76561197961903928
76561197961903930
76561197961903936
76561197961903937
76561197961903938
76561197961903939
76561197961903941
76561197961903946
76561197961903952
76561197961903953
76561197961903956
76561197961903957
76561197961903958
76561197961903960
76561197961903961
76561197961903964
76561197961903968
76561197961903969
76561197961903971
76561197961903973
76561197961903977
76561197961903978
76561197961903981
76561197961903986
76561197961903989
76561197961903990
76561197961903991
76561197961903993
76561197961903995
76561197961903997
76561197961903998
76561197961904000
76561197961904001
76561197961904002
76561197961904004
76561197961904007
76561197961904008
76561197961904013
76561197961904014
76561197961904015
76561197961904020
76561197961904021
76561197961904023
76561197961904026
76561197961904028
76561197961904031
76561197961904033
76561197961904035
76561197961904050
76561197961904051
76561197961904052
76561197961904054
76561197961904056
76561197961904057
76561197961904058
76561197961904062
76561197961904064
76561197961904065
76561197961904066
76561197961904067
76561197961904068
76561197961904073
76561197961904074
76561197961904077
76561197961904079
76561197961904080
76561197961904081
76561197961904085
76561197961904086
76561197961904087
76561197961904088
76561197961904089
76561197961904092
76561197961904102
76561197961904104
76561197961904106
76561197961904108
76561197961904110
76561197961904111
76561197961904112
76561197961904118
76561197961904120
76561197961904127
76561197961904131
76561197961904133
76561197961904134
76561197961904142
76561197961904143
76561197961904144
76561197961904145
76561197961904146
76561197961904147
76561197961904148
76561197961904153
76561197961904155
76561197961904160
76561197961904161
76561197961904162
76561197961904163
76561197961904164
76561197961904165
76561197961904166
76561197961904172
76561197961904179
76561197961904183
76561197961904186
76561197961904188
76561197961904189
76561197961904191
76561197961904195
76561197961904196
76561197961904199
76561197961904200
76561197961904206
76561197961904209
76561197961904213
76561197961904214
76561197961904218
76561197961904223
76561197961904225
76561197961904226
76561197961904228
76561197961904229
76561197961904232
76561197961904234
76561197961904238
76561197961904239
76561197961904241
76561197961904246
76561197961904248
76561197961904255
76561197961904257
76561197961904262
76561197961904263
76561197961904264
76561197961904268
76561197961904269
76561197961904273
76561197961904275
76561197961904276
76561197961904278
76561197961904282
76561197961904283
76561197961904284
76561197961904286
76561197961904289
76561197961904290
76561197961904291
76561197961904295
76561197961904299
76561197961904301
76561197961904302
76561197961904304
76561197961904306
76561197961904307
76561197961904309
76561197961904311
76561197961904312
76561197961904313
76561197961904315
76561197961904319
76561197961904321
76561197961904323
76561197961904324
76561197961904327
76561197961904331
76561197961904332
76561197961904333
76561197961904334
76561197961904336
76561197961904337
76561197961904346
76561197961904349
76561197961904350
76561197961904351
76561197961904352
76561197961904354
76561197961904355
76561197961904357
76561197961904361
76561197961904362
76561197961904363
76561197961904367
76561197961904369
76561197961904371
76561197961904372
76561197961904373
76561197961904374
76561197961904376
76561197961904377
76561197961904378
76561197961904382
76561197961904384
76561197961904385
76561197961904389
76561197961904390
76561197961904392
76561197961904394
76561197961904395
76561197961904396
76561197961904397
76561197961904399
76561197961904400
76561197961904402
76561197961904406
76561197961904407
76561197961904408
76561197961904410
76561197961904411
76561197961904412
76561197961904418
76561197961904420
76561197961904422
76561197961904423
76561197961904424
76561197961904425
76561197961904433
76561197961904434
76561197961904438
76561197961904440
76561197961904441
76561197961904444
76561197961904445
76561197961904446
76561197961904448
76561197961904450
76561197961904451
76561197961904452
76561197961904453
76561197961904459
76561197961904462
76561197961904463
76561197961904464
76561197961904467
76561197961904469
76561197961904473
76561197961904474
76561197961904475
76561197961904476
76561197961904485
76561197961904489
76561197961904490
76561197961904492
76561197961904493
76561197961904494
76561197961904495
76561197961904498
76561197961904502
76561197961904505
76561197961904506
76561197961904508
76561197961904512
76561197961904515
76561197961904517
76561197961904522
76561197961904528
76561197961904531
76561197961904532
76561197961904533
76561197961904536
76561197961904538
76561197961904539
76561197961904540
76561197961904544
76561197961904545
76561197961904548
76561197961904549
76561197961904550
76561197961904557
76561197961904558
76561197961904560
76561197961904563
76561197961904564
76561197961904566
76561197961904567
76561197961904568
76561197961904569
76561197961904571
76561197961904572
76561197961904575
76561197961904576
76561197961904577
76561197961904579
76561197961904581
76561197961904584
76561197961904588
76561197961904594
76561197961904595
76561197961904596
76561197961904597
76561197961904600
76561197961904601
76561197961904604
76561197961904605
76561197961904608
76561197961904610
76561197961904612
76561197961904619
76561197961904620
76561197961904624
76561197961904626
76561197961904627
76561197961904628
76561197961904630
76561197961904631
76561197961904632
76561197961904633
76561197961904635
76561197961904636
76561197961904637
76561197961904639
76561197961904641
76561197961904645
76561197961904646
76561197961904657
76561197961904660
76561197961904662
76561197961904663
76561197961904664
76561197961904665
76561197961904667
76561197961904669
76561197961904671
76561197961904672
76561197961904673
76561197961904674
76561197961904677
76561197961904679
76561197961904680
76561197961904682
76561197961904683
76561197961904685
76561197961904686
76561197961904688
76561197961904689
76561197961904691
76561197961904692
76561197961904695
76561197961904696
76561197961904697
76561197961904699
76561197961904700
76561197961904701
76561197961904702
76561197961904703
76561197961904706
76561197961904707
76561197961904713
76561197961904714
76561197961904716
76561197961904719
76561197961904720
76561197961904721
76561197961904724
76561197961904726
76561197961904733
76561197961904734
76561197961904738
76561197961904739
76561197961904740
76561197961904741
76561197961904744
76561197961904745
76561197961904750
76561197961904751
76561197961904757
76561197961904759
76561197961904760
76561197961904761
76561197961904765
76561197961904769
76561197961904774
76561197961904775
76561197961904776
76561197961904777
76561197961904778
76561197961904779
76561197961904781
76561197961904784
76561197961904786
76561197961904787
76561197961904789
76561197961904791
76561197961904792
76561197961904794
76561197961904796
76561197961904797
76561197961904798
76561197961904801
76561197961904804
76561197961904805
76561197961904807
76561197961904811
76561197961904812
76561197961904814
76561197961904816
76561197961904817
76561197961904821
76561197961904822
76561197961904825
76561197961904826
76561197961904827
76561197961904828
76561197961904829
76561197961904830
76561197961904831
76561197961904833
76561197961904834
76561197961904836
76561197961904839
76561197961904841
76561197961904842
76561197961904843
76561197961904844
76561197961904847
76561197961904853
76561197961904854
76561197961904855
76561197961904860
76561197961904862
76561197961904864
76561197961904867
76561197961904873
76561197961904875
76561197961904877
76561197961904882
76561197961904883
76561197961904885
76561197961904886
76561197961904887
76561197961904888
76561197961904892
76561197961904897
76561197961904901
76561197961904905
76561197961904908
76561197961904910
76561197961904912
76561197961904913
76561197961904915
76561197961904917
76561197961904919
76561197961904920
76561197961904921
76561197961904925
76561197961904930
76561197961904932
76561197961904934
76561197961904935
76561197961904937
76561197961904939
76561197961904941
76561197961904943
76561197961904944
76561197961904945
76561197961904946
76561197961904947
76561197961904948
76561197961904949
76561197961904952
76561197961904953
76561197961904955
76561197961904956
76561197961904957
76561197961904958
76561197961904959
76561197961904960
76561197961904966
76561197961904968
76561197961904971
76561197961904972
76561197961904973
76561197961904975
76561197961904977
76561197961904978
76561197961904979
76561197961904981
76561197961904982
76561197961904983
76561197961904985
76561197961904990
76561197961904991
76561197961904992
76561197961904994
76561197961904997
76561197961904998
76561197961905000
76561197961905001
76561197961905003
76561197961905006
76561197961905010
76561197961905012
76561197961905013
76561197961905014
76561197961905015
76561197961905017
76561197961905019
76561197961905020
76561197961905024
76561197961905025
76561197961905029
76561197961905031
76561197961905034
76561197961905036
76561197961905038
76561197961905040
76561197961905043
76561197961905046
76561197961905047
76561197961905056
76561197961905064
76561197961905067
76561197961905069
76561197961905070
76561197961905071
76561197961905072
76561197961905074
76561197961905076
76561197961905078
76561197961905079
76561197961905081
76561197961905082
76561197961905083
76561197961905085
76561197961905088
76561197961905091
76561197961905092
76561197961905093
76561197961905094
76561197961905095
76561197961905099
76561197961905100
76561197961905102
76561197961905103
76561197961905105
76561197961905107
76561197961905108
76561197961905109
76561197961905110
76561197961905113
76561197961905116
76561197961905118
76561197961905119
76561197961905120
76561197961905121
76561197961905123
76561197961905124
76561197961905126
76561197961905129
76561197961905130
76561197961905132
76561197961905135
76561197961905136
76561197961905144
76561197961905147
76561197961905148
76561197961905149
76561197961905150
76561197961905152
76561197961905153
76561197961905155
76561197961905156
76561197961905157
76561197961905158
76561197961905162
76561197961905175
76561197961905178
76561197961905179
76561197961905180
76561197961905182
76561197961905184
76561197961905185
76561197961905186
76561197961905187
76561197961905189
76561197961905192
76561197961905195
76561197961905196
76561197961905203
76561197961905204
76561197961905206
76561197961905207
76561197961905208
76561197961905209
76561197961905210
76561197961905211
76561197961905213
76561197961905214
76561197961905216
76561197961905219
76561197961905220
76561197961905224
76561197961905225
76561197961905226
76561197961905227
76561197961905228
76561197961905229
76561197961905230
76561197961905234
76561197961905236
76561197961905239
76561197961905240
76561197961905244
76561197961905246
76561197961905247
76561197961905251
76561197961905252
76561197961905253
76561197961905259
76561197961905273
76561197961905274
76561197961905275
76561197961905278
76561197961905280
76561197961905283
76561197961905288
76561197961905290
76561197961905291
76561197961905292
76561197961905294
76561197961905296
76561197961905298
76561197961905301
76561197961905302
76561197961905304
76561197961905306
76561197961905307
76561197961905308
76561197961905309
76561197961905310
76561197961905312
76561197961905313
76561197961905318
76561197961905321
76561197961905322
76561197961905324
76561197961905328
76561197961905330
76561197961905332
76561197961905334
76561197961905341
76561197961905344
76561197961905345
76561197961905346
76561197961905348
76561197961905350
76561197961905352
76561197961905354
76561197961905358
76561197961905361
76561197961905363
76561197961905364
76561197961905365
76561197961905368
76561197961905372
76561197961905374
76561197961905377
76561197961905378
76561197961905379
76561197961905380
