76561197961475686
76561197961475690
76561197961475692
76561197961475693
76561197961475695
76561197961475696
76561197961475697
76561197961475704
76561197961475706
76561197961475707
76561197961475708
76561197961475711
76561197961475713
76561197961475717
76561197961475718
76561197961475720
76561197961475721
76561197961475723
76561197961475724
76561197961475728
76561197961475729
76561197961475730
76561197961475731
76561197961475735
76561197961475736
76561197961475737
76561197961475738
76561197961475742
76561197961475746
76561197961475748
76561197961475749
76561197961475750
76561197961475751
76561197961475754
76561197961475755
76561197961475758
76561197961475760
76561197961475762
76561197961475763
76561197961475764
76561197961475765
76561197961475766
76561197961475768
76561197961475769
76561197961475771
76561197961475773
76561197961475775
76561197961475777
76561197961475782
76561197961475785
76561197961475788
76561197961475789
76561197961475790
76561197961475791
76561197961475795
76561197961475796
76561197961475797
76561197961475798
76561197961475800
76561197961475802
76561197961475809
76561197961475812
76561197961475814
76561197961475817
76561197961475818
76561197961475822
76561197961475823
76561197961475825
76561197961475831
76561197961475834
76561197961475836
76561197961475842
76561197961475843
76561197961475847
76561197961475851
76561197961475853
76561197961475854
76561197961475856
76561197961475859
76561197961475861
76561197961475862
76561197961475863
76561197961475865
76561197961475868
76561197961475869
76561197961475870
76561197961475871
76561197961475873
76561197961475874
76561197961475876
76561197961475877
76561197961475878
76561197961475884
76561197961475886
76561197961475888
76561197961475895
76561197961475898
76561197961475901
76561197961475907
76561197961475909
76561197961475911
76561197961475914
76561197961475915
76561197961475918
76561197961475919
76561197961475921
76561197961475922
76561197961475923
76561197961475924
76561197961475928
76561197961475930
76561197961475933
76561197961475934
76561197961475935
76561197961475937
76561197961475938
76561197961475941
76561197961475944
76561197961475945
76561197961475946
76561197961475947
76561197961475948
76561197961475951
76561197961475953
76561197961475954
76561197961475956
76561197961475959
76561197961475960
76561197961475964
76561197961475965
76561197961475967
76561197961475969
76561197961475975
76561197961475978
76561197961475979
76561197961475980
76561197961475981
76561197961475986
76561197961475987
76561197961475988
76561197961475990
76561197961475991
76561197961475992
76561197961475994
76561197961475995
76561197961475997
76561197961475998
76561197961476001
76561197961476003
76561197961476004
76561197961476005
76561197961476006
76561197961476009
76561197961476010
76561197961476012
76561197961476014
76561197961476018
76561197961476021
76561197961476022
76561197961476024
76561197961476026
76561197961476028
76561197961476029
76561197961476031
76561197961476032
76561197961476033
76561197961476034
76561197961476036
76561197961476038
76561197961476042
76561197961476044
76561197961476053
76561197961476055
76561197961476058
76561197961476059
76561197961476061
76561197961476062
76561197961476063
76561197961476066
76561197961476067
76561197961476068
76561197961476069
76561197961476070
76561197961476071
76561197961476072
76561197961476073
76561197961476075
76561197961476076
76561197961476077
76561197961476079
76561197961476080
76561197961476081
76561197961476085
76561197961476086
76561197961476087
76561197961476089
76561197961476092
76561197961476099
76561197961476102
76561197961476105
76561197961476109
76561197961476112
76561197961476116
76561197961476117
76561197961476120
76561197961476121
76561197961476123
76561197961476124
76561197961476126
76561197961476127
76561197961476128
76561197961476130
76561197961476132
76561197961476134
76561197961476135
76561197961476143
76561197961476145
76561197961476148
76561197961476149
76561197961476152
76561197961476157
76561197961476159
76561197961476160
76561197961476161
76561197961476163
76561197961476164
76561197961476165
76561197961476167
76561197961476175
76561197961476176
76561197961476177
76561197961476178
76561197961476180
76561197961476182
76561197961476183
76561197961476184
76561197961476186
76561197961476194
76561197961476196
76561197961476199
76561197961476200
76561197961476202
76561197961476203
76561197961476204
76561197961476205
76561197961476211
76561197961476212
76561197961476216
76561197961476217
76561197961476222
76561197961476224
76561197961476225
76561197961476229
76561197961476234
76561197961476236
76561197961476241
76561197961476243
76561197961476244
76561197961476245
76561197961476247
76561197961476248
76561197961476249
76561197961476251
76561197961476253
76561197961476254
76561197961476256
76561197961476257
76561197961476258
76561197961476260
76561197961476261
76561197961476262
76561197961476263
76561197961476270
76561197961476272
76561197961476273
76561197961476274
76561197961476275
76561197961476279
76561197961476281
76561197961476282
76561197961476289
76561197961476290
76561197961476294
76561197961476296
76561197961476298
76561197961476302
76561197961476303
76561197961476307
76561197961476311
76561197961476312
76561197961476314
76561197961476319
76561197961476325
76561197961476326
76561197961476329
76561197961476330
76561197961476331
76561197961476332
76561197961476335
76561197961476336
76561197961476338
76561197961476340
76561197961476342
76561197961476348
76561197961476350
76561197961476352
76561197961476354
76561197961476357
76561197961476361
76561197961476363
76561197961476364
76561197961476365
76561197961476366
76561197961476367
76561197961476369
76561197961476370
76561197961476372
76561197961476373
76561197961476375
76561197961476385
76561197961476386
76561197961476388
76561197961476390
76561197961476394
76561197961476395
76561197961476402
76561197961476403
76561197961476405
76561197961476407
76561197961476409
76561197961476414
76561197961476416
76561197961476417
76561197961476420
76561197961476422
76561197961476425
76561197961476433
76561197961476437
76561197961476438
76561197961476439
76561197961476440
76561197961476441
76561197961476443
76561197961476444
76561197961476446
76561197961476447
76561197961476448
76561197961476450
76561197961476451
76561197961476456
76561197961476457
76561197961476460
76561197961476464
76561197961476465
76561197961476467
76561197961476468
76561197961476473
76561197961476474
76561197961476475
76561197961476478
76561197961476479
76561197961476482
76561197961476484
76561197961476486
76561197961476497
76561197961476500
76561197961476503
76561197961476504
76561197961476509
76561197961476512
76561197961476514
76561197961476515
76561197961476518
76561197961476519
76561197961476522
76561197961476523
76561197961476524
76561197961476526
76561197961476529
76561197961476530
76561197961476531
76561197961476532
76561197961476536
76561197961476538
76561197961476541
76561197961476542
76561197961476544
76561197961476546
76561197961476549
76561197961476553
76561197961476555
76561197961476556
76561197961476558
76561197961476560
76561197961476561
76561197961476565
76561197961476566
76561197961476572
76561197961476575
76561197961476577
76561197961476578
76561197961476581
76561197961476582
76561197961476584
76561197961476585
76561197961476586
76561197961476589
76561197961476590
76561197961476592
76561197961476593
76561197961476594
76561197961476595
76561197961476596
76561197961476597
76561197961476598
76561197961476599
76561197961476600
76561197961476602
76561197961476603
76561197961476604
76561197961476607
76561197961476609
76561197961476610
76561197961476613
76561197961476615
76561197961476619
76561197961476621
76561197961476622
76561197961476624
76561197961476625
76561197961476627
76561197961476628
76561197961476629
76561197961476631
76561197961476634
76561197961476635
76561197961476636
76561197961476642
76561197961476643
76561197961476645
76561197961476646
76561197961476647
76561197961476651
76561197961476652
76561197961476655
76561197961476656
76561197961476661
76561197961476664
76561197961476665
76561197961476666
76561197961476667
76561197961476669
76561197961476670
76561197961476671
76561197961476672
76561197961476674
76561197961476677
76561197961476678
76561197961476680
76561197961476682
76561197961476684
76561197961476689
76561197961476690
76561197961476692
76561197961476693
76561197961476694
76561197961476696
76561197961476700
76561197961476703
76561197961476704
76561197961476705
76561197961476707
76561197961476708
76561197961476710
76561197961476712
76561197961476714
76561197961476715
76561197961476717
76561197961476718
76561197961476719
76561197961476725
76561197961476726
76561197961476727
76561197961476729
76561197961476730
76561197961476731
76561197961476733
76561197961476735
76561197961476736
76561197961476737
76561197961476738
76561197961476740
76561197961476744
76561197961476745
76561197961476746
76561197961476747
76561197961476748
76561197961476750
76561197961476752
76561197961476753
76561197961476754
76561197961476755
76561197961476756
76561197961476757
76561197961476759
76561197961476761
76561197961476764
76561197961476768
76561197961476769
76561197961476770
76561197961476772
76561197961476776
76561197961476777
76561197961476782
76561197961476785
76561197961476787
76561197961476788
76561197961476792
76561197961476794
76561197961476795
76561197961476796
76561197961476798
76561197961476801
76561197961476802
76561197961476804
76561197961476805
76561197961476807
76561197961476809
76561197961476810
76561197961476814
76561197961476815
76561197961476818
76561197961476820
76561197961476821
76561197961476822
76561197961476823
76561197961476824
76561197961476829
76561197961476830
76561197961476831
76561197961476833
76561197961476841
76561197961476842
76561197961476843
76561197961476844
76561197961476845
76561197961476848
76561197961476849
76561197961476851
76561197961476852
76561197961476854
76561197961476855
76561197961476869
76561197961476871
76561197961476872
76561197961476873
76561197961476874
76561197961476876
76561197961476877
76561197961476879
76561197961476880
76561197961476881
76561197961476885
76561197961476886
76561197961476887
76561197961476888
76561197961476892
76561197961476896
76561197961476898
76561197961476900
76561197961476901
76561197961476904
76561197961476905
76561197961476908
76561197961476909
76561197961476910
76561197961476913
76561197961476914
76561197961476917
76561197961476918
76561197961476919
76561197961476923
76561197961476924
76561197961476925
76561197961476926
76561197961476928
76561197961476929
76561197961476931
76561197961476932
76561197961476937
76561197961476938
76561197961476940
76561197961476942
76561197961476943
76561197961476944
76561197961476947
76561197961476950
76561197961476952
76561197961476954
76561197961476955
76561197961476956
76561197961476958
76561197961476959
76561197961476961
76561197961476962
76561197961476963
76561197961476964
76561197961476965
76561197961476967
76561197961476968
76561197961476969
76561197961476970
76561197961476973
76561197961476974
76561197961476975
76561197961476976
76561197961476980
76561197961476986
76561197961476988
76561197961476993
76561197961476995
76561197961476996
76561197961476997
76561197961476998
76561197961477000
76561197961477001
76561197961477002
76561197961477003
76561197961477004
76561197961477005
76561197961477006
76561197961477007
76561197961477009
76561197961477010
76561197961477011
76561197961477012
76561197961477013
76561197961477014
76561197961477015
76561197961477017
76561197961477018
76561197961477023
76561197961477029
76561197961477030
76561197961477032
76561197961477034
76561197961477035
76561197961477036
76561197961477037
76561197961477038
76561197961477040
76561197961477042
76561197961477044
76561197961477045
76561197961477046
76561197961477047
76561197961477050
76561197961477051
76561197961477053
76561197961477055
76561197961477056
76561197961477060
76561197961477061
76561197961477063
76561197961477069
76561197961477073
76561197961477074
76561197961477075
76561197961477077
76561197961477079
76561197961477081
76561197961477082
76561197961477084
76561197961477085
76561197961477086
76561197961477090
76561197961477092
76561197961477097
76561197961477099
76561197961477102
76561197961477105
76561197961477106
76561197961477107
76561197961477108
76561197961477112
76561197961477114
76561197961477116
76561197961477117
76561197961477119
76561197961477120
76561197961477121
76561197961477122
76561197961477123
76561197961477124
76561197961477127
76561197961477129
76561197961477131
76561197961477132
76561197961477133
76561197961477139
76561197961477142
76561197961477144
76561197961477146
76561197961477151
76561197961477153
76561197961477154
76561197961477157
76561197961477158
76561197961477159
76561197961477160
76561197961477161
76561197961477164
76561197961477165
76561197961477166
76561197961477169
76561197961477170
76561197961477173
76561197961477174
76561197961477175
76561197961477178
76561197961477179
76561197961477180
76561197961477184
76561197961477189
76561197961477191
76561197961477192
76561197961477193
76561197961477194
76561197961477195
76561197961477196
76561197961477198
76561197961477199
76561197961477204
76561197961477208
76561197961477210
76561197961477212
76561197961477220
76561197961477223
76561197961477224
76561197961477230
76561197961477231
76561197961477232
76561197961477233
76561197961477234
76561197961477235
76561197961477237
76561197961477243
76561197961477246
76561197961477252
76561197961477253
76561197961477254
76561197961477255
76561197961477256
76561197961477258
76561197961477259
76561197961477260
76561197961477261
76561197961477268
76561197961477270
76561197961477271
76561197961477272
76561197961477276
76561197961477278
76561197961477280
76561197961477283
76561197961477285
76561197961477287
76561197961477289
76561197961477290
76561197961477293
76561197961477295
76561197961477296
76561197961477304
76561197961477306
76561197961477309
76561197961477312
76561197961477313
76561197961477314
76561197961477316
76561197961477318
76561197961477319
76561197961477320
76561197961477323
76561197961477324
76561197961477325
76561197961477326
76561197961477328
76561197961477330
76561197961477331
76561197961477337
76561197961477344
76561197961477346
76561197961477348
76561197961477352
76561197961477353
76561197961477355
76561197961477356
76561197961477362
76561197961477368
76561197961477370
76561197961477372
76561197961477374
76561197961477376
76561197961477377
76561197961477379
76561197961477382
76561197961477383
76561197961477385
76561197961477386
76561197961477391
76561197961477392
76561197961477394
76561197961477395
76561197961477397
76561197961477398
76561197961477399
76561197961477400
76561197961477405
76561197961477406
76561197961477407
76561197961477408
76561197961477409
76561197961477414
76561197961477415
76561197961477417
76561197961477418
76561197961477419
76561197961477420
76561197961477421
76561197961477423
76561197961477424
76561197961477426
76561197961477428
76561197961477430
76561197961477435
76561197961477436
76561197961477437
76561197961477440
76561197961477442
76561197961477444
76561197961477445
76561197961477449
76561197961477450
76561197961477451
76561197961477452
76561197961477453
76561197961477458
76561197961477459
76561197961477460
76561197961477461
76561197961477463
76561197961477464
76561197961477467
76561197961477469
76561197961477470
76561197961477473
76561197961477475
76561197961477477
76561197961477479
76561197961477482
76561197961477487
76561197961477490
76561197961477492
76561197961477493
76561197961477495
76561197961477496
76561197961477497
76561197961477499
76561197961477501
76561197961477505
76561197961477507
76561197961477508
76561197961477509
76561197961477510
76561197961477511
76561197961477513
76561197961477514
76561197961477516
76561197961477519
76561197961477521
76561197961477522
76561197961477523
76561197961477524
76561197961477526
76561197961477528
76561197961477531
76561197961477532
76561197961477535
76561197961477538
76561197961477539
76561197961477542
76561197961477543
76561197961477544
76561197961477545
76561197961477548
76561197961477549
76561197961477551
76561197961477554
76561197961477556
76561197961477558
76561197961477559
76561197961477563
76561197961477566
76561197961477569
76561197961477571
76561197961477572
76561197961477574
76561197961477576
76561197961477579
76561197961477581
76561197961477583
76561197961477585
76561197961477588
76561197961477589
76561197961477590
76561197961477593
76561197961477594
76561197961477595
76561197961477596
76561197961477601
76561197961477603
76561197961477605
76561197961477606
76561197961477607
76561197961477608
76561197961477610
76561197961477617
76561197961477618
76561197961477619
76561197961477620
76561197961477621
76561197961477625
76561197961477626
76561197961477628
76561197961477629
76561197961477630
76561197961477632
76561197961477634
76561197961477636
76561197961477638
76561197961477641
76561197961477642
76561197961477643
76561197961477644
76561197961477645
76561197961477648
76561197961477650
76561197961477652
76561197961477653
76561197961477654
76561197961477658
76561197961477660
76561197961477663
76561197961477664
76561197961477665
76561197961477666
76561197961477668
76561197961477669
76561197961477670
76561197961477672
76561197961477675
76561197961477678
76561197961477683
76561197961477687
76561197961477688
76561197961477690
76561197961477691
76561197961477695
76561197961477700
76561197961477701
76561197961477704
76561197961477705
76561197961477706
76561197961477711
76561197961477712
76561197961477714
76561197961477715
76561197961477718
76561197961477719
76561197961477722
76561197961477728
76561197961477731
76561197961477732
76561197961477733
76561197961477735
76561197961477739
76561197961477741
76561197961477742
76561197961477744
76561197961477748
76561197961477750
76561197961477751
76561197961477753
76561197961477754
76561197961477757
76561197961477758
76561197961477759
76561197961477763
76561197961477767
76561197961477769
