76561197961125594
76561197961125595
76561197961125596
76561197961125597
76561197961125601
76561197961125604
76561197961125605
76561197961125606
76561197961125607
76561197961125608
76561197961125609
76561197961125610
76561197961125611
76561197961125612
76561197961125615
76561197961125616
76561197961125617
76561197961125618
76561197961125619
76561197961125620
76561197961125621
76561197961125622
76561197961125623
76561197961125625
76561197961125628
76561197961125629
76561197961125633
76561197961125634
76561197961125635
76561197961125636
76561197961125638
76561197961125640
76561197961125641
76561197961125642
76561197961125644
76561197961125645
76561197961125648
76561197961125651
76561197961125652
76561197961125653
76561197961125655
76561197961125656
76561197961125657
76561197961125658
76561197961125659
76561197961125663
76561197961125664
76561197961125666
76561197961125668
76561197961125670
76561197961125677
76561197961125678
76561197961125679
76561197961125682
76561197961125683
76561197961125684
76561197961125685
76561197961125687
76561197961125688
76561197961125689
76561197961125691
76561197961125692
76561197961125694
76561197961125696
76561197961125697
76561197961125698
76561197961125701
76561197961125702
76561197961125703
76561197961125705
76561197961125706
76561197961125707
76561197961125708
76561197961125709
76561197961125714
76561197961125715
76561197961125718
76561197961125719
76561197961125720
76561197961125721
76561197961125722
76561197961125723
76561197961125724
76561197961125725
76561197961125726
76561197961125727
76561197961125729
76561197961125730
76561197961125732
76561197961125733
76561197961125735
76561197961125736
76561197961125737
76561197961125740
76561197961125743
76561197961125746
76561197961125747
76561197961125749
76561197961125753
76561197961125758
76561197961125759
76561197961125760
76561197961125761
76561197961125763
76561197961125764
76561197961125765
76561197961125766
76561197961125767
76561197961125768
76561197961125770
76561197961125771
76561197961125772
76561197961125774
76561197961125777
76561197961125779
76561197961125780
76561197961125783
76561197961125784
76561197961125785
76561197961125787
76561197961125789
76561197961125790
76561197961125791
76561197961125792
76561197961125793
76561197961125794
76561197961125796
76561197961125797
76561197961125798
76561197961125799
76561197961125801
76561197961125802
76561197961125803
76561197961125806
76561197961125807
76561197961125809
76561197961125810
76561197961125814
76561197961125815
76561197961125816
76561197961125818
76561197961125819
76561197961125820
76561197961125821
76561197961125822
76561197961125823
76561197961125824
76561197961125825
76561197961125826
76561197961125827
76561197961125831
76561197961125833
76561197961125834
76561197961125835
76561197961125836
76561197961125838
76561197961125839
76561197961125840
76561197961125841
76561197961125842
76561197961125843
76561197961125844
76561197961125846
76561197961125847
76561197961125848
76561197961125849
76561197961125850
76561197961125852
76561197961125854
76561197961125857
76561197961125858
76561197961125859
76561197961125860
76561197961125865
76561197961125866
76561197961125868
76561197961125869
76561197961125873
76561197961125874
76561197961125875
76561197961125881
76561197961125882
76561197961125883
76561197961125884
76561197961125885
76561197961125886
76561197961125887
76561197961125888
76561197961125891
76561197961125893
76561197961125894
76561197961125896
76561197961125898
76561197961125899
76561197961125901
76561197961125902
76561197961125903
76561197961125904
76561197961125906
76561197961125907
76561197961125910
76561197961125915
76561197961125919
76561197961125920
76561197961125922
76561197961125925
76561197961125927
76561197961125929
76561197961125930
76561197961125931
76561197961125932
76561197961125933
76561197961125935
76561197961125936
76561197961125938
76561197961125939
76561197961125941
76561197961125942
76561197961125943
76561197961125945
76561197961125947
76561197961125949
76561197961125951
76561197961125953
76561197961125954
76561197961125956
76561197961125957
76561197961125958
76561197961125959
76561197961125960
76561197961125962
76561197961125963
76561197961125965
76561197961125966
76561197961125970
76561197961125971
76561197961125972
76561197961125973
76561197961125976
76561197961125978
76561197961125979
76561197961125980
76561197961125982
76561197961125983
76561197961125985
76561197961125986
76561197961125987
76561197961125988
76561197961125989
76561197961125990
76561197961125993
76561197961125995
76561197961125996
76561197961125997
76561197961125998
76561197961126000
76561197961126001
76561197961126002
76561197961126003
76561197961126005
76561197961126006
76561197961126007
76561197961126008
76561197961126011
76561197961126012
76561197961126015
76561197961126016
76561197961126018
76561197961126019
76561197961126020
76561197961126022
76561197961126023
76561197961126026
76561197961126027
76561197961126030
76561197961126031
76561197961126034
76561197961126040
76561197961126042
76561197961126043
76561197961126044
76561197961126048
76561197961126049
76561197961126050
76561197961126051
76561197961126054
76561197961126055
76561197961126056
76561197961126057
76561197961126058
76561197961126064
76561197961126065
76561197961126066
76561197961126068
76561197961126069
76561197961126070
76561197961126071
76561197961126073
76561197961126075
76561197961126076
76561197961126077
76561197961126079
76561197961126080
76561197961126083
76561197961126084
76561197961126085
76561197961126086
76561197961126087
76561197961126088
76561197961126089
76561197961126091
76561197961126092
76561197961126093
76561197961126097
76561197961126099
76561197961126100
76561197961126101
76561197961126102
76561197961126104
76561197961126105
76561197961126106
76561197961126107
76561197961126108
76561197961126109
76561197961126110
76561197961126111
76561197961126113
76561197961126114
76561197961126115
76561197961126116
76561197961126118
76561197961126119
76561197961126121
76561197961126123
76561197961126124
76561197961126125
76561197961126128
76561197961126129
76561197961126130
76561197961126132
76561197961126137
76561197961126138
76561197961126139
76561197961126140
76561197961126141
76561197961126142
76561197961126143
76561197961126145
76561197961126147
76561197961126148
76561197961126149
76561197961126150
76561197961126151
76561197961126152
76561197961126154
76561197961126155
76561197961126157
76561197961126161
76561197961126162
76561197961126165
76561197961126166
76561197961126168
76561197961126169
76561197961126170
76561197961126172
76561197961126174
76561197961126175
76561197961126176
76561197961126178
76561197961126179
76561197961126181
76561197961126183
76561197961126184
76561197961126186
76561197961126187
76561197961126188
76561197961126189
76561197961126190
76561197961126191
76561197961126194
76561197961126196
76561197961126197
76561197961126198
76561197961126200
76561197961126202
76561197961126208
76561197961126210
76561197961126216
76561197961126217
76561197961126218
76561197961126219
76561197961126220
76561197961126221
76561197961126223
76561197961126227
76561197961126231
76561197961126234
76561197961126236
76561197961126237
76561197961126238
76561197961126239
76561197961126241
76561197961126246
76561197961126247
76561197961126248
76561197961126251
76561197961126255
76561197961126259
76561197961126260
76561197961126261
76561197961126262
76561197961126263
76561197961126264
76561197961126265
76561197961126266
76561197961126268
76561197961126269
76561197961126271
76561197961126274
76561197961126275
76561197961126276
76561197961126279
76561197961126280
76561197961126281
76561197961126284
76561197961126285
76561197961126286
76561197961126287
76561197961126289
76561197961126290
76561197961126295
76561197961126297
76561197961126299
76561197961126300
76561197961126301
76561197961126304
76561197961126305
76561197961126306
76561197961126307
76561197961126310
76561197961126311
76561197961126312
76561197961126313
76561197961126314
76561197961126315
76561197961126316
76561197961126317
76561197961126322
76561197961126323
76561197961126324
76561197961126325
76561197961126326
76561197961126327
76561197961126328
76561197961126329
76561197961126331
76561197961126332
76561197961126333
76561197961126334
76561197961126336
76561197961126337
76561197961126338
76561197961126339
76561197961126340
76561197961126341
76561197961126342
76561197961126344
76561197961126345
76561197961126346
76561197961126348
76561197961126351
76561197961126353
76561197961126355
76561197961126356
76561197961126358
76561197961126362
76561197961126364
76561197961126366
76561197961126367
76561197961126368
76561197961126370
76561197961126371
76561197961126372
76561197961126373
76561197961126376
76561197961126377
76561197961126378
76561197961126381
76561197961126382
76561197961126385
76561197961126386
76561197961126387
76561197961126388
76561197961126390
76561197961126393
76561197961126394
76561197961126395
76561197961126399
76561197961126404
76561197961126405
76561197961126407
76561197961126409
76561197961126413
76561197961126414
76561197961126415
76561197961126417
76561197961126418
76561197961126419
76561197961126420
76561197961126421
76561197961126422
76561197961126424
76561197961126425
76561197961126427
76561197961126428
76561197961126433
76561197961126435
76561197961126439
76561197961126442
76561197961126443
76561197961126447
76561197961126452
76561197961126454
76561197961126455
76561197961126456
76561197961126458
76561197961126459
76561197961126461
76561197961126466
76561197961126467
76561197961126468
76561197961126469
76561197961126470
76561197961126473
76561197961126474
76561197961126476
76561197961126478
76561197961126479
76561197961126480
76561197961126481
76561197961126483
76561197961126484
76561197961126485
76561197961126486
76561197961126488
76561197961126490
76561197961126492
76561197961126493
76561197961126496
76561197961126499
76561197961126501
76561197961126505
76561197961126506
76561197961126507
76561197961126508
76561197961126509
76561197961126511
76561197961126513
76561197961126515
76561197961126517
76561197961126520
76561197961126521
76561197961126524
76561197961126525
76561197961126526
76561197961126530
76561197961126532
76561197961126535
76561197961126536
76561197961126538
76561197961126541
76561197961126542
76561197961126543
76561197961126544
76561197961126546
76561197961126547
76561197961126548
76561197961126549
76561197961126552
76561197961126553
76561197961126554
76561197961126555
76561197961126558
76561197961126561
76561197961126562
76561197961126563
76561197961126566
76561197961126569
76561197961126570
76561197961126571
76561197961126576
76561197961126577
76561197961126580
76561197961126581
76561197961126582
76561197961126585
76561197961126586
76561197961126587
76561197961126588
76561197961126589
76561197961126590
76561197961126591
76561197961126592
76561197961126593
76561197961126597
76561197961126598
76561197961126600
76561197961126602
76561197961126604
76561197961126606
76561197961126608
76561197961126610
76561197961126613
76561197961126615
76561197961126616
76561197961126618
76561197961126619
76561197961126620
76561197961126622
76561197961126623
76561197961126624
76561197961126625
76561197961126630
76561197961126632
76561197961126633
76561197961126634
76561197961126635
76561197961126636
76561197961126637
76561197961126639
76561197961126644
76561197961126645
76561197961126646
76561197961126652
76561197961126653
76561197961126654
76561197961126656
76561197961126658
76561197961126660
76561197961126662
76561197961126664
76561197961126665
76561197961126667
76561197961126668
76561197961126669
76561197961126670
76561197961126672
76561197961126674
76561197961126676
76561197961126678
76561197961126680
76561197961126681
76561197961126684
76561197961126685
76561197961126686
76561197961126691
76561197961126693
76561197961126695
76561197961126696
76561197961126697
76561197961126698
76561197961126700
76561197961126702
76561197961126704
76561197961126706
76561197961126709
76561197961126710
76561197961126711
76561197961126712
76561197961126713
76561197961126714
76561197961126715
76561197961126716
76561197961126717
76561197961126718
76561197961126719
76561197961126724
76561197961126725
76561197961126728
76561197961126729
76561197961126731
76561197961126733
76561197961126734
76561197961126736
76561197961126738
76561197961126739
76561197961126740
76561197961126741
76561197961126743
76561197961126744
76561197961126745
76561197961126747
76561197961126748
76561197961126750
76561197961126751
76561197961126752
76561197961126754
76561197961126755
76561197961126756
76561197961126757
76561197961126760
76561197961126762
76561197961126764
76561197961126766
76561197961126768
76561197961126770
76561197961126772
76561197961126773
76561197961126774
76561197961126775
76561197961126778
76561197961126779
76561197961126781
76561197961126782
76561197961126783
76561197961126784
76561197961126785
76561197961126786
76561197961126789
76561197961126791
76561197961126792
76561197961126794
76561197961126795
76561197961126796
76561197961126797
76561197961126799
76561197961126800
76561197961126803
76561197961126804
76561197961126805
76561197961126806
76561197961126807
76561197961126808
76561197961126812
76561197961126813
76561197961126815
76561197961126816
76561197961126817
76561197961126819
76561197961126820
76561197961126821
76561197961126822
76561197961126825
76561197961126827
76561197961126828
76561197961126829
76561197961126830
76561197961126832
76561197961126833
76561197961126835
76561197961126836
76561197961126839
76561197961126845
76561197961126846
76561197961126848
76561197961126849
76561197961126855
76561197961126856
76561197961126857
76561197961126862
76561197961126863
76561197961126869
76561197961126874
76561197961126875
76561197961126876
76561197961126878
76561197961126879
76561197961126881
76561197961126884
76561197961126885
76561197961126886
76561197961126888
76561197961126889
76561197961126890
76561197961126891
76561197961126893
76561197961126896
76561197961126898
76561197961126901
76561197961126902
76561197961126904
76561197961126905
76561197961126906
76561197961126907
76561197961126908
76561197961126909
76561197961126913
76561197961126914
76561197961126917
76561197961126918
76561197961126919
76561197961126920
76561197961126921
76561197961126930
76561197961126931
76561197961126932
76561197961126933
76561197961126934
76561197961126935
76561197961126936
76561197961126937
76561197961126939
76561197961126941
76561197961126942
76561197961126951
76561197961126952
76561197961126953
76561197961126957
76561197961126958
76561197961126959
76561197961126960
76561197961126962
76561197961126963
76561197961126965
76561197961126966
76561197961126968
76561197961126969
76561197961126972
76561197961126974
76561197961126975
76561197961126978
76561197961126980
76561197961126981
76561197961126982
76561197961126984
76561197961126985
76561197961126987
76561197961126990
76561197961126992
76561197961126994
76561197961126996
76561197961126997
76561197961126998
76561197961126999
76561197961127002
76561197961127003
76561197961127004
76561197961127005
76561197961127007
76561197961127009
76561197961127010
76561197961127011
76561197961127012
76561197961127013
76561197961127014
76561197961127015
76561197961127018
76561197961127019
76561197961127020
76561197961127021
76561197961127022
76561197961127023
76561197961127024
76561197961127025
76561197961127029
76561197961127030
76561197961127031
76561197961127032
76561197961127035
76561197961127036
76561197961127038
76561197961127039
76561197961127040
76561197961127041
76561197961127043
76561197961127044
76561197961127049
76561197961127052
76561197961127055
76561197961127058
76561197961127059
76561197961127061
76561197961127062
76561197961127064
76561197961127066
76561197961127068
76561197961127069
76561197961127070
76561197961127071
76561197961127073
76561197961127076
76561197961127077
76561197961127079
76561197961127082
76561197961127085
76561197961127086
76561197961127091
76561197961127093
76561197961127094
76561197961127095
76561197961127096
76561197961127097
76561197961127098
76561197961127100
76561197961127103
76561197961127104
76561197961127105
76561197961127107
76561197961127108
76561197961127110
76561197961127111
76561197961127113
76561197961127114
76561197961127116
76561197961127118
76561197961127119
76561197961127120
76561197961127121
76561197961127122
76561197961127124
76561197961127125
76561197961127127
76561197961127130
76561197961127131
76561197961127132
76561197961127134
76561197961127136
76561197961127138
76561197961127142
76561197961127143
76561197961127144
76561197961127145
76561197961127146
76561197961127147
76561197961127148
76561197961127151
76561197961127152
76561197961127153
76561197961127154
76561197961127155
76561197961127156
76561197961127157
76561197961127161
76561197961127162
76561197961127163
76561197961127164
76561197961127165
76561197961127166
76561197961127167
76561197961127168
76561197961127169
76561197961127170
76561197961127171
76561197961127173
76561197961127175
76561197961127177
76561197961127178
76561197961127180
76561197961127181
76561197961127182
76561197961127183
76561197961127184
76561197961127186
76561197961127190
76561197961127192
76561197961127193
76561197961127195
76561197961127196
76561197961127198
76561197961127199
76561197961127200
76561197961127202
76561197961127203
76561197961127204
76561197961127209
76561197961127211
76561197961127214
76561197961127216
76561197961127218
76561197961127219
76561197961127220
76561197961127221
76561197961127222
76561197961127223
76561197961127224
76561197961127226
76561197961127227
76561197961127233
76561197961127234
76561197961127235
76561197961127236
76561197961127240
76561197961127242
76561197961127243
76561197961127248
76561197961127249
76561197961127250
76561197961127251
76561197961127254
76561197961127255
76561197961127256
76561197961127257
76561197961127260
76561197961127261
76561197961127264
76561197961127266
76561197961127269
76561197961127270
76561197961127272
76561197961127278
