76561197960894418
76561197960894422
76561197960894423
76561197960894424
76561197960894425
76561197960894427
76561197960894428
76561197960894429
76561197960894431
76561197960894433
76561197960894434
76561197960894436
76561197960894441
76561197960894442
76561197960894447
76561197960894448
76561197960894449
76561197960894453
76561197960894454
76561197960894455
76561197960894456
76561197960894458
76561197960894459
76561197960894462
76561197960894465
76561197960894466
76561197960894467
76561197960894468
76561197960894470
76561197960894471
76561197960894474
76561197960894476
76561197960894479
76561197960894480
76561197960894481
76561197960894482
76561197960894483
76561197960894484
76561197960894485
76561197960894486
76561197960894487
76561197960894488
76561197960894491
76561197960894494
76561197960894496
76561197960894499
76561197960894501
76561197960894502
76561197960894503
76561197960894506
76561197960894508
76561197960894510
76561197960894512
76561197960894515
76561197960894516
76561197960894518
76561197960894519
76561197960894522
76561197960894523
76561197960894524
76561197960894527
76561197960894528
76561197960894529
76561197960894530
76561197960894532
76561197960894534
76561197960894538
76561197960894539
76561197960894541
76561197960894542
76561197960894543
76561197960894544
76561197960894545
76561197960894547
76561197960894548
76561197960894549
76561197960894551
76561197960894553
76561197960894555
76561197960894557
76561197960894558
76561197960894560
76561197960894563
76561197960894564
76561197960894565
76561197960894566
76561197960894567
76561197960894568
76561197960894569
76561197960894572
76561197960894573
76561197960894575
76561197960894576
76561197960894577
76561197960894579
76561197960894583
76561197960894585
76561197960894588
76561197960894591
76561197960894593
76561197960894597
76561197960894598
76561197960894599
76561197960894600
76561197960894601
76561197960894603
76561197960894604
76561197960894605
76561197960894608
76561197960894610
76561197960894611
76561197960894612
76561197960894613
76561197960894616
76561197960894617
76561197960894621
76561197960894624
76561197960894625
76561197960894626
76561197960894629
76561197960894630
76561197960894634
76561197960894637
76561197960894638
76561197960894639
76561197960894642
76561197960894645
76561197960894647
76561197960894649
76561197960894651
76561197960894654
76561197960894656
76561197960894658
76561197960894659
76561197960894660
76561197960894661
76561197960894662
76561197960894663
76561197960894666
76561197960894668
76561197960894669
76561197960894671
76561197960894672
76561197960894673
76561197960894675
76561197960894676
76561197960894677
76561197960894681
76561197960894683
76561197960894687
76561197960894689
76561197960894690
76561197960894691
76561197960894692
76561197960894693
76561197960894694
76561197960894696
76561197960894697
76561197960894699
76561197960894700
76561197960894702
76561197960894706
76561197960894708
76561197960894709
76561197960894711
76561197960894714
76561197960894715
76561197960894718
76561197960894719
76561197960894720
76561197960894721
76561197960894722
76561197960894723
76561197960894725
76561197960894729
76561197960894730
76561197960894732
76561197960894733
76561197960894735
76561197960894738
76561197960894739
76561197960894743
76561197960894744
76561197960894745
76561197960894746
76561197960894749
76561197960894750
76561197960894751
76561197960894753
76561197960894757
76561197960894758
76561197960894759
76561197960894760
76561197960894761
76561197960894762
76561197960894765
76561197960894768
76561197960894769
76561197960894770
76561197960894771
76561197960894772
76561197960894773
76561197960894775
76561197960894776
76561197960894777
76561197960894780
76561197960894781
76561197960894783
76561197960894785
76561197960894788
76561197960894790
76561197960894791
76561197960894793
76561197960894795
76561197960894798
76561197960894800
76561197960894801
76561197960894802
76561197960894803
76561197960894804
76561197960894805
76561197960894806
76561197960894810
76561197960894811
76561197960894813
76561197960894814
76561197960894817
76561197960894818
76561197960894819
76561197960894820
76561197960894824
76561197960894829
76561197960894830
76561197960894831
76561197960894832
76561197960894834
76561197960894836
76561197960894837
76561197960894838
76561197960894839
76561197960894841
76561197960894843
76561197960894844
76561197960894845
76561197960894849
76561197960894851
76561197960894853
76561197960894855
76561197960894856
76561197960894858
76561197960894859
76561197960894860
76561197960894862
76561197960894863
76561197960894864
76561197960894866
76561197960894867
76561197960894868
76561197960894870
76561197960894871
76561197960894874
76561197960894875
76561197960894876
76561197960894879
76561197960894880
76561197960894882
76561197960894883
76561197960894884
76561197960894885
76561197960894886
76561197960894887
76561197960894888
76561197960894894
76561197960894896
76561197960894897
76561197960894898
76561197960894901
76561197960894902
76561197960894903
76561197960894904
76561197960894906
76561197960894907
76561197960894910
76561197960894914
76561197960894915
76561197960894917
76561197960894919
76561197960894922
76561197960894923
76561197960894924
76561197960894925
76561197960894931
76561197960894935
76561197960894936
76561197960894937
76561197960894939
76561197960894941
76561197960894942
76561197960894943
76561197960894945
76561197960894946
76561197960894948
76561197960894949
76561197960894951
76561197960894952
76561197960894954
76561197960894956
76561197960894958
76561197960894959
76561197960894962
76561197960894963
76561197960894966
76561197960894967
76561197960894968
76561197960894969
76561197960894970
76561197960894971
76561197960894972
76561197960894973
76561197960894976
76561197960894977
76561197960894978
76561197960894981
76561197960894984
76561197960894985
76561197960894988
76561197960894989
76561197960894991
76561197960894992
76561197960894993
76561197960894995
76561197960894997
76561197960895000
76561197960895002
76561197960895004
76561197960895006
76561197960895007
76561197960895008
76561197960895009
76561197960895011
76561197960895014
76561197960895015
76561197960895016
76561197960895017
76561197960895018
76561197960895021
76561197960895022
76561197960895025
76561197960895026
76561197960895027
76561197960895028
76561197960895029
76561197960895030
76561197960895031
76561197960895032
76561197960895034
76561197960895035
76561197960895043
76561197960895044
76561197960895046
76561197960895049
76561197960895050
76561197960895052
76561197960895055
76561197960895056
76561197960895057
76561197960895058
76561197960895060
76561197960895061
76561197960895062
76561197960895063
76561197960895064
76561197960895068
76561197960895073
76561197960895074
76561197960895075
76561197960895076
76561197960895077
76561197960895080
76561197960895081
76561197960895084
76561197960895085
76561197960895086
76561197960895087
76561197960895088
76561197960895092
76561197960895093
76561197960895096
76561197960895097
76561197960895098
76561197960895100
76561197960895104
76561197960895109
76561197960895110
76561197960895111
76561197960895114
76561197960895117
76561197960895118
76561197960895120
76561197960895121
76561197960895123
76561197960895124
76561197960895126
76561197960895127
76561197960895128
76561197960895129
76561197960895130
76561197960895134
76561197960895136
76561197960895138
76561197960895139
76561197960895141
76561197960895142
76561197960895143
76561197960895145
76561197960895148
76561197960895149
76561197960895151
76561197960895154
76561197960895155
76561197960895156
76561197960895158
76561197960895161
76561197960895162
76561197960895163
76561197960895165
76561197960895166
76561197960895167
76561197960895168
76561197960895170
76561197960895171
76561197960895172
76561197960895173
76561197960895176
76561197960895177
76561197960895178
76561197960895181
76561197960895183
76561197960895184
76561197960895185
76561197960895189
76561197960895191
76561197960895192
76561197960895193
76561197960895194
76561197960895195
76561197960895198
76561197960895200
76561197960895201
76561197960895202
76561197960895203
76561197960895204
76561197960895205
76561197960895206
76561197960895207
76561197960895209
76561197960895210
76561197960895212
76561197960895213
76561197960895214
76561197960895215
76561197960895216
76561197960895224
76561197960895225
76561197960895226
76561197960895227
76561197960895228
76561197960895230
76561197960895233
76561197960895236
76561197960895237
76561197960895238
76561197960895240
76561197960895241
76561197960895242
76561197960895243
76561197960895244
76561197960895245
76561197960895246
76561197960895247
76561197960895248
76561197960895249
76561197960895251
76561197960895257
76561197960895259
76561197960895262
76561197960895263
76561197960895266
76561197960895267
76561197960895268
76561197960895272
76561197960895273
76561197960895274
76561197960895277
76561197960895278
76561197960895280
76561197960895281
76561197960895282
76561197960895283
76561197960895284
76561197960895285
76561197960895286
76561197960895287
76561197960895288
76561197960895290
76561197960895291
76561197960895292
76561197960895294
76561197960895295
76561197960895296
76561197960895297
76561197960895298
76561197960895302
76561197960895303
76561197960895304
76561197960895307
76561197960895312
76561197960895313
76561197960895314
76561197960895316
76561197960895322
76561197960895323
76561197960895324
76561197960895325
76561197960895326
76561197960895331
76561197960895332
76561197960895333
76561197960895335
76561197960895336
76561197960895337
76561197960895339
76561197960895340
76561197960895341
76561197960895346
76561197960895347
76561197960895348
76561197960895349
76561197960895350
76561197960895355
76561197960895356
76561197960895357
76561197960895360
76561197960895361
76561197960895362
76561197960895363
76561197960895370
76561197960895372
76561197960895377
76561197960895378
76561197960895382
76561197960895384
76561197960895387
76561197960895388
76561197960895389
76561197960895391
76561197960895392
76561197960895395
76561197960895396
76561197960895398
76561197960895399
76561197960895400
76561197960895403
76561197960895404
76561197960895405
76561197960895406
76561197960895407
76561197960895411
76561197960895412
76561197960895415
76561197960895420
76561197960895421
76561197960895424
76561197960895431
76561197960895432
76561197960895433
76561197960895440
76561197960895445
76561197960895447
76561197960895449
76561197960895450
76561197960895451
76561197960895452
76561197960895454
76561197960895455
76561197960895457
76561197960895458
76561197960895459
76561197960895460
76561197960895461
76561197960895464
76561197960895465
76561197960895466
76561197960895468
76561197960895469
76561197960895472
76561197960895473
76561197960895474
76561197960895475
76561197960895477
76561197960895479
76561197960895480
76561197960895481
76561197960895483
76561197960895485
76561197960895489
76561197960895490
76561197960895491
76561197960895492
76561197960895498
76561197960895500
76561197960895501
76561197960895503
76561197960895504
76561197960895505
76561197960895506
76561197960895507
76561197960895508
76561197960895509
76561197960895510
76561197960895511
76561197960895513
76561197960895516
76561197960895517
76561197960895518
76561197960895519
76561197960895521
76561197960895526
76561197960895529
76561197960895531
76561197960895534
76561197960895535
76561197960895537
76561197960895538
76561197960895541
76561197960895545
76561197960895547
76561197960895548
76561197960895549
76561197960895550
76561197960895551
76561197960895554
76561197960895557
76561197960895558
76561197960895559
76561197960895560
76561197960895562
76561197960895563
76561197960895565
76561197960895566
76561197960895568
76561197960895569
76561197960895571
76561197960895572
76561197960895573
76561197960895574
76561197960895576
76561197960895577
76561197960895578
76561197960895579
76561197960895581
76561197960895582
76561197960895584
76561197960895585
76561197960895586
76561197960895588
76561197960895589
76561197960895590
76561197960895591
76561197960895592
76561197960895593
76561197960895594
76561197960895595
76561197960895596
76561197960895597
76561197960895598
76561197960895599
76561197960895600
76561197960895601
76561197960895602
76561197960895603
76561197960895604
76561197960895605
76561197960895607
76561197960895608
76561197960895609
76561197960895612
76561197960895613
76561197960895614
76561197960895615
76561197960895617
76561197960895618
76561197960895619
76561197960895620
76561197960895621
76561197960895622
76561197960895623
76561197960895626
76561197960895627
76561197960895629
76561197960895630
76561197960895631
76561197960895632
76561197960895635
76561197960895637
76561197960895638
76561197960895640
76561197960895645
76561197960895648
76561197960895649
76561197960895650
76561197960895651
76561197960895653
76561197960895655
76561197960895657
76561197960895659
76561197960895660
76561197960895661
76561197960895664
76561197960895665
76561197960895666
76561197960895667
76561197960895670
76561197960895671
76561197960895672
76561197960895673
76561197960895674
76561197960895675
76561197960895676
76561197960895677
76561197960895678
76561197960895679
76561197960895680
76561197960895682
76561197960895684
76561197960895686
76561197960895687
76561197960895688
76561197960895691
76561197960895692
76561197960895695
76561197960895699
76561197960895700
76561197960895701
76561197960895704
76561197960895706
76561197960895707
76561197960895710
76561197960895713
76561197960895714
76561197960895715
76561197960895716
76561197960895717
76561197960895720
76561197960895721
76561197960895722
76561197960895723
76561197960895724
76561197960895726
76561197960895727
76561197960895731
76561197960895733
76561197960895734
76561197960895737
76561197960895739
76561197960895742
76561197960895744
76561197960895745
76561197960895747
76561197960895750
76561197960895753
76561197960895755
76561197960895761
76561197960895763
76561197960895764
76561197960895765
76561197960895769
76561197960895771
76561197960895772
76561197960895773
76561197960895775
76561197960895776
76561197960895777
76561197960895778
76561197960895779
76561197960895780
76561197960895781
76561197960895782
76561197960895785
76561197960895786
76561197960895789
76561197960895791
76561197960895792
76561197960895794
76561197960895795
76561197960895797
76561197960895801
76561197960895806
76561197960895808
76561197960895810
76561197960895811
76561197960895812
76561197960895813
76561197960895814
76561197960895816
76561197960895820
76561197960895821
76561197960895823
76561197960895824
76561197960895825
76561197960895828
76561197960895830
76561197960895831
76561197960895832
76561197960895833
76561197960895834
76561197960895835
76561197960895836
76561197960895838
76561197960895839
76561197960895840
76561197960895842
76561197960895843
76561197960895844
76561197960895846
76561197960895847
76561197960895848
76561197960895849
76561197960895852
76561197960895853
76561197960895855
76561197960895856
76561197960895857
76561197960895858
76561197960895859
76561197960895864
76561197960895867
76561197960895870
76561197960895871
76561197960895872
76561197960895873
76561197960895874
76561197960895875
76561197960895876
76561197960895877
76561197960895878
76561197960895879
76561197960895880
76561197960895886
76561197960895890
76561197960895892
76561197960895894
76561197960895895
76561197960895896
76561197960895897
76561197960895900
76561197960895901
76561197960895903
76561197960895904
76561197960895905
76561197960895906
76561197960895907
76561197960895909
76561197960895910
76561197960895912
76561197960895914
76561197960895916
76561197960895920
76561197960895923
76561197960895924
76561197960895925
76561197960895927
76561197960895928
76561197960895929
76561197960895930
76561197960895931
76561197960895933
76561197960895934
76561197960895935
76561197960895936
76561197960895937
76561197960895938
76561197960895942
76561197960895945
76561197960895946
76561197960895948
76561197960895951
76561197960895953
76561197960895956
76561197960895958
76561197960895959
76561197960895960
76561197960895964
76561197960895968
76561197960895969
76561197960895971
76561197960895972
76561197960895974
76561197960895975
76561197960895976
76561197960895977
76561197960895978
76561197960895980
76561197960895981
76561197960895982
76561197960895983
76561197960895985
76561197960895987
76561197960895989
76561197960895990
76561197960895994
76561197960895995
76561197960895996
76561197960895997
76561197960895998
76561197960895999
76561197960896000
76561197960896001
76561197960896004
76561197960896006
76561197960896007
76561197960896009
76561197960896011
76561197960896012
76561197960896015
76561197960896018
76561197960896019
76561197960896020
76561197960896021
76561197960896022
76561197960896024
76561197960896025
76561197960896026
76561197960896027
76561197960896028
76561197960896029
76561197960896031
76561197960896035
76561197960896036
76561197960896037
76561197960896038
76561197960896039
76561197960896040
76561197960896041
76561197960896042
76561197960896044
76561197960896045
76561197960896047
76561197960896050
76561197960896052
76561197960896053
76561197960896054
76561197960896055
76561197960896057
76561197960896058
76561197960896059
76561197960896060
76561197960896062
76561197960896063
76561197960896064
76561197960896065
76561197960896068
76561197960896069
76561197960896071
76561197960896073
76561197960896074
76561197960896075
76561197960896076
76561197960896077
76561197960896078
76561197960896082
76561197960896083
76561197960896085
76561197960896090
76561197960896091
76561197960896092
76561197960896093
76561197960896095
76561197960896097
76561197960896099
76561197960896100
76561197960896101
76561197960896102
76561197960896103
76561197960896106
76561197960896107
76561197960896108
76561197960896113
76561197960896114
76561197960896115
76561197960896117
76561197960896118
76561197960896121
76561197960896127
76561197960896128
76561197960896129
76561197960896130
76561197960896132
76561197960896134
76561197960896135
