76561197961528762
76561197961528765
76561197961528766
76561197961528768
76561197961528770
76561197961528779
76561197961528781
76561197961528783
76561197961528784
76561197961528785
76561197961528786
76561197961528788
76561197961528793
76561197961528794
76561197961528795
76561197961528799
76561197961528800
76561197961528802
76561197961528803
76561197961528804
76561197961528806
76561197961528807
76561197961528808
76561197961528809
76561197961528816
76561197961528817
76561197961528819
76561197961528822
76561197961528825
76561197961528826
76561197961528830
76561197961528833
76561197961528835
76561197961528838
76561197961528839
76561197961528840
76561197961528841
76561197961528844
76561197961528846
76561197961528847
76561197961528849
76561197961528852
76561197961528854
76561197961528855
76561197961528861
76561197961528862
76561197961528866
76561197961528867
76561197961528868
76561197961528869
76561197961528873
76561197961528877
76561197961528885
76561197961528886
76561197961528887
76561197961528888
76561197961528889
76561197961528893
76561197961528894
76561197961528897
76561197961528899
76561197961528906
76561197961528907
76561197961528908
76561197961528909
76561197961528910
76561197961528914
76561197961528915
76561197961528916
76561197961528917
76561197961528918
76561197961528919
76561197961528922
76561197961528923
76561197961528925
76561197961528927
76561197961528928
76561197961528936
76561197961528937
76561197961528939
76561197961528940
76561197961528942
76561197961528943
76561197961528946
76561197961528950
76561197961528951
76561197961528955
76561197961528956
76561197961528957
76561197961528959
76561197961528961
76561197961528964
76561197961528965
76561197961528966
76561197961528976
76561197961528977
76561197961528978
76561197961528982
76561197961528983
76561197961528984
76561197961528991
76561197961528994
76561197961528997
76561197961528998
76561197961529000
76561197961529002
76561197961529003
76561197961529004
76561197961529005
76561197961529006
76561197961529013
76561197961529014
76561197961529018
76561197961529019
76561197961529023
76561197961529024
76561197961529026
76561197961529028
76561197961529030
76561197961529031
76561197961529032
76561197961529033
76561197961529034
76561197961529035
76561197961529037
76561197961529038
76561197961529039
76561197961529042
76561197961529045
76561197961529047
76561197961529048
76561197961529050
76561197961529053
76561197961529055
76561197961529056
76561197961529057
76561197961529061
76561197961529063
76561197961529064
76561197961529065
76561197961529066
76561197961529067
76561197961529068
76561197961529077
76561197961529078
76561197961529081
76561197961529086
76561197961529089
76561197961529090
76561197961529091
76561197961529092
76561197961529095
76561197961529097
76561197961529102
76561197961529104
76561197961529109
76561197961529113
76561197961529119
76561197961529121
76561197961529122
76561197961529123
76561197961529125
76561197961529126
76561197961529127
76561197961529132
76561197961529133
76561197961529134
76561197961529136
76561197961529141
76561197961529142
76561197961529144
76561197961529145
76561197961529148
76561197961529149
76561197961529151
76561197961529154
76561197961529155
76561197961529157
76561197961529159
76561197961529160
76561197961529162
76561197961529164
76561197961529165
76561197961529169
76561197961529170
76561197961529174
76561197961529175
76561197961529179
76561197961529180
76561197961529186
76561197961529188
76561197961529191
76561197961529192
76561197961529194
76561197961529196
76561197961529199
76561197961529200
76561197961529201
76561197961529202
76561197961529203
76561197961529209
76561197961529210
76561197961529216
76561197961529220
76561197961529222
76561197961529228
76561197961529229
76561197961529233
76561197961529235
76561197961529236
76561197961529238
76561197961529240
76561197961529241
76561197961529242
76561197961529244
76561197961529245
76561197961529247
76561197961529248
76561197961529249
76561197961529250
76561197961529251
76561197961529253
76561197961529255
76561197961529256
76561197961529260
76561197961529261
76561197961529262
76561197961529263
76561197961529267
76561197961529269
76561197961529271
76561197961529272
76561197961529273
76561197961529275
76561197961529281
76561197961529282
76561197961529283
76561197961529285
76561197961529289
76561197961529290
76561197961529292
76561197961529293
76561197961529295
76561197961529297
76561197961529298
76561197961529299
76561197961529301
76561197961529302
76561197961529308
76561197961529309
76561197961529310
76561197961529313
76561197961529317
76561197961529318
76561197961529319
76561197961529320
76561197961529321
76561197961529323
76561197961529324
76561197961529325
76561197961529328
76561197961529329
76561197961529332
76561197961529333
76561197961529334
76561197961529337
76561197961529340
76561197961529342
76561197961529344
76561197961529345
76561197961529347
76561197961529348
76561197961529351
76561197961529352
76561197961529354
76561197961529355
76561197961529356
76561197961529357
76561197961529361
76561197961529364
76561197961529365
76561197961529366
76561197961529370
76561197961529373
76561197961529374
76561197961529377
76561197961529381
76561197961529384
76561197961529386
76561197961529387
76561197961529390
76561197961529391
76561197961529395
76561197961529397
76561197961529398
76561197961529399
76561197961529400
76561197961529403
76561197961529404
76561197961529405
76561197961529407
76561197961529411
76561197961529412
76561197961529413
76561197961529415
76561197961529416
76561197961529419
76561197961529425
76561197961529426
76561197961529427
76561197961529431
76561197961529437
76561197961529446
76561197961529447
76561197961529448
76561197961529450
76561197961529451
76561197961529454
76561197961529456
76561197961529458
76561197961529461
76561197961529462
76561197961529465
76561197961529468
76561197961529470
76561197961529471
76561197961529473
76561197961529478
76561197961529480
76561197961529481
76561197961529483
76561197961529485
76561197961529488
76561197961529491
76561197961529492
76561197961529493
76561197961529494
76561197961529496
76561197961529497
76561197961529503
76561197961529506
76561197961529510
76561197961529514
76561197961529515
76561197961529518
76561197961529521
76561197961529522
76561197961529523
76561197961529524
76561197961529525
76561197961529528
76561197961529530
76561197961529531
76561197961529533
76561197961529535
76561197961529536
76561197961529537
76561197961529538
76561197961529541
76561197961529543
76561197961529545
76561197961529547
76561197961529548
76561197961529549
76561197961529554
76561197961529555
76561197961529557
76561197961529560
76561197961529565
76561197961529566
76561197961529569
76561197961529570
76561197961529572
76561197961529575
76561197961529576
76561197961529579
76561197961529581
76561197961529583
76561197961529584
76561197961529585
76561197961529588
76561197961529589
76561197961529592
76561197961529595
76561197961529599
76561197961529601
76561197961529605
76561197961529606
76561197961529607
76561197961529612
76561197961529621
76561197961529622
76561197961529623
76561197961529624
76561197961529626
76561197961529627
76561197961529629
76561197961529632
76561197961529634
76561197961529640
76561197961529642
76561197961529643
76561197961529644
76561197961529645
76561197961529647
76561197961529653
76561197961529655
76561197961529666
76561197961529667
76561197961529670
76561197961529673
76561197961529675
76561197961529681
76561197961529685
76561197961529686
76561197961529687
76561197961529693
76561197961529695
76561197961529697
76561197961529699
76561197961529700
76561197961529701
76561197961529705
76561197961529706
76561197961529710
76561197961529711
76561197961529713
76561197961529714
76561197961529715
76561197961529722
76561197961529724
76561197961529726
76561197961529728
76561197961529731
76561197961529734
76561197961529737
76561197961529744
76561197961529748
76561197961529749
76561197961529751
76561197961529752
76561197961529753
76561197961529754
76561197961529758
76561197961529761
76561197961529764
76561197961529765
76561197961529766
76561197961529767
76561197961529768
76561197961529771
76561197961529773
76561197961529776
76561197961529777
76561197961529778
76561197961529779
76561197961529785
76561197961529789
76561197961529792
76561197961529795
76561197961529797
76561197961529798
76561197961529800
76561197961529801
76561197961529802
76561197961529803
76561197961529805
76561197961529808
76561197961529814
76561197961529816
76561197961529817
76561197961529818
76561197961529821
76561197961529824
76561197961529827
76561197961529828
76561197961529833
76561197961529837
76561197961529838
76561197961529839
76561197961529841
76561197961529843
76561197961529849
76561197961529850
76561197961529852
76561197961529853
76561197961529856
76561197961529859
76561197961529860
76561197961529861
76561197961529862
76561197961529863
76561197961529868
76561197961529872
76561197961529874
76561197961529877
76561197961529879
76561197961529880
76561197961529882
76561197961529883
76561197961529884
76561197961529885
76561197961529886
76561197961529892
76561197961529893
76561197961529894
76561197961529895
76561197961529896
76561197961529900
76561197961529901
76561197961529902
76561197961529903
76561197961529904
76561197961529906
76561197961529911
76561197961529912
76561197961529913
76561197961529914
76561197961529915
76561197961529918
76561197961529921
76561197961529924
76561197961529926
76561197961529927
76561197961529929
76561197961529931
76561197961529934
76561197961529937
76561197961529938
76561197961529943
76561197961529945
76561197961529946
76561197961529949
76561197961529951
76561197961529952
76561197961529953
76561197961529955
76561197961529962
76561197961529964
76561197961529965
76561197961529966
76561197961529967
76561197961529973
76561197961529978
76561197961529986
76561197961529989
76561197961529991
76561197961529993
76561197961529994
76561197961529995
76561197961529998
76561197961530000
76561197961530002
76561197961530003
76561197961530006
76561197961530007
76561197961530008
76561197961530009
76561197961530010
76561197961530011
76561197961530017
76561197961530020
76561197961530022
76561197961530028
76561197961530029
76561197961530030
76561197961530032
76561197961530033
76561197961530034
76561197961530036
76561197961530042
76561197961530045
76561197961530046
76561197961530047
76561197961530048
76561197961530050
76561197961530054
76561197961530056
76561197961530057
76561197961530058
76561197961530060
76561197961530061
76561197961530063
76561197961530069
76561197961530070
76561197961530072
76561197961530074
76561197961530077
76561197961530078
76561197961530081
76561197961530082
76561197961530085
76561197961530096
76561197961530097
76561197961530099
76561197961530109
76561197961530110
76561197961530111
76561197961530114
76561197961530119
76561197961530120
76561197961530121
76561197961530128
76561197961530129
76561197961530130
76561197961530132
76561197961530136
76561197961530137
76561197961530139
76561197961530140
76561197961530141
76561197961530142
76561197961530143
76561197961530146
76561197961530148
76561197961530150
76561197961530151
76561197961530153
76561197961530154
76561197961530155
76561197961530159
76561197961530160
76561197961530161
76561197961530164
76561197961530165
76561197961530167
76561197961530168
76561197961530170
76561197961530171
76561197961530175
76561197961530176
76561197961530177
76561197961530181
76561197961530184
76561197961530185
76561197961530187
76561197961530189
76561197961530190
76561197961530192
76561197961530193
76561197961530194
76561197961530195
76561197961530198
76561197961530204
76561197961530211
76561197961530214
76561197961530219
76561197961530221
76561197961530223
76561197961530224
76561197961530225
76561197961530227
76561197961530228
76561197961530233
76561197961530234
76561197961530235
76561197961530237
76561197961530241
76561197961530242
76561197961530247
76561197961530248
76561197961530252
76561197961530253
76561197961530257
76561197961530260
76561197961530261
76561197961530262
76561197961530263
76561197961530267
76561197961530268
76561197961530271
76561197961530273
76561197961530276
76561197961530282
76561197961530284
76561197961530285
76561197961530287
76561197961530288
76561197961530291
76561197961530292
76561197961530294
76561197961530297
76561197961530299
76561197961530301
76561197961530303
76561197961530304
76561197961530306
76561197961530310
76561197961530311
76561197961530312
76561197961530314
76561197961530318
76561197961530319
76561197961530323
76561197961530324
76561197961530330
76561197961530334
76561197961530342
76561197961530343
76561197961530344
76561197961530345
76561197961530347
76561197961530349
76561197961530350
76561197961530352
76561197961530356
76561197961530357
76561197961530359
76561197961530360
76561197961530361
76561197961530362
76561197961530364
76561197961530365
76561197961530368
76561197961530369
76561197961530370
76561197961530376
76561197961530378
76561197961530380
76561197961530382
76561197961530383
76561197961530385
76561197961530386
76561197961530388
76561197961530395
76561197961530396
76561197961530397
76561197961530398
76561197961530399
76561197961530404
76561197961530407
76561197961530409
76561197961530410
76561197961530411
76561197961530412
76561197961530413
76561197961530414
76561197961530416
76561197961530419
76561197961530424
76561197961530426
76561197961530427
76561197961530428
76561197961530430
76561197961530431
76561197961530434
76561197961530436
76561197961530438
76561197961530439
76561197961530443
76561197961530445
76561197961530447
76561197961530452
76561197961530455
76561197961530456
76561197961530457
76561197961530458
76561197961530459
76561197961530462
76561197961530464
76561197961530465
76561197961530466
76561197961530468
76561197961530469
76561197961530470
76561197961530471
76561197961530472
76561197961530473
76561197961530474
76561197961530475
76561197961530480
76561197961530482
76561197961530483
76561197961530484
76561197961530486
76561197961530487
76561197961530490
76561197961530492
76561197961530494
76561197961530496
76561197961530500
76561197961530503
76561197961530504
76561197961530505
76561197961530506
76561197961530507
76561197961530510
76561197961530511
76561197961530512
76561197961530513
76561197961530514
76561197961530517
76561197961530525
76561197961530526
76561197961530531
76561197961530532
76561197961530533
76561197961530534
76561197961530536
76561197961530537
76561197961530539
76561197961530540
76561197961530544
76561197961530545
76561197961530546
76561197961530547
76561197961530550
76561197961530555
76561197961530556
76561197961530557
76561197961530558
76561197961530559
76561197961530561
76561197961530562
76561197961530565
76561197961530566
76561197961530567
76561197961530569
76561197961530571
76561197961530575
76561197961530578
76561197961530581
76561197961530582
76561197961530584
76561197961530585
76561197961530586
76561197961530590
76561197961530591
76561197961530592
76561197961530593
76561197961530595
76561197961530596
76561197961530602
76561197961530604
76561197961530608
76561197961530612
76561197961530614
76561197961530621
76561197961530622
76561197961530625
76561197961530626
76561197961530628
76561197961530632
76561197961530635
76561197961530637
76561197961530639
76561197961530645
76561197961530646
76561197961530650
76561197961530651
76561197961530653
76561197961530658
76561197961530659
76561197961530666
76561197961530671
76561197961530673
76561197961530676
76561197961530681
76561197961530683
76561197961530686
76561197961530687
76561197961530689
76561197961530690
76561197961530691
76561197961530693
76561197961530697
76561197961530708
76561197961530709
76561197961530713
76561197961530714
76561197961530716
76561197961530717
76561197961530718
76561197961530720
76561197961530722
76561197961530726
76561197961530732
76561197961530733
76561197961530735
76561197961530740
76561197961530741
76561197961530743
76561197961530747
76561197961530749
76561197961530751
76561197961530754
76561197961530756
76561197961530758
76561197961530761
76561197961530763
76561197961530764
76561197961530765
76561197961530766
76561197961530768
76561197961530769
76561197961530770
76561197961530771
76561197961530772
76561197961530774
76561197961530776
76561197961530778
76561197961530781
76561197961530783
76561197961530784
76561197961530786
76561197961530789
76561197961530792
76561197961530795
76561197961530797
76561197961530799
76561197961530805
76561197961530807
76561197961530810
76561197961530811
76561197961530812
76561197961530815
76561197961530817
76561197961530818
76561197961530820
76561197961530828
76561197961530830
76561197961530831
76561197961530832
76561197961530834
76561197961530838
76561197961530843
76561197961530844
76561197961530845
76561197961530847
76561197961530848
76561197961530849
76561197961530850
76561197961530854
76561197961530855
76561197961530856
76561197961530858
76561197961530859
76561197961530860
76561197961530861
76561197961530863
76561197961530865
76561197961530869
76561197961530871
76561197961530872
76561197961530873
76561197961530876
76561197961530878
76561197961530881
76561197961530887
76561197961530889
76561197961530890
76561197961530893
76561197961530895
76561197961530898
76561197961530900
76561197961530901
76561197961530907
76561197961530908
76561197961530909
76561197961530911
76561197961530912
76561197961530914
76561197961530918
76561197961530920
76561197961530923
76561197961530925
76561197961530927
76561197961530931
76561197961530934
76561197961530938
76561197961530939
76561197961530940
76561197961530941
76561197961530942
76561197961530943
76561197961530945
76561197961530946
76561197961530947
76561197961530948
76561197961530951
76561197961530952
76561197961530955
76561197961530956
76561197961530958
76561197961530959
76561197961530961
76561197961530962
76561197961530967
76561197961530968
76561197961530969
76561197961530972
76561197961530973
76561197961530974
76561197961530977
76561197961530978
76561197961530979
76561197961530980
76561197961530982
76561197961530985
76561197961530986
