76561197961495011
76561197961495012
76561197961495013
76561197961495016
76561197961495018
76561197961495020
76561197961495021
76561197961495024
76561197961495025
76561197961495026
76561197961495027
76561197961495028
76561197961495034
76561197961495035
76561197961495036
76561197961495037
76561197961495038
76561197961495039
76561197961495043
76561197961495044
76561197961495046
76561197961495050
76561197961495055
76561197961495057
76561197961495058
76561197961495060
76561197961495062
76561197961495064
76561197961495068
76561197961495071
76561197961495072
76561197961495073
76561197961495074
76561197961495078
76561197961495084
76561197961495085
76561197961495087
76561197961495091
76561197961495100
76561197961495101
76561197961495102
76561197961495103
76561197961495107
76561197961495109
76561197961495110
76561197961495111
76561197961495115
76561197961495116
76561197961495117
76561197961495120
76561197961495124
76561197961495125
76561197961495126
76561197961495127
76561197961495129
76561197961495130
76561197961495132
76561197961495133
76561197961495134
76561197961495137
76561197961495138
76561197961495142
76561197961495143
76561197961495144
76561197961495146
76561197961495148
76561197961495149
76561197961495153
76561197961495155
76561197961495156
76561197961495157
76561197961495158
76561197961495159
76561197961495160
76561197961495162
76561197961495163
76561197961495164
76561197961495166
76561197961495168
76561197961495170
76561197961495172
76561197961495174
76561197961495175
76561197961495176
76561197961495179
76561197961495181
76561197961495183
76561197961495188
76561197961495190
76561197961495192
76561197961495193
76561197961495196
76561197961495200
76561197961495201
76561197961495202
76561197961495203
76561197961495206
76561197961495207
76561197961495208
76561197961495209
76561197961495211
76561197961495212
76561197961495213
76561197961495218
76561197961495220
76561197961495221
76561197961495223
76561197961495224
76561197961495225
76561197961495226
76561197961495228
76561197961495230
76561197961495232
76561197961495235
76561197961495237
76561197961495238
76561197961495242
76561197961495243
76561197961495244
76561197961495245
76561197961495249
76561197961495250
76561197961495252
76561197961495253
76561197961495255
76561197961495258
76561197961495259
76561197961495260
76561197961495261
76561197961495262
76561197961495263
76561197961495264
76561197961495265
76561197961495267
76561197961495268
76561197961495269
76561197961495270
76561197961495271
76561197961495272
76561197961495274
76561197961495275
76561197961495276
76561197961495279
76561197961495280
76561197961495283
76561197961495285
76561197961495287
76561197961495290
76561197961495291
76561197961495292
76561197961495294
76561197961495295
76561197961495297
76561197961495298
76561197961495299
76561197961495301
76561197961495304
76561197961495305
76561197961495310
76561197961495311
76561197961495312
76561197961495313
76561197961495314
76561197961495315
76561197961495316
76561197961495317
76561197961495318
76561197961495319
76561197961495320
76561197961495321
76561197961495322
76561197961495323
76561197961495324
76561197961495325
76561197961495328
76561197961495330
76561197961495333
76561197961495334
76561197961495335
76561197961495336
76561197961495337
76561197961495339
76561197961495340
76561197961495343
76561197961495345
76561197961495347
76561197961495349
76561197961495350
76561197961495351
76561197961495353
76561197961495354
76561197961495356
76561197961495358
76561197961495360
76561197961495363
76561197961495364
76561197961495368
76561197961495369
76561197961495372
76561197961495373
76561197961495376
76561197961495377
76561197961495379
76561197961495381
76561197961495383
76561197961495384
76561197961495385
76561197961495387
76561197961495388
76561197961495389
76561197961495392
76561197961495393
76561197961495394
76561197961495396
76561197961495397
76561197961495398
76561197961495399
76561197961495402
76561197961495406
76561197961495407
76561197961495408
76561197961495409
76561197961495410
76561197961495412
76561197961495413
76561197961495414
76561197961495417
76561197961495418
76561197961495423
76561197961495425
76561197961495426
76561197961495427
76561197961495428
76561197961495429
76561197961495430
76561197961495433
76561197961495434
76561197961495435
76561197961495437
76561197961495438
76561197961495439
76561197961495440
76561197961495443
76561197961495446
76561197961495447
76561197961495451
76561197961495452
76561197961495454
76561197961495456
76561197961495458
76561197961495459
76561197961495460
76561197961495462
76561197961495464
76561197961495465
76561197961495468
76561197961495469
76561197961495470
76561197961495471
76561197961495473
76561197961495474
76561197961495476
76561197961495477
76561197961495478
76561197961495480
76561197961495481
76561197961495482
76561197961495484
76561197961495485
76561197961495486
76561197961495487
76561197961495489
76561197961495490
76561197961495491
76561197961495493
76561197961495496
76561197961495497
76561197961495498
76561197961495502
76561197961495503
76561197961495505
76561197961495506
76561197961495507
76561197961495508
76561197961495512
76561197961495516
76561197961495519
76561197961495522
76561197961495524
76561197961495527
76561197961495528
76561197961495531
76561197961495533
76561197961495534
76561197961495536
76561197961495537
76561197961495538
76561197961495539
76561197961495540
76561197961495541
76561197961495542
76561197961495543
76561197961495544
76561197961495546
76561197961495547
76561197961495548
76561197961495555
76561197961495556
76561197961495557
76561197961495561
76561197961495564
76561197961495566
76561197961495567
76561197961495569
76561197961495571
76561197961495572
76561197961495574
76561197961495576
76561197961495577
76561197961495579
76561197961495583
76561197961495584
76561197961495586
76561197961495587
76561197961495589
76561197961495591
76561197961495593
76561197961495594
76561197961495597
76561197961495599
76561197961495600
76561197961495603
76561197961495605
76561197961495606
76561197961495607
76561197961495609
76561197961495611
76561197961495612
76561197961495613
76561197961495614
76561197961495616
76561197961495617
76561197961495618
76561197961495619
76561197961495620
76561197961495622
76561197961495628
76561197961495629
76561197961495630
76561197961495631
76561197961495632
76561197961495633
76561197961495635
76561197961495641
76561197961495642
76561197961495644
76561197961495645
76561197961495646
76561197961495647
76561197961495648
76561197961495649
76561197961495650
76561197961495651
76561197961495653
76561197961495654
76561197961495655
76561197961495656
76561197961495657
76561197961495658
76561197961495661
76561197961495663
76561197961495664
76561197961495666
76561197961495667
76561197961495669
76561197961495672
76561197961495674
76561197961495675
76561197961495676
76561197961495679
76561197961495680
76561197961495682
76561197961495683
76561197961495685
76561197961495692
76561197961495693
76561197961495694
76561197961495699
76561197961495700
76561197961495701
76561197961495702
76561197961495703
76561197961495706
76561197961495708
76561197961495709
76561197961495710
76561197961495712
76561197961495713
76561197961495714
76561197961495715
76561197961495719
76561197961495720
76561197961495721
76561197961495724
76561197961495725
76561197961495727
76561197961495729
76561197961495731
76561197961495733
76561197961495734
76561197961495737
76561197961495739
76561197961495740
76561197961495742
76561197961495744
76561197961495745
76561197961495746
76561197961495748
76561197961495750
76561197961495752
76561197961495753
76561197961495754
76561197961495756
76561197961495760
76561197961495761
76561197961495763
76561197961495764
76561197961495766
76561197961495768
76561197961495769
76561197961495770
76561197961495772
76561197961495773
76561197961495775
76561197961495776
76561197961495777
76561197961495785
76561197961495788
76561197961495790
76561197961495791
76561197961495794
76561197961495795
76561197961495797
76561197961495798
76561197961495799
76561197961495800
76561197961495802
76561197961495804
76561197961495806
76561197961495807
76561197961495811
76561197961495812
76561197961495813
76561197961495814
76561197961495815
76561197961495817
76561197961495818
76561197961495819
76561197961495821
76561197961495822
76561197961495825
76561197961495826
76561197961495828
76561197961495829
76561197961495830
76561197961495831
76561197961495835
76561197961495842
76561197961495843
76561197961495844
76561197961495846
76561197961495848
76561197961495849
76561197961495850
76561197961495851
76561197961495852
76561197961495854
76561197961495856
76561197961495858
76561197961495861
76561197961495867
76561197961495868
76561197961495869
76561197961495871
76561197961495872
76561197961495876
76561197961495878
76561197961495879
76561197961495881
76561197961495882
76561197961495883
76561197961495884
76561197961495886
76561197961495887
76561197961495890
76561197961495891
76561197961495892
76561197961495893
76561197961495894
76561197961495896
76561197961495897
76561197961495898
76561197961495902
76561197961495903
76561197961495904
76561197961495905
76561197961495906
76561197961495907
76561197961495908
76561197961495909
76561197961495911
76561197961495912
76561197961495913
76561197961495917
76561197961495918
76561197961495919
76561197961495922
76561197961495924
76561197961495925
76561197961495927
76561197961495928
76561197961495929
76561197961495931
76561197961495932
76561197961495934
76561197961495935
76561197961495938
76561197961495939
76561197961495940
76561197961495941
76561197961495942
76561197961495944
76561197961495947
76561197961495948
76561197961495949
76561197961495950
76561197961495951
76561197961495955
76561197961495956
76561197961495957
76561197961495959
76561197961495960
76561197961495964
76561197961495965
76561197961495968
76561197961495969
76561197961495970
76561197961495971
76561197961495973
76561197961495975
76561197961495976
76561197961495977
76561197961495978
76561197961495980
76561197961495981
76561197961495983
76561197961495986
76561197961495987
76561197961495988
76561197961495989
76561197961495991
76561197961495994
76561197961495995
76561197961495997
76561197961495999
76561197961496001
76561197961496004
76561197961496005
76561197961496007
76561197961496008
76561197961496011
76561197961496013
76561197961496014
76561197961496015
76561197961496017
76561197961496018
76561197961496020
76561197961496021
76561197961496023
76561197961496024
76561197961496027
76561197961496029
76561197961496030
76561197961496032
76561197961496033
76561197961496034
76561197961496035
76561197961496036
76561197961496037
76561197961496039
76561197961496041
76561197961496043
76561197961496045
76561197961496050
76561197961496051
76561197961496053
76561197961496055
76561197961496056
76561197961496058
76561197961496059
76561197961496060
76561197961496063
76561197961496066
76561197961496067
76561197961496068
76561197961496069
76561197961496070
76561197961496071
76561197961496072
76561197961496074
76561197961496079
76561197961496083
76561197961496084
76561197961496085
76561197961496086
76561197961496089
76561197961496090
76561197961496096
76561197961496097
76561197961496098
76561197961496099
76561197961496101
76561197961496102
76561197961496103
76561197961496108
76561197961496110
76561197961496112
76561197961496113
76561197961496114
76561197961496116
76561197961496120
76561197961496122
76561197961496125
76561197961496126
76561197961496129
76561197961496130
76561197961496131
76561197961496132
76561197961496133
76561197961496135
76561197961496136
76561197961496137
76561197961496140
76561197961496141
76561197961496143
76561197961496144
76561197961496146
76561197961496148
76561197961496149
76561197961496150
76561197961496151
76561197961496154
76561197961496156
76561197961496159
76561197961496160
76561197961496162
76561197961496163
76561197961496164
76561197961496165
76561197961496167
76561197961496172
76561197961496173
76561197961496176
76561197961496177
76561197961496178
76561197961496179
76561197961496181
76561197961496182
76561197961496185
76561197961496186
76561197961496189
76561197961496190
76561197961496191
76561197961496192
76561197961496193
76561197961496194
76561197961496197
76561197961496199
76561197961496201
76561197961496204
76561197961496205
76561197961496206
76561197961496207
76561197961496208
76561197961496214
76561197961496216
76561197961496218
76561197961496219
76561197961496282
76561197961496284
76561197961496297
76561197961496322
76561197961496338
76561197961496340
76561197961496341
76561197961496342
76561197961496343
76561197961496346
76561197961496348
76561197961496349
76561197961496350
76561197961496351
76561197961496352
76561197961496353
76561197961496354
76561197961496358
76561197961496360
76561197961496361
76561197961496362
76561197961496368
76561197961496369
76561197961496371
76561197961496372
76561197961496373
76561197961496374
76561197961496376
76561197961496377
76561197961496379
76561197961496380
76561197961496381
76561197961496383
76561197961496386
76561197961496389
76561197961496390
76561197961496393
76561197961496394
76561197961496395
76561197961496396
76561197961496399
76561197961496400
76561197961496401
76561197961496402
76561197961496403
76561197961496405
76561197961496407
76561197961496412
76561197961496417
76561197961496419
76561197961496420
76561197961496422
76561197961496423
76561197961496425
76561197961496426
76561197961496427
76561197961496428
76561197961496429
76561197961496431
76561197961496434
76561197961496436
76561197961496438
76561197961496439
76561197961496440
76561197961496443
76561197961496448
76561197961496451
76561197961496454
76561197961496455
76561197961496457
76561197961496458
76561197961496460
76561197961496462
76561197961496463
76561197961496465
76561197961496467
76561197961496469
76561197961496473
76561197961496477
76561197961496478
76561197961496479
76561197961496480
76561197961496482
76561197961496483
76561197961496486
76561197961496489
76561197961496490
76561197961496493
76561197961496494
76561197961496495
76561197961496498
76561197961496499
76561197961496500
76561197961496502
76561197961496505
76561197961496506
76561197961496507
76561197961496508
76561197961496512
76561197961496513
76561197961496514
76561197961496515
76561197961496518
76561197961496520
76561197961496522
76561197961496523
76561197961496525
76561197961496526
76561197961496529
76561197961496531
76561197961496532
76561197961496533
76561197961496534
76561197961496535
76561197961496537
76561197961496539
76561197961496540
76561197961496541
76561197961496542
76561197961496543
76561197961496544
76561197961496546
76561197961496550
76561197961496552
76561197961496553
76561197961496555
76561197961496556
76561197961496557
76561197961496558
76561197961496561
76561197961496565
76561197961496566
76561197961496567
76561197961496568
76561197961496571
76561197961496572
76561197961496577
76561197961496578
76561197961496579
76561197961496580
76561197961496581
76561197961496582
76561197961496583
76561197961496584
76561197961496585
76561197961496586
76561197961496587
76561197961496588
76561197961496589
76561197961496591
76561197961496592
76561197961496593
76561197961496594
76561197961496595
76561197961496596
76561197961496597
76561197961496599
76561197961496606
76561197961496607
76561197961496609
76561197961496610
76561197961496615
76561197961496619
76561197961496621
76561197961496623
76561197961496627
76561197961496629
76561197961496633
76561197961496635
76561197961496639
76561197961496641
76561197961496645
76561197961496647
76561197961496649
76561197961496653
76561197961496655
76561197961496657
76561197961496661
76561197961496667
76561197961496669
76561197961496671
76561197961496673
76561197961496677
76561197961496679
76561197961496683
76561197961496687
76561197961496689
76561197961496703
76561197961496705
76561197961496707
76561197961496713
76561197961496717
76561197961496719
76561197961496721
76561197961496723
76561197961496725
76561197961496727
76561197961496729
76561197961496735
76561197961496737
76561197961496739
76561197961496741
76561197961496743
76561197961496745
76561197961496749
76561197961496755
76561197961496759
76561197961496763
76561197961496765
76561197961496773
76561197961496777
76561197961496783
76561197961496795
76561197961496799
76561197961496805
76561197961496807
76561197961496813
76561197961496819
76561197961496821
76561197961496823
76561197961496829
76561197961496831
76561197961496833
76561197961496839
76561197961496843
76561197961496845
76561197961496847
76561197961496849
76561197961496851
76561197961496857
76561197961496863
76561197961496871
76561197961496877
76561197961496879
76561197961496881
76561197961496885
76561197961496887
76561197961496889
76561197961496891
76561197961496893
76561197961496895
76561197961496899
76561197961496901
76561197961496903
76561197961496909
76561197961496911
76561197961496915
76561197961496917
76561197961496921
76561197961496923
76561197961496925
76561197961496927
76561197961496931
76561197961496935
76561197961496939
76561197961496941
76561197961496947
76561197961496955
76561197961496961
76561197961496965
76561197961496971
76561197961496973
76561197961496975
76561197961496983
76561197961496995
76561197961497003
76561197961497005
76561197961497009
76561197961497011
76561197961497015
76561197961497017
76561197961497019
76561197961497021
76561197961497023
76561197961497025
76561197961497027
76561197961497031
76561197961497033
76561197961497039
76561197961497042
76561197961497051
76561197961497053
76561197961497057
76561197961497059
76561197961497061
76561197961497063
76561197961497065
76561197961497067
76561197961497069
76561197961497071
76561197961497077
76561197961497078
76561197961497083
76561197961497085
76561197961497087
76561197961497088
76561197961497099
76561197961497101
76561197961497105
76561197961497109
76561197961497111
76561197961497113
76561197961497115
76561197961497117
76561197961497119
76561197961497120
76561197961497125
76561197961497127
76561197961497129
76561197961497130
76561197961497131
76561197961497133
