76561197960274177
76561197960274178
76561197960274179
76561197960274180
76561197960274181
76561197960274182
76561197960274183
76561197960274184
76561197960274185
76561197960274186
76561197960274187
76561197960274188
76561197960274189
76561197960274190
76561197960274191
76561197960274193
76561197960274194
76561197960274195
76561197960274196
76561197960274197
76561197960274198
76561197960274199
76561197960274200
76561197960274201
76561197960274202
76561197960274203
76561197960274204
76561197960274205
76561197960274206
76561197960274207
76561197960274208
76561197960274209
76561197960274212
76561197960274213
76561197960274214
76561197960274215
76561197960274216
76561197960274217
76561197960274218
76561197960274219
76561197960274220
76561197960274221
76561197960274222
76561197960274223
76561197960274224
76561197960274225
76561197960274226
76561197960274227
76561197960274228
76561197960274229
76561197960274230
76561197960274231
76561197960274232
76561197960274233
76561197960274234
76561197960274235
76561197960274237
76561197960274238
76561197960274239
76561197960274240
76561197960274241
76561197960274242
76561197960274243
76561197960274244
76561197960274245
76561197960274246
76561197960274247
76561197960274248
76561197960274249
76561197960274250
76561197960274251
76561197960274252
76561197960274253
76561197960274254
76561197960274255
76561197960274256
76561197960274257
76561197960274258
76561197960274259
76561197960274260
76561197960274261
76561197960274263
76561197960274264
76561197960274265
76561197960274266
76561197960274267
76561197960274268
76561197960274269
76561197960274270
76561197960274271
76561197960274272
76561197960274273
76561197960274274
76561197960274275
76561197960274276
76561197960274277
76561197960274278
76561197960274280
76561197960274281
76561197960274282
76561197960274283
76561197960274284
76561197960274285
76561197960274286
76561197960274287
76561197960274288
76561197960274289
76561197960274290
76561197960274291
76561197960274292
76561197960274293
76561197960274294
76561197960274295
76561197960274296
76561197960274298
76561197960274299
76561197960274301
76561197960274302
76561197960274303
76561197960274304
76561197960274305
76561197960274306
76561197960274307
76561197960274308
76561197960274309
76561197960274310
76561197960274311
76561197960274312
76561197960274313
76561197960274314
76561197960274315
76561197960274316
76561197960274317
76561197960274318
76561197960274319
76561197960274322
76561197960274324
76561197960274325
76561197960274326
76561197960274327
76561197960274328
76561197960274329
76561197960274330
76561197960274331
76561197960274332
76561197960274333
76561197960274334
76561197960274335
76561197960274336
76561197960274337
76561197960274339
76561197960274340
76561197960274341
76561197960274342
76561197960274343
76561197960274344
76561197960274345
76561197960274346
76561197960274347
76561197960274348
76561197960274349
76561197960274350
76561197960274351
76561197960274352
76561197960274353
76561197960274354
76561197960274355
76561197960274356
76561197960274357
76561197960274358
76561197960274359
76561197960274360
76561197960274361
76561197960274362
76561197960274363
76561197960274364
76561197960274365
76561197960274366
76561197960274367
76561197960274368
76561197960274369
76561197960274370
76561197960274371
76561197960274372
76561197960274373
76561197960274374
76561197960274375
76561197960274376
76561197960274377
76561197960274378
76561197960274379
76561197960274381
76561197960274382
76561197960274383
76561197960274384
76561197960274385
76561197960274388
76561197960274389
76561197960274390
76561197960274391
76561197960274392
76561197960274393
76561197960274394
76561197960274395
76561197960274396
76561197960274397
76561197960274398
76561197960274399
76561197960274400
76561197960274401
76561197960274402
76561197960274403
76561197960274404
76561197960274405
76561197960274406
76561197960274407
76561197960274408
76561197960274409
76561197960274410
76561197960274411
76561197960274412
76561197960274413
76561197960274414
76561197960274415
76561197960274416
76561197960274417
76561197960274418
76561197960274419
76561197960274420
76561197960274421
76561197960274422
76561197960274423
76561197960274424
76561197960274425
76561197960274426
76561197960274427
76561197960274428
76561197960274429
76561197960274430
76561197960274431
76561197960274432
76561197960274433
76561197960274434
76561197960274435
76561197960274436
76561197960274437
76561197960274438
76561197960274439
76561197960274440
76561197960274441
76561197960274442
76561197960274443
76561197960274444
76561197960274445
76561197960274447
76561197960274448
76561197960274449
76561197960274450
76561197960274451
76561197960274452
76561197960274453
76561197960274454
76561197960274456
76561197960274457
76561197960274458
76561197960274459
76561197960274460
76561197960274461
76561197960274462
76561197960274463
76561197960274464
76561197960274465
76561197960274466
76561197960274467
76561197960274468
76561197960274469
76561197960274470
76561197960274471
76561197960274472
76561197960274473
76561197960274474
76561197960274476
76561197960274477
76561197960274478
76561197960274479
76561197960274480
76561197960274481
76561197960274482
76561197960274483
76561197960274484
76561197960274485
76561197960274486
76561197960274487
76561197960274488
76561197960274489
76561197960274490
76561197960274491
76561197960274492
76561197960274493
76561197960274494
76561197960274495
76561197960274496
76561197960274497
76561197960274498
76561197960274499
76561197960274500
76561197960274501
76561197960274502
76561197960274503
76561197960274504
76561197960274505
76561197960274506
76561197960274507
76561197960274508
76561197960274509
76561197960274510
76561197960274511
76561197960274512
76561197960274513
76561197960274514
76561197960274515
76561197960274517
76561197960274518
76561197960274520
76561197960274521
76561197960274522
76561197960274523
76561197960274524
76561197960274525
76561197960274526
76561197960274527
76561197960274528
76561197960274529
76561197960274530
76561197960274531
76561197960274532
76561197960274533
76561197960274534
76561197960274535
76561197960274536
76561197960274537
76561197960274538
76561197960274539
76561197960274540
76561197960274541
76561197960274543
76561197960274544
76561197960274545
76561197960274546
76561197960274547
76561197960274548
76561197960274549
76561197960274550
76561197960274552
76561197960274553
76561197960274554
76561197960274555
76561197960274556
76561197960274557
76561197960274558
76561197960274559
76561197960274560
76561197960274561
76561197960274562
76561197960274563
76561197960274564
76561197960274565
76561197960274566
76561197960274567
76561197960274568
76561197960274569
76561197960274571
76561197960274572
76561197960274573
76561197960274574
76561197960274575
76561197960274576
76561197960274577
76561197960274578
76561197960274579
76561197960274580
76561197960274581
76561197960274582
76561197960274583
76561197960274584
76561197960274585
76561197960274586
76561197960274587
76561197960274588
76561197960274589
76561197960274590
76561197960274592
76561197960274593
76561197960274594
76561197960274595
76561197960274596
76561197960274597
76561197960274598
76561197960274599
76561197960274600
76561197960274601
76561197960274602
76561197960274603
76561197960274604
76561197960274605
76561197960274606
76561197960274607
76561197960274608
76561197960274609
76561197960274610
76561197960274611
76561197960274612
76561197960274613
76561197960274614
76561197960274615
76561197960274616
76561197960274617
76561197960274618
76561197960274619
76561197960274620
76561197960274621
76561197960274622
76561197960274623
76561197960274624
76561197960274625
76561197960274626
76561197960274627
76561197960274628
76561197960274629
76561197960274630
76561197960274631
76561197960274632
76561197960274633
76561197960274634
76561197960274635
76561197960274636
76561197960274637
76561197960274638
76561197960274639
76561197960274640
76561197960274641
76561197960274642
76561197960274643
76561197960274644
76561197960274645
76561197960274646
76561197960274647
76561197960274648
76561197960274649
76561197960274650
76561197960274651
76561197960274652
76561197960274653
76561197960274654
76561197960274655
76561197960274656
76561197960274657
76561197960274658
76561197960274659
76561197960274660
76561197960274661
76561197960274662
76561197960274663
76561197960274664
76561197960274665
76561197960274666
76561197960274667
76561197960274668
76561197960274669
76561197960274670
76561197960274671
76561197960274672
76561197960274673
76561197960274674
76561197960274675
76561197960274676
76561197960274677
76561197960274678
76561197960274679
76561197960274680
76561197960274681
76561197960274682
76561197960274683
76561197960274684
76561197960274685
76561197960274686
76561197960274687
76561197960274688
76561197960274689
76561197960274690
76561197960274691
76561197960274692
76561197960274693
76561197960274694
76561197960274695
76561197960274696
76561197960274697
76561197960274698
76561197960274699
76561197960274700
76561197960274701
76561197960274702
76561197960274703
76561197960274704
76561197960274705
76561197960274706
76561197960274707
76561197960274708
76561197960274710
76561197960274711
76561197960274712
76561197960274713
76561197960274714
76561197960274715
76561197960274716
76561197960274717
76561197960274718
76561197960274719
76561197960274720
76561197960274721
76561197960274722
76561197960274723
76561197960274724
76561197960274725
76561197960274726
76561197960274727
76561197960274728
76561197960274731
76561197960274732
76561197960274733
76561197960274734
76561197960274735
76561197960274736
76561197960274737
76561197960274738
76561197960274739
76561197960274740
76561197960274741
76561197960274742
76561197960274743
76561197960274744
76561197960274745
76561197960274746
76561197960274747
76561197960274748
76561197960274749
76561197960274750
76561197960274751
76561197960274753
76561197960274754
76561197960274755
76561197960274756
76561197960274757
76561197960274758
76561197960274759
76561197960274760
76561197960274761
76561197960274762
76561197960274763
76561197960274764
76561197960274765
76561197960274767
76561197960274768
76561197960274769
76561197960274770
76561197960274771
76561197960274772
76561197960274773
76561197960274774
76561197960274775
76561197960274776
76561197960274778
76561197960274779
76561197960274780
76561197960274781
76561197960274782
76561197960274783
76561197960274784
76561197960274785
76561197960274786
76561197960274787
76561197960274788
76561197960274789
76561197960274790
76561197960274791
76561197960274792
76561197960274793
76561197960274794
76561197960274795
76561197960274796
76561197960274797
76561197960274798
76561197960274799
76561197960274800
76561197960274801
76561197960274802
76561197960274803
76561197960274804
76561197960274805
76561197960274806
76561197960274807
76561197960274808
76561197960274809
76561197960274810
76561197960274811
76561197960274812
76561197960274813
76561197960274814
76561197960274815
76561197960274816
76561197960274817
76561197960274818
76561197960274819
76561197960274820
76561197960274821
76561197960274822
76561197960274823
76561197960274824
76561197960274825
76561197960274826
76561197960274827
76561197960274828
76561197960274829
76561197960274830
76561197960274831
76561197960274832
76561197960274833
76561197960274834
76561197960274836
76561197960274837
76561197960274839
76561197960274840
76561197960274842
76561197960274843
76561197960274844
76561197960274845
76561197960274846
76561197960274847
76561197960274848
76561197960274849
76561197960274850
76561197960274851
76561197960274852
76561197960274853
76561197960274855
76561197960274856
76561197960274857
76561197960274858
76561197960274859
76561197960274860
76561197960274861
76561197960274862
76561197960274863
76561197960274864
76561197960274865
76561197960274866
76561197960274867
76561197960274868
76561197960274869
76561197960274870
76561197960274871
76561197960274872
76561197960274873
76561197960274874
76561197960274875
76561197960274876
76561197960274877
76561197960274878
76561197960274879
76561197960274880
76561197960274881
76561197960274882
76561197960274883
76561197960274884
76561197960274885
76561197960274886
76561197960274887
76561197960274888
76561197960274889
76561197960274890
76561197960274891
76561197960274892
76561197960274893
76561197960274894
76561197960274895
76561197960274896
76561197960274897
76561197960274898
76561197960274899
76561197960274900
76561197960274901
76561197960274902
76561197960274903
76561197960274905
76561197960274906
76561197960274907
76561197960274908
76561197960274909
76561197960274910
76561197960274911
76561197960274912
76561197960274913
76561197960274914
76561197960274915
76561197960274916
76561197960274917
76561197960274918
76561197960274919
76561197960274920
76561197960274921
76561197960274922
76561197960274923
76561197960274924
76561197960274925
76561197960274926
76561197960274927
76561197960274928
76561197960274930
76561197960274931
76561197960274932
76561197960274933
76561197960274934
76561197960274935
76561197960274936
76561197960274937
76561197960274938
76561197960274940
76561197960274941
76561197960274942
76561197960274943
76561197960274944
76561197960274945
76561197960274946
76561197960274947
76561197960274948
76561197960274949
76561197960274952
76561197960274953
76561197960274954
76561197960274955
76561197960274956
76561197960274957
76561197960274958
76561197960274959
76561197960274960
76561197960274961
76561197960274962
76561197960274963
76561197960274964
76561197960274965
76561197960274966
76561197960274967
76561197960274968
76561197960274969
76561197960274970
76561197960274971
76561197960274972
76561197960274973
76561197960274974
76561197960274975
76561197960274976
76561197960274977
76561197960274978
76561197960274979
76561197960274980
76561197960274982
76561197960274983
76561197960274984
76561197960274985
76561197960274986
76561197960274987
76561197960274988
76561197960274989
76561197960274990
76561197960274991
76561197960274992
76561197960274993
76561197960274994
76561197960274996
76561197960274997
76561197960274998
76561197960274999
76561197960275000
76561197960275001
76561197960275002
76561197960275003
76561197960275004
76561197960275005
76561197960275006
76561197960275007
76561197960275008
76561197960275010
76561197960275011
76561197960275012
76561197960275013
76561197960275014
76561197960275015
76561197960275016
76561197960275017
76561197960275018
76561197960275019
76561197960275020
76561197960275021
76561197960275022
76561197960275023
76561197960275024
76561197960275025
76561197960275026
76561197960275027
76561197960275028
76561197960275029
76561197960275030
76561197960275031
76561197960275032
76561197960275033
76561197960275034
76561197960275035
76561197960275036
76561197960275037
76561197960275038
76561197960275039
76561197960275040
76561197960275042
76561197960275043
76561197960275044
76561197960275045
76561197960275046
76561197960275047
76561197960275048
76561197960275049
76561197960275051
76561197960275052
76561197960275053
76561197960275054
76561197960275055
76561197960275056
76561197960275057
76561197960275058
76561197960275060
76561197960275061
76561197960275062
76561197960275063
76561197960275065
76561197960275066
76561197960275067
76561197960275068
76561197960275069
76561197960275070
76561197960275071
76561197960275072
76561197960275073
76561197960275074
76561197960275075
76561197960275076
76561197960275077
76561197960275078
76561197960275079
76561197960275080
76561197960275081
76561197960275082
76561197960275083
76561197960275084
76561197960275085
76561197960275088
76561197960275089
76561197960275090
76561197960275091
76561197960275092
76561197960275093
76561197960275096
76561197960275097
76561197960275098
76561197960275099
76561197960275100
76561197960275101
76561197960275102
76561197960275103
76561197960275104
76561197960275105
76561197960275106
76561197960275107
76561197960275108
76561197960275109
76561197960275110
76561197960275111
76561197960275112
76561197960275113
76561197960275114
76561197960275115
76561197960275116
76561197960275117
76561197960275118
76561197960275119
76561197960275120
76561197960275121
76561197960275122
76561197960275123
76561197960275124
76561197960275125
76561197960275126
76561197960275127
76561197960275128
76561197960275129
76561197960275130
76561197960275131
76561197960275132
76561197960275133
76561197960275134
76561197960275135
76561197960275138
76561197960275139
76561197960275140
76561197960275141
76561197960275142
76561197960275143
76561197960275144
76561197960275145
76561197960275146
76561197960275147
76561197960275148
76561197960275149
76561197960275150
76561197960275151
76561197960275152
76561197960275153
76561197960275154
76561197960275155
76561197960275156
76561197960275157
76561197960275158
76561197960275159
76561197960275160
76561197960275161
76561197960275162
76561197960275163
76561197960275164
76561197960275165
76561197960275166
76561197960275167
76561197960275168
76561197960275169
76561197960275170
76561197960275171
76561197960275172
76561197960275173
76561197960275174
76561197960275175
76561197960275176
76561197960275177
76561197960275178
76561197960275179
76561197960275180
76561197960275181
76561197960275182
76561197960275183
76561197960275184
76561197960275185
76561197960275188
76561197960275189
76561197960275190
76561197960275191
76561197960275192
76561197960275193
76561197960275196
76561197960275197
76561197960275198
76561197960275199
76561197960275200
76561197960275201
76561197960275202
76561197960275204
76561197960275205
76561197960275206
76561197960275207
76561197960275208
76561197960275209
76561197960275210
76561197960275211
76561197960275212
76561197960275213
76561197960275214
76561197960275215
76561197960275216
76561197960275217
76561197960275218
76561197960275219
76561197960275220
76561197960275221
76561197960275222
76561197960275223
76561197960275224
76561197960275225
76561197960275226
76561197960275228
76561197960275229
76561197960275230
76561197960275231
76561197960275233
76561197960275234
76561197960275235
