76561197960493456
76561197960493457
76561197960493458
76561197960493459
76561197960493462
76561197960493463
76561197960493464
76561197960493465
76561197960493466
76561197960493467
76561197960493468
76561197960493471
76561197960493472
76561197960493473
76561197960493474
76561197960493475
76561197960493477
76561197960493478
76561197960493479
76561197960493480
76561197960493481
76561197960493482
76561197960493483
76561197960493484
76561197960493485
76561197960493488
76561197960493490
76561197960493491
76561197960493492
76561197960493493
76561197960493494
76561197960493495
76561197960493496
76561197960493497
76561197960493498
76561197960493499
76561197960493500
76561197960493501
76561197960493502
76561197960493503
76561197960493504
76561197960493506
76561197960493507
76561197960493508
76561197960493509
76561197960493510
76561197960493512
76561197960493513
76561197960493514
76561197960493515
76561197960493518
76561197960493519
76561197960493520
76561197960493522
76561197960493523
76561197960493524
76561197960493525
76561197960493527
76561197960493528
76561197960493530
76561197960493531
76561197960493532
76561197960493534
76561197960493535
76561197960493536
76561197960493537
76561197960493538
76561197960493540
76561197960493541
76561197960493542
76561197960493543
76561197960493545
76561197960493546
76561197960493547
76561197960493548
76561197960493550
76561197960493552
76561197960493553
76561197960493555
76561197960493556
76561197960493558
76561197960493559
76561197960493560
76561197960493561
76561197960493563
76561197960493564
76561197960493565
76561197960493568
76561197960493569
76561197960493570
76561197960493571
76561197960493572
76561197960493575
76561197960493576
76561197960493577
76561197960493578
76561197960493579
76561197960493580
76561197960493581
76561197960493583
76561197960493584
76561197960493585
76561197960493586
76561197960493588
76561197960493589
76561197960493590
76561197960493591
76561197960493595
76561197960493596
76561197960493597
76561197960493598
76561197960493599
76561197960493600
76561197960493601
76561197960493602
76561197960493603
76561197960493604
76561197960493605
76561197960493607
76561197960493609
76561197960493610
76561197960493611
76561197960493612
76561197960493613
76561197960493614
76561197960493615
76561197960493617
76561197960493618
76561197960493619
76561197960493620
76561197960493621
76561197960493624
76561197960493626
76561197960493627
76561197960493628
76561197960493629
76561197960493631
76561197960493632
76561197960493633
76561197960493634
76561197960493635
76561197960493636
76561197960493637
76561197960493638
76561197960493639
76561197960493640
76561197960493641
76561197960493642
76561197960493643
76561197960493644
76561197960493646
76561197960493647
76561197960493649
76561197960493650
76561197960493651
76561197960493652
76561197960493656
76561197960493657
76561197960493659
76561197960493662
76561197960493663
76561197960493664
76561197960493665
76561197960493667
76561197960493668
76561197960493669
76561197960493670
76561197960493671
76561197960493672
76561197960493674
76561197960493675
76561197960493676
76561197960493677
76561197960493678
76561197960493679
76561197960493680
76561197960493685
76561197960493686
76561197960493687
76561197960493688
76561197960493689
76561197960493691
76561197960493692
76561197960493693
76561197960493694
76561197960493695
76561197960493696
76561197960493697
76561197960493698
76561197960493700
76561197960493702
76561197960493703
76561197960493704
76561197960493705
76561197960493706
76561197960493707
76561197960493709
76561197960493711
76561197960493713
76561197960493714
76561197960493715
76561197960493716
76561197960493717
76561197960493718
76561197960493719
76561197960493720
76561197960493721
76561197960493722
76561197960493723
76561197960493724
76561197960493725
76561197960493726
76561197960493729
76561197960493730
76561197960493731
76561197960493733
76561197960493734
76561197960493735
76561197960493736
76561197960493737
76561197960493738
76561197960493740
76561197960493741
76561197960493742
76561197960493743
76561197960493744
76561197960493745
76561197960493746
76561197960493747
76561197960493748
76561197960493750
76561197960493753
76561197960493754
76561197960493755
76561197960493756
76561197960493757
76561197960493759
76561197960493763
76561197960493764
76561197960493767
76561197960493768
76561197960493772
76561197960493773
76561197960493775
76561197960493776
76561197960493777
76561197960493778
76561197960493779
76561197960493780
76561197960493781
76561197960493782
76561197960493783
76561197960493784
76561197960493785
76561197960493786
76561197960493787
76561197960493788
76561197960493790
76561197960493791
76561197960493792
76561197960493794
76561197960493795
76561197960493796
76561197960493797
76561197960493798
76561197960493800
76561197960493802
76561197960493803
76561197960493804
76561197960493805
76561197960493806
76561197960493807
76561197960493808
76561197960493812
76561197960493813
76561197960493814
76561197960493815
76561197960493816
76561197960493817
76561197960493820
76561197960493821
76561197960493822
76561197960493823
76561197960493825
76561197960493826
76561197960493827
76561197960493828
76561197960493829
76561197960493830
76561197960493831
76561197960493832
76561197960493833
76561197960493835
76561197960493836
76561197960493837
76561197960493838
76561197960493839
76561197960493841
76561197960493842
76561197960493843
76561197960493844
76561197960493846
76561197960493847
76561197960493848
76561197960493849
76561197960493850
76561197960493851
76561197960493852
76561197960493853
76561197960493854
76561197960493858
76561197960493859
76561197960493862
76561197960493863
76561197960493864
76561197960493865
76561197960493866
76561197960493869
76561197960493870
76561197960493871
76561197960493872
76561197960493873
76561197960493874
76561197960493875
76561197960493877
76561197960493878
76561197960493879
76561197960493880
76561197960493881
76561197960493882
76561197960493884
76561197960493885
76561197960493887
76561197960493888
76561197960493889
76561197960493890
76561197960493892
76561197960493893
76561197960493894
76561197960493895
76561197960493898
76561197960493899
76561197960493900
76561197960493901
76561197960493902
76561197960493903
76561197960493904
76561197960493905
76561197960493906
76561197960493909
76561197960493910
76561197960493911
76561197960493912
76561197960493913
76561197960493914
76561197960493916
76561197960493919
76561197960493922
76561197960493923
76561197960493924
76561197960493926
76561197960493927
76561197960493930
76561197960493934
76561197960493935
76561197960493936
76561197960493937
76561197960493938
76561197960493939
76561197960493941
76561197960493942
76561197960493944
76561197960493946
76561197960493947
76561197960493948
76561197960493949
76561197960493951
76561197960493952
76561197960493954
76561197960493955
76561197960493956
76561197960493958
76561197960493959
76561197960493960
76561197960493961
76561197960493962
76561197960493963
76561197960493965
76561197960493966
76561197960493967
76561197960493970
76561197960493971
76561197960493972
76561197960493973
76561197960493974
76561197960493975
76561197960493976
76561197960493979
76561197960493980
76561197960493982
76561197960493983
76561197960493984
76561197960493985
76561197960493986
76561197960493987
76561197960493988
76561197960493990
76561197960493991
76561197960493992
76561197960493994
76561197960493995
76561197960493996
76561197960493997
76561197960493998
76561197960493999
76561197960494000
76561197960494002
76561197960494003
76561197960494004
76561197960494005
76561197960494006
76561197960494007
76561197960494008
76561197960494012
76561197960494013
76561197960494014
76561197960494015
76561197960494016
76561197960494017
76561197960494018
76561197960494019
76561197960494021
76561197960494022
76561197960494025
76561197960494026
76561197960494027
76561197960494028
76561197960494030
76561197960494031
76561197960494033
76561197960494034
76561197960494035
76561197960494036
76561197960494037
76561197960494038
76561197960494039
76561197960494041
76561197960494042
76561197960494043
76561197960494044
76561197960494045
76561197960494046
76561197960494049
76561197960494050
76561197960494051
76561197960494052
76561197960494054
76561197960494055
76561197960494056
76561197960494057
76561197960494058
76561197960494060
76561197960494061
76561197960494062
76561197960494063
76561197960494064
76561197960494066
76561197960494067
76561197960494069
76561197960494071
76561197960494072
76561197960494075
76561197960494076
76561197960494078
76561197960494079
76561197960494080
76561197960494081
76561197960494082
76561197960494083
76561197960494085
76561197960494086
76561197960494087
76561197960494088
76561197960494089
76561197960494090
76561197960494091
76561197960494093
76561197960494094
76561197960494096
76561197960494097
76561197960494098
76561197960494099
76561197960494100
76561197960494102
76561197960494103
76561197960494104
76561197960494105
76561197960494106
76561197960494108
76561197960494110
76561197960494111
76561197960494112
76561197960494113
76561197960494115
76561197960494116
76561197960494117
76561197960494118
76561197960494119
76561197960494120
76561197960494122
76561197960494124
76561197960494125
76561197960494126
76561197960494127
76561197960494128
76561197960494129
76561197960494130
76561197960494131
76561197960494132
76561197960494133
76561197960494135
76561197960494136
76561197960494137
76561197960494138
76561197960494139
76561197960494140
76561197960494141
76561197960494142
76561197960494143
76561197960494146
76561197960494147
76561197960494148
76561197960494149
76561197960494150
76561197960494151
76561197960494152
76561197960494153
76561197960494154
76561197960494156
76561197960494157
76561197960494158
76561197960494159
76561197960494162
76561197960494165
76561197960494167
76561197960494168
76561197960494169
76561197960494170
76561197960494172
76561197960494173
76561197960494174
76561197960494175
76561197960494176
76561197960494177
76561197960494178
76561197960494180
76561197960494181
76561197960494182
76561197960494183
76561197960494184
76561197960494185
76561197960494188
76561197960494189
76561197960494190
76561197960494191
76561197960494193
76561197960494196
76561197960494197
76561197960494198
76561197960494199
76561197960494200
76561197960494202
76561197960494203
76561197960494204
76561197960494205
76561197960494207
76561197960494208
76561197960494210
76561197960494211
76561197960494216
76561197960494217
76561197960494219
76561197960494221
76561197960494222
76561197960494223
76561197960494224
76561197960494225
76561197960494226
76561197960494227
76561197960494228
76561197960494230
76561197960494231
76561197960494232
76561197960494234
76561197960494235
76561197960494237
76561197960494238
76561197960494241
76561197960494242
76561197960494244
76561197960494246
76561197960494248
76561197960494249
76561197960494252
76561197960494253
76561197960494255
76561197960494256
76561197960494258
76561197960494259
76561197960494263
76561197960494264
76561197960494265
76561197960494266
76561197960494267
76561197960494268
76561197960494269
76561197960494270
76561197960494271
76561197960494272
76561197960494274
76561197960494275
76561197960494277
76561197960494278
76561197960494279
76561197960494281
76561197960494282
76561197960494284
76561197960494285
76561197960494286
76561197960494287
76561197960494288
76561197960494289
76561197960494290
76561197960494295
76561197960494296
76561197960494297
76561197960494298
76561197960494299
76561197960494301
76561197960494302
76561197960494303
76561197960494304
76561197960494306
76561197960494307
76561197960494308
76561197960494309
76561197960494310
76561197960494311
76561197960494312
76561197960494313
76561197960494315
76561197960494317
76561197960494318
76561197960494319
76561197960494320
76561197960494321
76561197960494322
76561197960494323
76561197960494324
76561197960494325
76561197960494327
76561197960494328
76561197960494329
76561197960494330
76561197960494331
76561197960494334
76561197960494336
76561197960494337
76561197960494338
76561197960494339
76561197960494340
76561197960494341
76561197960494343
76561197960494345
76561197960494346
76561197960494348
76561197960494349
76561197960494353
76561197960494354
76561197960494355
76561197960494357
76561197960494358
76561197960494360
76561197960494362
76561197960494363
76561197960494364
76561197960494365
76561197960494366
76561197960494367
76561197960494368
76561197960494369
76561197960494370
76561197960494371
76561197960494373
76561197960494374
76561197960494376
76561197960494377
76561197960494378
76561197960494380
76561197960494381
76561197960494382
76561197960494383
76561197960494385
76561197960494386
76561197960494387
76561197960494388
76561197960494389
76561197960494390
76561197960494391
76561197960494392
76561197960494394
76561197960494395
76561197960494396
76561197960494397
76561197960494398
76561197960494400
76561197960494401
76561197960494402
76561197960494403
76561197960494404
76561197960494405
76561197960494407
76561197960494408
76561197960494410
76561197960494411
76561197960494412
76561197960494413
76561197960494415
76561197960494417
76561197960494420
76561197960494422
76561197960494423
76561197960494424
76561197960494425
76561197960494426
76561197960494427
76561197960494428
76561197960494429
76561197960494430
76561197960494431
76561197960494432
76561197960494433
76561197960494434
76561197960494435
76561197960494436
76561197960494437
76561197960494438
76561197960494439
76561197960494440
76561197960494441
76561197960494442
76561197960494443
76561197960494446
76561197960494447
76561197960494448
76561197960494449
76561197960494450
76561197960494451
76561197960494452
76561197960494453
76561197960494454
76561197960494455
76561197960494457
76561197960494459
76561197960494460
76561197960494461
76561197960494462
76561197960494463
76561197960494464
76561197960494465
76561197960494466
76561197960494467
76561197960494468
76561197960494470
76561197960494471
76561197960494472
76561197960494474
76561197960494475
76561197960494478
76561197960494480
76561197960494481
76561197960494482
76561197960494484
76561197960494485
76561197960494486
76561197960494490
76561197960494491
76561197960494492
76561197960494494
76561197960494495
76561197960494496
76561197960494498
76561197960494499
76561197960494501
76561197960494505
76561197960494506
76561197960494507
76561197960494509
76561197960494512
76561197960494513
76561197960494514
76561197960494515
76561197960494516
76561197960494519
76561197960494521
76561197960494522
76561197960494523
76561197960494524
76561197960494525
76561197960494526
76561197960494527
76561197960494528
76561197960494529
76561197960494530
76561197960494531
76561197960494532
76561197960494533
76561197960494534
76561197960494536
76561197960494537
76561197960494538
76561197960494539
76561197960494540
76561197960494542
76561197960494543
76561197960494544
76561197960494545
76561197960494546
76561197960494547
76561197960494548
76561197960494550
76561197960494551
76561197960494552
76561197960494554
76561197960494555
76561197960494556
76561197960494557
76561197960494558
76561197960494559
76561197960494560
76561197960494561
76561197960494563
76561197960494565
76561197960494566
76561197960494567
76561197960494569
76561197960494570
76561197960494571
76561197960494572
76561197960494573
76561197960494574
76561197960494575
76561197960494576
76561197960494577
76561197960494578
76561197960494579
76561197960494580
76561197960494581
76561197960494582
76561197960494583
76561197960494584
76561197960494585
76561197960494586
76561197960494589
76561197960494590
76561197960494591
76561197960494592
76561197960494593
76561197960494594
76561197960494596
76561197960494598
76561197960494599
76561197960494602
76561197960494603
76561197960494604
76561197960494605
76561197960494606
76561197960494607
76561197960494608
76561197960494609
76561197960494611
76561197960494613
76561197960494614
76561197960494615
76561197960494616
76561197960494618
76561197960494620
76561197960494621
76561197960494622
76561197960494623
76561197960494624
76561197960494625
76561197960494626
76561197960494628
76561197960494629
76561197960494631
76561197960494632
76561197960494633
76561197960494634
76561197960494636
76561197960494637
76561197960494639
76561197960494640
76561197960494642
76561197960494643
76561197960494644
76561197960494645
76561197960494646
76561197960494648
76561197960494649
76561197960494650
76561197960494652
76561197960494653
76561197960494654
76561197960494657
76561197960494658
76561197960494659
76561197960494660
76561197960494661
76561197960494662
76561197960494663
76561197960494664
76561197960494665
76561197960494666
76561197960494667
76561197960494668
76561197960494669
76561197960494670
76561197960494671
76561197960494672
76561197960494673
76561197960494674
76561197960494675
76561197960494677
76561197960494678
76561197960494680
76561197960494681
76561197960494683
76561197960494684
76561197960494685
76561197960494687
76561197960494688
76561197960494689
76561197960494690
76561197960494691
76561197960494692
76561197960494694
76561197960494696
76561197960494697
76561197960494698
76561197960494700
76561197960494701
76561197960494702
76561197960494704
76561197960494706
76561197960494707
76561197960494708
76561197960494709
76561197960494710
76561197960494711
76561197960494712
76561197960494713
76561197960494715
76561197960494716
76561197960494717
76561197960494718
76561197960494719
76561197960494720
76561197960494721
76561197960494723
76561197960494725
76561197960494727
76561197960494728
76561197960494729
76561197960494730
76561197960494731
76561197960494733
76561197960494734
76561197960494735
76561197960494736
76561197960494737
76561197960494738
76561197960494739
76561197960494740
76561197960494742
76561197960494743
76561197960494745
76561197960494747
76561197960494748
76561197960494749
76561197960494750
76561197960494751
76561197960494753
76561197960494754
76561197960494755
76561197960494756
76561197960494758
76561197960494759
76561197960494760
76561197960494761
