76561197960724789
76561197960724790
76561197960724791
76561197960724792
76561197960724793
76561197960724795
76561197960724797
76561197960724803
76561197960724804
76561197960724807
76561197960724809
76561197960724823
76561197960724831
76561197960724832
76561197960724834
76561197960724836
76561197960724840
76561197960724842
76561197960724843
76561197960724844
76561197960724850
76561197960724851
76561197960724853
76561197960724855
76561197960724861
76561197960724862
76561197960724863
76561197960724865
76561197960724867
76561197960724868
76561197960724870
76561197960724874
76561197960724878
76561197960724881
76561197960724883
76561197960724884
76561197960724885
76561197960724886
76561197960724888
76561197960724890
76561197960724892
76561197960724894
76561197960724895
76561197960724899
76561197960724900
76561197960724904
76561197960724905
76561197960724907
76561197960724911
76561197960724912
76561197960724920
76561197960724921
76561197960724923
76561197960724929
76561197960724931
76561197960724934
76561197960724935
76561197960724936
76561197960724937
76561197960724940
76561197960724942
76561197960724944
76561197960724946
76561197960724947
76561197960724948
76561197960724950
76561197960724995
76561197960725028
76561197960725107
76561197960725176
76561197960725228
76561197960725336
76561197960725337
76561197960725339
76561197960725340
76561197960725341
76561197960725342
76561197960725345
76561197960725346
76561197960725350
76561197960725351
76561197960725354
76561197960725355
76561197960725356
76561197960725357
76561197960725359
76561197960725360
76561197960725361
76561197960725364
76561197960725365
76561197960725368
76561197960725372
76561197960725373
76561197960725374
76561197960725383
76561197960725386
76561197960725387
76561197960725389
76561197960725390
76561197960725391
76561197960725392
76561197960725394
76561197960725396
76561197960725400
76561197960725403
76561197960725405
76561197960725406
76561197960725407
76561197960725408
76561197960725410
76561197960725411
76561197960725413
76561197960725414
76561197960725415
76561197960725416
76561197960725417
76561197960725418
76561197960725419
76561197960725420
76561197960725422
76561197960725423
76561197960725424
76561197960725425
76561197960725427
76561197960725428
76561197960725430
76561197960725432
76561197960725438
76561197960725440
76561197960725441
76561197960725450
76561197960725453
76561197960725454
76561197960725455
76561197960725456
76561197960725457
76561197960725459
76561197960725460
76561197960725461
76561197960725464
76561197960725468
76561197960725471
76561197960725472
76561197960725475
76561197960725477
76561197960725478
76561197960725481
76561197960725482
76561197960725486
76561197960725487
76561197960725489
76561197960725490
76561197960725493
76561197960725497
76561197960725499
76561197960725500
76561197960725501
76561197960725502
76561197960725507
76561197960725508
76561197960725516
76561197960725518
76561197960725521
76561197960725524
76561197960725531
76561197960725532
76561197960725533
76561197960725534
76561197960725540
76561197960725541
76561197960725546
76561197960725549
76561197960725552
76561197960725557
76561197960725560
76561197960725563
76561197960725564
76561197960725566
76561197960725572
76561197960725573
76561197960725574
76561197960725577
76561197960725583
76561197960725584
76561197960725591
76561197960725593
76561197960725594
76561197960725595
76561197960725603
76561197960725605
76561197960725608
76561197960725609
76561197960725610
76561197960725611
76561197960725616
76561197960725618
76561197960725624
76561197960725625
76561197960725626
76561197960725628
76561197960725629
76561197960725631
76561197960725634
76561197960725638
76561197960725639
76561197960725642
76561197960725643
76561197960725647
76561197960725648
76561197960725652
76561197960725655
76561197960725656
76561197960725657
76561197960725658
76561197960725660
76561197960725661
76561197960725662
76561197960725666
76561197960725668
76561197960725669
76561197960725670
76561197960725671
76561197960725672
76561197960725673
76561197960725674
76561197960725675
76561197960725676
76561197960725677
76561197960725678
76561197960725680
76561197960725681
76561197960725682
76561197960725685
76561197960725686
76561197960725687
76561197960725688
76561197960725689
76561197960725690
76561197960725691
76561197960725692
76561197960725694
76561197960725698
76561197960725700
76561197960725702
76561197960725703
76561197960725704
76561197960725706
76561197960725707
76561197960725709
76561197960725712
76561197960725714
76561197960725717
76561197960725718
76561197960725720
76561197960725721
76561197960725725
76561197960725729
76561197960725730
76561197960725732
76561197960725735
76561197960725736
76561197960725737
76561197960725738
76561197960725739
76561197960725744
76561197960725745
76561197960725747
76561197960725748
76561197960725751
76561197960725753
76561197960725754
76561197960725755
76561197960725757
76561197960725761
76561197960725765
76561197960725766
76561197960725767
76561197960725768
76561197960725769
76561197960725770
76561197960725772
76561197960725775
76561197960725776
76561197960725778
76561197960725780
76561197960725782
76561197960725783
76561197960725792
76561197960725796
76561197960725798
76561197960725799
76561197960725800
76561197960725803
76561197960725804
76561197960725805
76561197960725808
76561197960725809
76561197960725810
76561197960725811
76561197960725812
76561197960725815
76561197960725818
76561197960725821
76561197960725823
76561197960725824
76561197960725825
76561197960725828
76561197960725829
76561197960725830
76561197960725831
76561197960725833
76561197960725835
76561197960725838
76561197960725839
76561197960725840
76561197960725842
76561197960725844
76561197960725845
76561197960725854
76561197960725855
76561197960725858
76561197960725866
76561197960725867
76561197960725871
76561197960725873
76561197960725874
76561197960725875
76561197960725881
76561197960725882
76561197960725883
76561197960725884
76561197960725886
76561197960725887
76561197960725888
76561197960725889
76561197960725891
76561197960725892
76561197960725893
76561197960725894
76561197960725895
76561197960725896
76561197960725897
76561197960725898
76561197960725899
76561197960725901
76561197960725902
76561197960725903
76561197960725904
76561197960725907
76561197960725912
76561197960725916
76561197960725919
76561197960725920
76561197960725921
76561197960725922
76561197960725925
76561197960725926
76561197960725928
76561197960725929
76561197960725930
76561197960725931
76561197960725934
76561197960725935
76561197960725936
76561197960725942
76561197960725944
76561197960725946
76561197960725947
76561197960725949
76561197960725951
76561197960725952
76561197960725957
76561197960725959
76561197960725961
76561197960725968
76561197960725969
76561197960725971
76561197960725972
76561197960725973
76561197960725974
76561197960725975
76561197960725980
76561197960725981
76561197960725984
76561197960725988
76561197960725990
76561197960725992
76561197960725993
76561197960726004
76561197960726005
76561197960726007
76561197960726009
76561197960726011
76561197960726015
76561197960726018
76561197960726020
76561197960726022
76561197960726023
76561197960726024
76561197960726025
76561197960726029
76561197960726030
76561197960726031
76561197960726033
76561197960726034
76561197960726040
76561197960726042
76561197960726043
76561197960726047
76561197960726054
76561197960726057
76561197960726061
76561197960726070
76561197960726072
76561197960726074
76561197960726077
76561197960726079
76561197960726080
76561197960726082
76561197960726084
76561197960726089
76561197960726090
76561197960726093
76561197960726095
76561197960726098
76561197960726101
76561197960726102
76561197960726103
76561197960726105
76561197960726106
76561197960726107
76561197960726114
76561197960726115
76561197960726118
76561197960726120
76561197960726121
76561197960726122
76561197960726125
76561197960726126
76561197960726132
76561197960726134
76561197960726136
76561197960726138
76561197960726140
76561197960726142
76561197960726143
76561197960726146
76561197960726147
76561197960726148
76561197960726149
76561197960726156
76561197960726158
76561197960726160
76561197960726164
76561197960726168
76561197960726169
76561197960726172
76561197960726173
76561197960726174
76561197960726176
76561197960726177
76561197960726178
76561197960726179
76561197960726180
76561197960726182
76561197960726183
76561197960726187
76561197960726188
76561197960726190
76561197960726193
76561197960726194
76561197960726198
76561197960726199
76561197960726200
76561197960726201
76561197960726206
76561197960726207
76561197960726208
76561197960726209
76561197960726211
76561197960726216
76561197960726217
76561197960726219
76561197960726221
76561197960726222
76561197960726223
76561197960726225
76561197960726228
76561197960726232
76561197960726233
76561197960726235
76561197960726239
76561197960726240
76561197960726242
76561197960726243
76561197960726244
76561197960726246
76561197960726250
76561197960726259
76561197960726260
76561197960726261
76561197960726262
76561197960726264
76561197960726265
76561197960726267
76561197960726269
76561197960726271
76561197960726272
76561197960726273
76561197960726275
76561197960726277
76561197960726280
76561197960726281
76561197960726282
76561197960726284
76561197960726290
76561197960726292
76561197960726293
76561197960726294
76561197960726297
76561197960726298
76561197960726299
76561197960726301
76561197960726303
76561197960726305
76561197960726306
76561197960726307
76561197960726309
76561197960726310
76561197960726311
76561197960726312
76561197960726313
76561197960726316
76561197960726317
76561197960726318
76561197960726322
76561197960726323
76561197960726329
76561197960726330
76561197960726331
76561197960726332
76561197960726333
76561197960726335
76561197960726336
76561197960726338
76561197960726339
76561197960726340
76561197960726342
76561197960726345
76561197960726347
76561197960726348
76561197960726349
76561197960726350
76561197960726351
76561197960726352
76561197960726355
76561197960726358
76561197960726363
76561197960726364
76561197960726366
76561197960726367
76561197960726369
76561197960726370
76561197960726371
76561197960726372
76561197960726373
76561197960726377
76561197960726378
76561197960726379
76561197960726384
76561197960726387
76561197960726389
76561197960726393
76561197960726397
76561197960726398
76561197960726401
76561197960726402
76561197960726403
76561197960726404
76561197960726407
76561197960726412
76561197960726418
76561197960726422
76561197960726423
76561197960726425
76561197960726426
76561197960726432
76561197960726434
76561197960726435
76561197960726440
76561197960726444
76561197960726445
76561197960726447
76561197960726448
76561197960726449
76561197960726451
76561197960726455
76561197960726457
76561197960726458
76561197960726463
76561197960726467
76561197960726469
76561197960726470
76561197960726477
76561197960726479
76561197960726480
76561197960726481
76561197960726483
76561197960726485
76561197960726488
76561197960726490
76561197960726493
76561197960726494
76561197960726495
76561197960726496
76561197960726498
76561197960726501
76561197960726503
76561197960726504
76561197960726505
76561197960726507
76561197960726508
76561197960726512
76561197960726513
76561197960726514
76561197960726519
76561197960726520
76561197960726525
76561197960726531
76561197960726532
76561197960726533
76561197960726539
76561197960726540
76561197960726542
76561197960726543
76561197960726544
76561197960726545
76561197960726551
76561197960726553
76561197960726555
76561197960726556
76561197960726560
76561197960726561
76561197960726566
76561197960726569
76561197960726571
76561197960726573
76561197960726576
76561197960726578
76561197960726579
76561197960726582
76561197960726586
76561197960726587
76561197960726588
76561197960726593
76561197960726594
76561197960726598
76561197960726602
76561197960726603
76561197960726605
76561197960726607
76561197960726608
76561197960726610
76561197960726614
76561197960726622
76561197960726623
76561197960726624
76561197960726625
76561197960726627
76561197960726628
76561197960726632
76561197960726633
76561197960726638
76561197960726639
76561197960726640
76561197960726641
76561197960726643
76561197960726645
76561197960726653
76561197960726655
76561197960726663
76561197960726665
76561197960726667
76561197960726671
76561197960726672
76561197960726674
76561197960726675
76561197960726677
76561197960726678
76561197960726679
76561197960726681
76561197960726684
76561197960726685
76561197960726687
76561197960726689
76561197960726691
76561197960726694
76561197960726702
76561197960726703
76561197960726707
76561197960726710
76561197960726714
76561197960726717
76561197960726719
76561197960726724
76561197960726726
76561197960726727
76561197960726728
76561197960726732
76561197960726737
76561197960726739
76561197960726742
76561197960726743
76561197960726744
76561197960726749
76561197960726750
76561197960726751
76561197960726754
76561197960726756
76561197960726758
76561197960726761
76561197960726763
76561197960726764
76561197960726765
76561197960726767
76561197960726768
76561197960726774
76561197960726775
76561197960726779
76561197960726780
76561197960726784
76561197960726785
76561197960726786
76561197960726787
76561197960726788
76561197960726792
76561197960726794
76561197960726796
76561197960726797
76561197960726799
76561197960726803
76561197960726804
76561197960726805
76561197960726807
76561197960726808
76561197960726810
76561197960726816
76561197960726819
76561197960726821
76561197960726823
76561197960726825
76561197960726826
76561197960726832
76561197960726833
76561197960726836
76561197960726837
76561197960726839
76561197960726842
76561197960726844
76561197960726845
76561197960726848
76561197960726849
76561197960726851
76561197960726852
76561197960726853
76561197960726859
76561197960726860
76561197960726862
76561197960726864
76561197960726867
76561197960726868
76561197960726869
76561197960726870
76561197960726871
76561197960726872
76561197960726875
76561197960726876
76561197960726877
76561197960726879
76561197960726880
76561197960726883
76561197960726885
76561197960726886
76561197960726887
76561197960726890
76561197960726892
76561197960726894
76561197960726896
76561197960726899
76561197960726901
76561197960726906
76561197960726909
76561197960726910
76561197960726912
76561197960726914
76561197960726915
76561197960726916
76561197960726920
76561197960726922
76561197960726925
76561197960726926
76561197960726929
76561197960726931
76561197960726932
76561197960726933
76561197960726934
76561197960726938
76561197960726940
76561197960726943
76561197960726944
76561197960726948
76561197960726952
76561197960726954
76561197960726955
76561197960726956
76561197960726957
76561197960726959
76561197960726960
76561197960726963
76561197960726965
76561197960726967
76561197960726970
76561197960726973
76561197960726978
76561197960726980
76561197960726982
76561197960726984
76561197960726986
76561197960726989
76561197960726991
76561197960726992
76561197960726993
76561197960726994
76561197960726997
76561197960726998
76561197960726999
76561197960727000
76561197960727001
76561197960727003
76561197960727004
76561197960727007
76561197960727008
76561197960727009
76561197960727018
76561197960727022
76561197960727027
76561197960727029
76561197960727030
76561197960727031
76561197960727032
76561197960727034
76561197960727035
76561197960727036
76561197960727037
76561197960727038
76561197960727039
76561197960727047
76561197960727048
76561197960727049
76561197960727050
76561197960727051
76561197960727055
76561197960727056
76561197960727060
76561197960727067
76561197960727074
76561197960727077
76561197960727081
76561197960727082
76561197960727084
76561197960727085
76561197960727088
76561197960727089
76561197960727090
76561197960727091
76561197960727092
76561197960727093
76561197960727094
76561197960727095
76561197960727096
76561197960727098
76561197960727099
76561197960727100
76561197960727101
76561197960727102
76561197960727103
76561197960727104
76561197960727105
76561197960727106
76561197960727110
76561197960727111
76561197960727116
76561197960727119
76561197960727120
76561197960727121
76561197960727123
76561197960727125
76561197960727126
76561197960727127
76561197960727130
76561197960727131
76561197960727132
76561197960727133
76561197960727134
76561197960727135
76561197960727136
76561197960727138
76561197960727146
76561197960727147
76561197960727148
76561197960727149
76561197960727155
76561197960727157
76561197960727159
76561197960727163
76561197960727164
76561197960727165
76561197960727166
76561197960727171
76561197960727172
76561197960727174
76561197960727178
76561197960727182
76561197960727183
76561197960727184
76561197960727187
76561197960727191
76561197960727193
76561197960727195
76561197960727196
76561197960727198
76561197960727199
76561197960727200
76561197960727203
76561197960727205
76561197960727206
76561197960727208
76561197960727210
76561197960727214
76561197960727218
76561197960727219
76561197960727229
76561197960727230
76561197960727235
76561197960727237
76561197960727241
76561197960727242
76561197960727246
76561197960727251
76561197960727252
76561197960727253
76561197960727254
76561197960727255
76561197960727256
76561197960727257
76561197960727259
76561197960727260
76561197960727261
76561197960727262
76561197960727265
76561197960727266
76561197960727271
76561197960727272
76561197960727273
76561197960727274
76561197960727276
76561197960727281
76561197960727283
76561197960727284
76561197960727287
76561197960727290
76561197960727291
76561197960727292
76561197960727293
76561197960727295
76561197960727299
76561197960727300
76561197960727302
76561197960727305
76561197960727307
76561197960727308
76561197960727309
76561197960727311
76561197960727313
76561197960727316
76561197960727317
76561197960727319
76561197960727324
76561197960727325
76561197960727326
76561197960727327
76561197960727328
76561197960727330
76561197960727332
76561197960727333
76561197960727336
76561197960727339
76561197960727340
76561197960727344
76561197960727345
