76561197961097547
76561197961097548
76561197961097549
76561197961097550
76561197961097551
76561197961097552
76561197961097553
76561197961097559
76561197961097562
76561197961097565
76561197961097567
76561197961097569
76561197961097570
76561197961097572
76561197961097573
76561197961097575
76561197961097577
76561197961097580
76561197961097581
76561197961097582
76561197961097583
76561197961097588
76561197961097589
76561197961097590
76561197961097591
76561197961097592
76561197961097593
76561197961097595
76561197961097596
76561197961097598
76561197961097605
76561197961097606
76561197961097608
76561197961097609
76561197961097610
76561197961097612
76561197961097614
76561197961097615
76561197961097616
76561197961097618
76561197961097621
76561197961097623
76561197961097624
76561197961097625
76561197961097628
76561197961097629
76561197961097630
76561197961097631
76561197961097632
76561197961097633
76561197961097634
76561197961097635
76561197961097636
76561197961097639
76561197961097642
76561197961097644
76561197961097645
76561197961097647
76561197961097648
76561197961097649
76561197961097650
76561197961097652
76561197961097653
76561197961097654
76561197961097655
76561197961097658
76561197961097659
76561197961097663
76561197961097664
76561197961097665
76561197961097668
76561197961097669
76561197961097672
76561197961097673
76561197961097674
76561197961097676
76561197961097677
76561197961097678
76561197961097680
76561197961097683
76561197961097685
76561197961097686
76561197961097687
76561197961097690
76561197961097693
76561197961097694
76561197961097695
76561197961097696
76561197961097697
76561197961097699
76561197961097702
76561197961097704
76561197961097706
76561197961097708
76561197961097709
76561197961097710
76561197961097711
76561197961097712
76561197961097713
76561197961097715
76561197961097716
76561197961097719
76561197961097720
76561197961097721
76561197961097724
76561197961097725
76561197961097726
76561197961097728
76561197961097729
76561197961097730
76561197961097732
76561197961097733
76561197961097734
76561197961097735
76561197961097736
76561197961097738
76561197961097740
76561197961097742
76561197961097743
76561197961097744
76561197961097745
76561197961097746
76561197961097747
76561197961097748
76561197961097751
76561197961097752
76561197961097753
76561197961097755
76561197961097756
76561197961097757
76561197961097759
76561197961097763
76561197961097766
76561197961097767
76561197961097768
76561197961097769
76561197961097770
76561197961097771
76561197961097772
76561197961097773
76561197961097774
76561197961097775
76561197961097778
76561197961097779
76561197961097781
76561197961097783
76561197961097784
76561197961097785
76561197961097788
76561197961097789
76561197961097790
76561197961097793
76561197961097794
76561197961097798
76561197961097799
76561197961097803
76561197961097807
76561197961097808
76561197961097809
76561197961097810
76561197961097813
76561197961097815
76561197961097817
76561197961097818
76561197961097819
76561197961097824
76561197961097826
76561197961097827
76561197961097829
76561197961097831
76561197961097833
76561197961097834
76561197961097841
76561197961097842
76561197961097843
76561197961097844
76561197961097845
76561197961097846
76561197961097847
76561197961097848
76561197961097850
76561197961097851
76561197961097853
76561197961097854
76561197961097858
76561197961097861
76561197961097862
76561197961097864
76561197961097866
76561197961097867
76561197961097870
76561197961097872
76561197961097874
76561197961097875
76561197961097876
76561197961097877
76561197961097878
76561197961097881
76561197961097882
76561197961097884
76561197961097889
76561197961097890
76561197961097891
76561197961097892
76561197961097894
76561197961097897
76561197961097899
76561197961097902
76561197961097903
76561197961097904
76561197961097905
76561197961097906
76561197961097907
76561197961097909
76561197961097911
76561197961097913
76561197961097916
76561197961097917
76561197961097919
76561197961097920
76561197961097922
76561197961097923
76561197961097925
76561197961097926
76561197961097927
76561197961097928
76561197961097929
76561197961097931
76561197961097935
76561197961097936
76561197961097937
76561197961097939
76561197961097940
76561197961097942
76561197961097943
76561197961097944
76561197961097946
76561197961097949
76561197961097950
76561197961097952
76561197961097953
76561197961097954
76561197961097956
76561197961097960
76561197961097961
76561197961097962
76561197961097963
76561197961097965
76561197961097968
76561197961097969
76561197961097970
76561197961097971
76561197961097972
76561197961097976
76561197961097977
76561197961097978
76561197961097979
76561197961097981
76561197961097984
76561197961097985
76561197961097986
76561197961097987
76561197961097991
76561197961097992
76561197961097993
76561197961097994
76561197961097996
76561197961097999
76561197961098002
76561197961098003
76561197961098006
76561197961098009
76561197961098010
76561197961098011
76561197961098015
76561197961098016
76561197961098018
76561197961098021
76561197961098022
76561197961098023
76561197961098024
76561197961098025
76561197961098028
76561197961098029
76561197961098032
76561197961098033
76561197961098036
76561197961098039
76561197961098040
76561197961098041
76561197961098042
76561197961098044
76561197961098045
76561197961098047
76561197961098050
76561197961098051
76561197961098052
76561197961098054
76561197961098055
76561197961098056
76561197961098057
76561197961098059
76561197961098060
76561197961098061
76561197961098063
76561197961098064
76561197961098065
76561197961098068
76561197961098069
76561197961098072
76561197961098073
76561197961098075
76561197961098077
76561197961098078
76561197961098080
76561197961098081
76561197961098082
76561197961098083
76561197961098084
76561197961098085
76561197961098086
76561197961098087
76561197961098089
76561197961098091
76561197961098093
76561197961098094
76561197961098097
76561197961098098
76561197961098099
76561197961098100
76561197961098101
76561197961098102
76561197961098106
76561197961098107
76561197961098111
76561197961098113
76561197961098114
76561197961098116
76561197961098117
76561197961098119
76561197961098120
76561197961098122
76561197961098124
76561197961098126
76561197961098127
76561197961098128
76561197961098129
76561197961098130
76561197961098131
76561197961098134
76561197961098135
76561197961098138
76561197961098140
76561197961098141
76561197961098142
76561197961098143
76561197961098145
76561197961098148
76561197961098153
76561197961098155
76561197961098156
76561197961098158
76561197961098160
76561197961098161
76561197961098162
76561197961098165
76561197961098166
76561197961098168
76561197961098169
76561197961098171
76561197961098172
76561197961098174
76561197961098175
76561197961098176
76561197961098179
76561197961098182
76561197961098184
76561197961098186
76561197961098188
76561197961098189
76561197961098191
76561197961098192
76561197961098194
76561197961098196
76561197961098197
76561197961098198
76561197961098199
76561197961098201
76561197961098204
76561197961098205
76561197961098207
76561197961098208
76561197961098209
76561197961098210
76561197961098213
76561197961098214
76561197961098216
76561197961098218
76561197961098224
76561197961098226
76561197961098227
76561197961098228
76561197961098229
76561197961098230
76561197961098231
76561197961098232
76561197961098235
76561197961098236
76561197961098237
76561197961098238
76561197961098243
76561197961098245
76561197961098248
76561197961098252
76561197961098254
76561197961098255
76561197961098256
76561197961098258
76561197961098259
76561197961098260
76561197961098261
76561197961098263
76561197961098265
76561197961098266
76561197961098267
76561197961098268
76561197961098269
76561197961098270
76561197961098271
76561197961098272
76561197961098274
76561197961098275
76561197961098276
76561197961098278
76561197961098280
76561197961098282
76561197961098283
76561197961098284
76561197961098285
76561197961098286
76561197961098290
76561197961098291
76561197961098293
76561197961098294
76561197961098295
76561197961098296
76561197961098298
76561197961098299
76561197961098302
76561197961098304
76561197961098306
76561197961098307
76561197961098308
76561197961098309
76561197961098310
76561197961098312
76561197961098314
76561197961098315
76561197961098317
76561197961098318
76561197961098319
76561197961098323
76561197961098324
76561197961098326
76561197961098327
76561197961098328
76561197961098330
76561197961098331
76561197961098333
76561197961098336
76561197961098337
76561197961098338
76561197961098339
76561197961098340
76561197961098341
76561197961098342
76561197961098343
76561197961098344
76561197961098347
76561197961098352
76561197961098353
76561197961098356
76561197961098358
76561197961098359
76561197961098361
76561197961098362
76561197961098363
76561197961098365
76561197961098366
76561197961098367
76561197961098368
76561197961098369
76561197961098370
76561197961098371
76561197961098372
76561197961098373
76561197961098374
76561197961098376
76561197961098378
76561197961098379
76561197961098380
76561197961098383
76561197961098384
76561197961098385
76561197961098387
76561197961098391
76561197961098392
76561197961098393
76561197961098394
76561197961098396
76561197961098397
76561197961098398
76561197961098399
76561197961098401
76561197961098402
76561197961098404
76561197961098406
76561197961098407
76561197961098409
76561197961098410
76561197961098413
76561197961098419
76561197961098422
76561197961098423
76561197961098424
76561197961098429
76561197961098431
76561197961098432
76561197961098433
76561197961098437
76561197961098438
76561197961098439
76561197961098440
76561197961098441
76561197961098442
76561197961098443
76561197961098448
76561197961098449
76561197961098450
76561197961098451
76561197961098452
76561197961098453
76561197961098454
76561197961098455
76561197961098457
76561197961098458
76561197961098460
76561197961098461
76561197961098463
76561197961098464
76561197961098467
76561197961098468
76561197961098470
76561197961098472
76561197961098473
76561197961098475
76561197961098476
76561197961098477
76561197961098478
76561197961098479
76561197961098480
76561197961098483
76561197961098484
76561197961098485
76561197961098486
76561197961098489
76561197961098490
76561197961098492
76561197961098494
76561197961098495
76561197961098497
76561197961098499
76561197961098500
76561197961098501
76561197961098502
76561197961098506
76561197961098508
76561197961098509
76561197961098510
76561197961098511
76561197961098513
76561197961098514
76561197961098515
76561197961098516
76561197961098517
76561197961098519
76561197961098520
76561197961098521
76561197961098522
76561197961098525
76561197961098526
76561197961098527
76561197961098528
76561197961098529
76561197961098530
76561197961098532
76561197961098533
76561197961098534
76561197961098535
76561197961098537
76561197961098538
76561197961098540
76561197961098542
76561197961098546
76561197961098549
76561197961098552
76561197961098555
76561197961098556
76561197961098557
76561197961098558
76561197961098559
76561197961098560
76561197961098561
76561197961098562
76561197961098566
76561197961098567
76561197961098568
76561197961098571
76561197961098572
76561197961098575
76561197961098576
76561197961098578
76561197961098579
76561197961098581
76561197961098582
76561197961098583
76561197961098585
76561197961098587
76561197961098590
76561197961098591
76561197961098592
76561197961098596
76561197961098598
76561197961098599
76561197961098601
76561197961098603
76561197961098604
76561197961098605
76561197961098607
76561197961098608
76561197961098610
76561197961098612
76561197961098615
76561197961098616
76561197961098617
76561197961098618
76561197961098619
76561197961098621
76561197961098622
76561197961098624
76561197961098626
76561197961098628
76561197961098630
76561197961098634
76561197961098636
76561197961098638
76561197961098639
76561197961098640
76561197961098641
76561197961098642
76561197961098643
76561197961098644
76561197961098645
76561197961098646
76561197961098647
76561197961098649
76561197961098652
76561197961098654
76561197961098656
76561197961098657
76561197961098659
76561197961098662
76561197961098663
76561197961098664
76561197961098665
76561197961098668
76561197961098670
76561197961098672
76561197961098673
76561197961098675
76561197961098676
76561197961098678
76561197961098679
76561197961098680
76561197961098681
76561197961098682
76561197961098683
76561197961098684
76561197961098685
76561197961098687
76561197961098692
76561197961098693
76561197961098694
76561197961098695
76561197961098696
76561197961098698
76561197961098699
76561197961098700
76561197961098701
76561197961098704
76561197961098706
76561197961098709
76561197961098711
76561197961098712
76561197961098713
76561197961098714
76561197961098717
76561197961098719
76561197961098722
76561197961098723
76561197961098724
76561197961098725
76561197961098726
76561197961098727
76561197961098728
76561197961098729
76561197961098735
76561197961098736
76561197961098737
76561197961098738
76561197961098741
76561197961098745
76561197961098746
76561197961098747
76561197961098748
76561197961098751
76561197961098752
76561197961098755
76561197961098757
76561197961098758
76561197961098761
76561197961098762
76561197961098763
76561197961098764
76561197961098765
76561197961098767
76561197961098768
76561197961098769
76561197961098770
76561197961098774
76561197961098775
76561197961098778
76561197961098779
76561197961098783
76561197961098784
76561197961098785
76561197961098787
76561197961098789
76561197961098790
76561197961098795
76561197961098797
76561197961098799
76561197961098800
76561197961098801
76561197961098802
76561197961098804
76561197961098806
76561197961098807
76561197961098808
76561197961098810
76561197961098811
76561197961098812
76561197961098815
76561197961098818
76561197961098819
76561197961098821
76561197961098825
76561197961098827
76561197961098829
76561197961098832
76561197961098835
76561197961098837
76561197961098838
76561197961098840
76561197961098841
76561197961098842
76561197961098843
76561197961098844
76561197961098845
76561197961098846
76561197961098847
76561197961098849
76561197961098850
76561197961098853
76561197961098854
76561197961098856
76561197961098860
76561197961098862
76561197961098863
76561197961098864
76561197961098865
76561197961098866
76561197961098869
76561197961098870
76561197961098871
76561197961098872
76561197961098873
76561197961098874
76561197961098875
76561197961098876
76561197961098883
76561197961098884
76561197961098887
76561197961098888
76561197961098889
76561197961098891
76561197961098892
76561197961098895
76561197961098896
76561197961098897
76561197961098900
76561197961098902
76561197961098903
76561197961098904
76561197961098907
76561197961098908
76561197961098910
76561197961098911
76561197961098912
76561197961098915
76561197961098916
76561197961098917
76561197961098918
76561197961098921
76561197961098923
76561197961098924
76561197961098925
76561197961098926
76561197961098928
76561197961098929
76561197961098932
76561197961098933
76561197961098935
76561197961098937
76561197961098939
76561197961098940
76561197961098941
76561197961098942
76561197961098943
76561197961098946
76561197961098947
76561197961098948
76561197961098952
76561197961098953
76561197961098955
76561197961098958
76561197961098959
76561197961098960
76561197961098963
76561197961098964
76561197961098965
76561197961098968
76561197961098969
76561197961098972
76561197961098973
76561197961098975
76561197961098976
76561197961098977
76561197961098980
76561197961098981
76561197961098982
76561197961098983
76561197961098984
76561197961098988
76561197961098990
76561197961098991
76561197961098993
76561197961098994
76561197961098995
76561197961098996
76561197961098997
76561197961098998
76561197961098999
76561197961099002
76561197961099003
76561197961099004
76561197961099005
76561197961099006
76561197961099007
76561197961099010
76561197961099011
76561197961099012
76561197961099013
76561197961099014
76561197961099015
76561197961099016
76561197961099017
76561197961099020
76561197961099021
76561197961099022
76561197961099025
76561197961099026
76561197961099030
76561197961099032
76561197961099033
76561197961099034
76561197961099036
76561197961099038
76561197961099039
76561197961099042
76561197961099043
76561197961099044
76561197961099046
76561197961099047
76561197961099048
76561197961099049
76561197961099051
76561197961099056
76561197961099057
76561197961099060
76561197961099062
76561197961099063
76561197961099065
76561197961099066
76561197961099067
76561197961099068
76561197961099069
76561197961099070
76561197961099073
76561197961099074
76561197961099075
76561197961099076
76561197961099079
76561197961099080
76561197961099081
76561197961099082
76561197961099083
76561197961099085
76561197961099086
76561197961099087
76561197961099088
76561197961099089
76561197961099091
76561197961099092
76561197961099093
76561197961099094
76561197961099097
76561197961099098
76561197961099100
76561197961099101
76561197961099102
76561197961099103
76561197961099105
76561197961099106
76561197961099107
76561197961099108
76561197961099109
76561197961099111
76561197961099112
76561197961099113
76561197961099114
76561197961099117
76561197961099120
76561197961099121
76561197961099122
76561197961099124
76561197961099126
76561197961099127
76561197961099129
76561197961099130
76561197961099131
76561197961099132
76561197961099133
76561197961099134
76561197961099135
76561197961099136
76561197961099137
76561197961099139
76561197961099140
76561197961099141
76561197961099142
76561197961099144
76561197961099145
76561197961099147
76561197961099148
76561197961099150
76561197961099151
76561197961099152
76561197961099153
76561197961099154
76561197961099156
76561197961099158
76561197961099159
76561197961099160
76561197961099161
76561197961099162
76561197961099163
76561197961099164
76561197961099168
76561197961099169
76561197961099170
76561197961099171
76561197961099173
76561197961099174
76561197961099175
76561197961099176
76561197961099177
76561197961099179
76561197961099181
76561197961099182
