76561197961294391
76561197961294393
76561197961294395
76561197961294400
76561197961294402
76561197961294403
76561197961294404
76561197961294406
76561197961294412
76561197961294413
76561197961294414
76561197961294415
76561197961294416
76561197961294421
76561197961294422
76561197961294425
76561197961294429
76561197961294430
76561197961294431
76561197961294434
76561197961294437
76561197961294439
76561197961294440
76561197961294441
76561197961294444
76561197961294445
76561197961294448
76561197961294457
76561197961294462
76561197961294463
76561197961294464
76561197961294466
76561197961294468
76561197961294471
76561197961294473
76561197961294474
76561197961294476
76561197961294478
76561197961294479
76561197961294482
76561197961294483
76561197961294484
76561197961294487
76561197961294488
76561197961294489
76561197961294490
76561197961294493
76561197961294494
76561197961294495
76561197961294499
76561197961294502
76561197961294503
76561197961294504
76561197961294506
76561197961294507
76561197961294509
76561197961294511
76561197961294513
76561197961294514
76561197961294520
76561197961294521
76561197961294523
76561197961294525
76561197961294528
76561197961294530
76561197961294532
76561197961294533
76561197961294536
76561197961294537
76561197961294543
76561197961294544
76561197961294545
76561197961294546
76561197961294548
76561197961294550
76561197961294551
76561197961294554
76561197961294555
76561197961294556
76561197961294557
76561197961294559
76561197961294561
76561197961294562
76561197961294563
76561197961294564
76561197961294566
76561197961294568
76561197961294570
76561197961294572
76561197961294573
76561197961294576
76561197961294578
76561197961294579
76561197961294583
76561197961294584
76561197961294586
76561197961294588
76561197961294589
76561197961294593
76561197961294595
76561197961294596
76561197961294597
76561197961294598
76561197961294600
76561197961294601
76561197961294603
76561197961294606
76561197961294607
76561197961294608
76561197961294610
76561197961294613
76561197961294614
76561197961294615
76561197961294616
76561197961294619
76561197961294621
76561197961294624
76561197961294625
76561197961294626
76561197961294630
76561197961294632
76561197961294633
76561197961294635
76561197961294637
76561197961294639
76561197961294641
76561197961294642
76561197961294643
76561197961294645
76561197961294648
76561197961294650
76561197961294651
76561197961294652
76561197961294655
76561197961294658
76561197961294661
76561197961294662
76561197961294666
76561197961294667
76561197961294670
76561197961294671
76561197961294673
76561197961294676
76561197961294677
76561197961294678
76561197961294680
76561197961294682
76561197961294683
76561197961294684
76561197961294687
76561197961294690
76561197961294691
76561197961294692
76561197961294694
76561197961294695
76561197961294696
76561197961294699
76561197961294701
76561197961294702
76561197961294703
76561197961294704
76561197961294707
76561197961294710
76561197961294711
76561197961294712
76561197961294714
76561197961294715
76561197961294719
76561197961294724
76561197961294726
76561197961294727
76561197961294728
76561197961294730
76561197961294731
76561197961294733
76561197961294734
76561197961294735
76561197961294736
76561197961294739
76561197961294740
76561197961294741
76561197961294743
76561197961294744
76561197961294747
76561197961294751
76561197961294753
76561197961294754
76561197961294756
76561197961294759
76561197961294760
76561197961294761
76561197961294764
76561197961294765
76561197961294767
76561197961294772
76561197961294774
76561197961294775
76561197961294776
76561197961294777
76561197961294778
76561197961294780
76561197961294781
76561197961294782
76561197961294783
76561197961294785
76561197961294789
76561197961294793
76561197961294794
76561197961294795
76561197961294798
76561197961294799
76561197961294801
76561197961294804
76561197961294805
76561197961294806
76561197961294807
76561197961294808
76561197961294811
76561197961294815
76561197961294816
76561197961294817
76561197961294818
76561197961294822
76561197961294827
76561197961294828
76561197961294829
76561197961294831
76561197961294832
76561197961294833
76561197961294834
76561197961294835
76561197961294836
76561197961294837
76561197961294839
76561197961294840
76561197961294843
76561197961294844
76561197961294845
76561197961294847
76561197961294849
76561197961294851
76561197961294860
76561197961294864
76561197961294866
76561197961294867
76561197961294868
76561197961294871
76561197961294872
76561197961294879
76561197961294881
76561197961294882
76561197961294884
76561197961294885
76561197961294886
76561197961294887
76561197961294888
76561197961294890
76561197961294893
76561197961294895
76561197961294896
76561197961294897
76561197961294899
76561197961294903
76561197961294905
76561197961294907
76561197961294909
76561197961294911
76561197961294912
76561197961294913
76561197961294915
76561197961294916
76561197961294918
76561197961294922
76561197961294923
76561197961294926
76561197961294928
76561197961294929
76561197961294930
76561197961294932
76561197961294933
76561197961294937
76561197961294938
76561197961294940
76561197961294945
76561197961294947
76561197961294949
76561197961294950
76561197961294952
76561197961294953
76561197961294954
76561197961294956
76561197961294962
76561197961294963
76561197961294966
76561197961294967
76561197961294968
76561197961294969
76561197961294971
76561197961294973
76561197961294979
76561197961294981
76561197961294982
76561197961294986
76561197961294987
76561197961294989
76561197961294990
76561197961294993
76561197961294994
76561197961294995
76561197961294996
76561197961294997
76561197961294998
76561197961295001
76561197961295002
76561197961295005
76561197961295006
76561197961295007
76561197961295008
76561197961295010
76561197961295011
76561197961295012
76561197961295013
76561197961295015
76561197961295016
76561197961295017
76561197961295020
76561197961295028
76561197961295030
76561197961295031
76561197961295032
76561197961295033
76561197961295036
76561197961295037
76561197961295039
76561197961295044
76561197961295048
76561197961295049
76561197961295051
76561197961295052
76561197961295053
76561197961295054
76561197961295057
76561197961295058
76561197961295060
76561197961295062
76561197961295063
76561197961295065
76561197961295069
76561197961295071
76561197961295072
76561197961295073
76561197961295079
76561197961295081
76561197961295083
76561197961295084
76561197961295085
76561197961295089
76561197961295095
76561197961295096
76561197961295098
76561197961295102
76561197961295103
76561197961295105
76561197961295107
76561197961295108
76561197961295109
76561197961295110
76561197961295114
76561197961295116
76561197961295117
76561197961295120
76561197961295121
76561197961295122
76561197961295125
76561197961295126
76561197961295127
76561197961295132
76561197961295133
76561197961295135
76561197961295136
76561197961295137
76561197961295138
76561197961295141
76561197961295146
76561197961295147
76561197961295148
76561197961295152
76561197961295154
76561197961295155
76561197961295156
76561197961295158
76561197961295161
76561197961295164
76561197961295165
76561197961295166
76561197961295167
76561197961295169
76561197961295170
76561197961295173
76561197961295175
76561197961295176
76561197961295178
76561197961295180
76561197961295181
76561197961295182
76561197961295183
76561197961295184
76561197961295189
76561197961295190
76561197961295192
76561197961295194
76561197961295196
76561197961295198
76561197961295201
76561197961295202
76561197961295203
76561197961295206
76561197961295264
76561197961295274
76561197961295284
76561197961295317
76561197961295318
76561197961295319
76561197961295322
76561197961295323
76561197961295324
76561197961295325
76561197961295326
76561197961295333
76561197961295337
76561197961295339
76561197961295340
76561197961295341
76561197961295342
76561197961295343
76561197961295346
76561197961295349
76561197961295350
76561197961295352
76561197961295353
76561197961295356
76561197961295359
76561197961295360
76561197961295362
76561197961295363
76561197961295364
76561197961295366
76561197961295369
76561197961295372
76561197961295376
76561197961295377
76561197961295378
76561197961295380
76561197961295381
76561197961295385
76561197961295386
76561197961295387
76561197961295388
76561197961295389
76561197961295390
76561197961295391
76561197961295393
76561197961295394
76561197961295395
76561197961295397
76561197961295400
76561197961295402
76561197961295406
76561197961295408
76561197961295409
76561197961295411
76561197961295412
76561197961295413
76561197961295417
76561197961295420
76561197961295421
76561197961295422
76561197961295424
76561197961295425
76561197961295426
76561197961295427
76561197961295429
76561197961295431
76561197961295433
76561197961295434
76561197961295435
76561197961295437
76561197961295438
76561197961295439
76561197961295442
76561197961295443
76561197961295444
76561197961295446
76561197961295449
76561197961295452
76561197961295453
76561197961295454
76561197961295456
76561197961295458
76561197961295459
76561197961295461
76561197961295462
76561197961295465
76561197961295468
76561197961295471
76561197961295474
76561197961295475
76561197961295477
76561197961295478
76561197961295480
76561197961295481
76561197961295482
76561197961295483
76561197961295484
76561197961295485
76561197961295487
76561197961295490
76561197961295491
76561197961295493
76561197961295494
76561197961295495
76561197961295496
76561197961295497
76561197961295498
76561197961295500
76561197961295501
76561197961295502
76561197961295504
76561197961295505
76561197961295506
76561197961295507
76561197961295509
76561197961295510
76561197961295511
76561197961295513
76561197961295514
76561197961295517
76561197961295522
76561197961295523
76561197961295525
76561197961295527
76561197961295532
76561197961295533
76561197961295534
76561197961295535
76561197961295536
76561197961295537
76561197961295538
76561197961295539
76561197961295543
76561197961295544
76561197961295546
76561197961295547
76561197961295548
76561197961295549
76561197961295550
76561197961295551
76561197961295553
76561197961295554
76561197961295555
76561197961295558
76561197961295561
76561197961295563
76561197961295564
76561197961295565
76561197961295567
76561197961295568
76561197961295570
76561197961295571
76561197961295573
76561197961295576
76561197961295579
76561197961295581
76561197961295582
76561197961295584
76561197961295585
76561197961295586
76561197961295587
76561197961295589
76561197961295590
76561197961295591
76561197961295594
76561197961295595
76561197961295596
76561197961295597
76561197961295598
76561197961295600
76561197961295603
76561197961295606
76561197961295608
76561197961295609
76561197961295610
76561197961295613
76561197961295615
76561197961295618
76561197961295619
76561197961295620
76561197961295621
76561197961295624
76561197961295625
76561197961295633
76561197961295634
76561197961295635
76561197961295636
76561197961295637
76561197961295639
76561197961295641
76561197961295642
76561197961295643
76561197961295644
76561197961295647
76561197961295648
76561197961295649
76561197961295651
76561197961295652
76561197961295658
76561197961295662
76561197961295663
76561197961295664
76561197961295666
76561197961295667
76561197961295669
76561197961295670
76561197961295673
76561197961295674
76561197961295676
76561197961295677
76561197961295678
76561197961295683
76561197961295685
76561197961295689
76561197961295690
76561197961295691
76561197961295692
76561197961295694
76561197961295696
76561197961295697
76561197961295698
76561197961295699
76561197961295701
76561197961295702
76561197961295703
76561197961295704
76561197961295705
76561197961295707
76561197961295709
76561197961295710
76561197961295712
76561197961295714
76561197961295715
76561197961295716
76561197961295717
76561197961295718
76561197961295719
76561197961295722
76561197961295725
76561197961295727
76561197961295729
76561197961295731
76561197961295734
76561197961295738
76561197961295739
76561197961295740
76561197961295744
76561197961295745
76561197961295747
76561197961295749
76561197961295750
76561197961295751
76561197961295752
76561197961295754
76561197961295758
76561197961295759
76561197961295760
76561197961295761
76561197961295763
76561197961295764
76561197961295765
76561197961295766
76561197961295767
76561197961295772
76561197961295774
76561197961295777
76561197961295778
76561197961295781
76561197961295782
76561197961295783
76561197961295785
76561197961295786
76561197961295787
76561197961295794
76561197961295795
76561197961295796
76561197961295799
76561197961295800
76561197961295801
76561197961295802
76561197961295803
76561197961295805
76561197961295807
76561197961295810
76561197961295811
76561197961295812
76561197961295813
76561197961295814
76561197961295816
76561197961295817
76561197961295818
76561197961295819
76561197961295820
76561197961295822
76561197961295823
76561197961295824
76561197961295826
76561197961295827
76561197961295829
76561197961295830
76561197961295837
76561197961295838
76561197961295840
76561197961295841
76561197961295842
76561197961295844
76561197961295850
76561197961295851
76561197961295853
76561197961295854
76561197961295858
76561197961295859
76561197961295860
76561197961295861
76561197961295862
76561197961295864
76561197961295866
76561197961295867
76561197961295868
76561197961295870
76561197961295871
76561197961295876
76561197961295877
76561197961295878
76561197961295880
76561197961295881
76561197961295885
76561197961295887
76561197961295888
76561197961295890
76561197961295891
76561197961295892
76561197961295894
76561197961295895
76561197961295896
76561197961295898
76561197961295901
76561197961295902
76561197961295904
76561197961295906
76561197961295907
76561197961295909
76561197961295912
76561197961295913
76561197961295917
76561197961295918
76561197961295919
76561197961295920
76561197961295921
76561197961295922
76561197961295924
76561197961295926
76561197961295927
76561197961295932
76561197961295933
76561197961295934
76561197961295936
76561197961295937
76561197961295938
76561197961295939
76561197961295940
76561197961295942
76561197961295943
76561197961295944
76561197961295945
76561197961295948
76561197961295949
76561197961295953
76561197961295954
76561197961295956
76561197961295958
76561197961295961
76561197961295962
76561197961295963
76561197961295969
76561197961295971
76561197961295974
76561197961295977
76561197961295978
76561197961295982
76561197961295983
76561197961295984
76561197961295989
76561197961295990
76561197961295991
76561197961295993
76561197961295995
76561197961295996
76561197961295997
76561197961295998
76561197961296003
76561197961296004
76561197961296005
76561197961296008
76561197961296010
76561197961296011
76561197961296012
76561197961296014
76561197961296015
76561197961296016
76561197961296018
76561197961296019
76561197961296020
76561197961296023
76561197961296025
76561197961296027
76561197961296028
76561197961296030
76561197961296031
76561197961296032
76561197961296033
76561197961296034
76561197961296035
76561197961296036
76561197961296037
76561197961296038
76561197961296039
76561197961296042
76561197961296045
76561197961296048
76561197961296051
76561197961296053
76561197961296055
76561197961296056
76561197961296057
76561197961296058
76561197961296059
76561197961296060
76561197961296063
76561197961296064
76561197961296065
76561197961296066
76561197961296067
76561197961296068
76561197961296072
76561197961296073
76561197961296074
76561197961296075
76561197961296076
76561197961296077
76561197961296078
76561197961296079
76561197961296080
76561197961296081
76561197961296084
76561197961296087
76561197961296088
76561197961296089
76561197961296093
76561197961296095
76561197961296097
76561197961296098
76561197961296102
76561197961296103
76561197961296105
76561197961296110
76561197961296111
76561197961296112
76561197961296115
76561197961296118
76561197961296119
76561197961296120
76561197961296121
76561197961296129
76561197961296130
76561197961296132
76561197961296133
76561197961296134
76561197961296135
76561197961296136
76561197961296137
76561197961296138
76561197961296139
76561197961296140
76561197961296141
76561197961296142
76561197961296144
76561197961296146
76561197961296149
76561197961296150
76561197961296153
76561197961296154
76561197961296156
76561197961296157
76561197961296158
76561197961296159
76561197961296160
76561197961296161
76561197961296162
76561197961296165
76561197961296169
76561197961296170
76561197961296171
76561197961296173
76561197961296174
76561197961296176
76561197961296178
76561197961296179
76561197961296188
76561197961296191
76561197961296192
76561197961296193
76561197961296194
76561197961296195
76561197961296196
76561197961296198
76561197961296199
76561197961296201
76561197961296202
76561197961296203
76561197961296204
76561197961296205
76561197961296207
76561197961296209
76561197961296210
76561197961296211
76561197961296212
76561197961296214
76561197961296215
76561197961296216
76561197961296223
76561197961296225
76561197961296226
76561197961296227
76561197961296229
76561197961296232
76561197961296233
76561197961296234
76561197961296235
76561197961296236
76561197961296238
76561197961296242
76561197961296246
76561197961296247
76561197961296254
76561197961296255
76561197961296256
76561197961296258
76561197961296259
76561197961296263
76561197961296264
76561197961296266
76561197961296267
76561197961296271
76561197961296272
76561197961296273
76561197961296274
76561197961296275
76561197961296278
76561197961296281
76561197961296282
76561197961296283
76561197961296284
76561197961296287
76561197961296288
76561197961296289
76561197961296291
76561197961296296
76561197961296297
76561197961296298
76561197961296300
76561197961296301
76561197961296302
76561197961296303
76561197961296305
76561197961296306
76561197961296307
76561197961296308
76561197961296310
76561197961296313
76561197961296315
76561197961296316
76561197961296323
76561197961296324
76561197961296330
76561197961296332
76561197961296333
76561197961296334
76561197961296335
76561197961296340
76561197961296342
76561197961296343
76561197961296344
