76561197961546031
76561197961546032
76561197961546033
76561197961546034
76561197961546035
76561197961546037
76561197961546038
76561197961546039
76561197961546041
76561197961546042
76561197961546044
76561197961546046
76561197961546047
76561197961546049
76561197961546051
76561197961546054
76561197961546055
76561197961546060
76561197961546061
76561197961546064
76561197961546069
76561197961546072
76561197961546073
76561197961546074
76561197961546075
76561197961546077
76561197961546079
76561197961546080
76561197961546082
76561197961546085
76561197961546088
76561197961546091
76561197961546092
76561197961546093
76561197961546094
76561197961546095
76561197961546096
76561197961546097
76561197961546098
76561197961546101
76561197961546102
76561197961546103
76561197961546104
76561197961546105
76561197961546106
76561197961546109
76561197961546110
76561197961546112
76561197961546115
76561197961546116
76561197961546117
76561197961546119
76561197961546120
76561197961546122
76561197961546123
76561197961546124
76561197961546126
76561197961546127
76561197961546130
76561197961546132
76561197961546134
76561197961546137
76561197961546139
76561197961546142
76561197961546146
76561197961546147
76561197961546148
76561197961546149
76561197961546152
76561197961546153
76561197961546154
76561197961546156
76561197961546157
76561197961546158
76561197961546159
76561197961546160
76561197961546162
76561197961546163
76561197961546164
76561197961546165
76561197961546166
76561197961546167
76561197961546168
76561197961546169
76561197961546172
76561197961546173
76561197961546174
76561197961546176
76561197961546177
76561197961546180
76561197961546181
76561197961546183
76561197961546185
76561197961546187
76561197961546188
76561197961546189
76561197961546191
76561197961546193
76561197961546194
76561197961546197
76561197961546199
76561197961546201
76561197961546203
76561197961546204
76561197961546207
76561197961546208
76561197961546212
76561197961546214
76561197961546215
76561197961546217
76561197961546219
76561197961546221
76561197961546222
76561197961546223
76561197961546224
76561197961546225
76561197961546226
76561197961546227
76561197961546228
76561197961546229
76561197961546231
76561197961546232
76561197961546236
76561197961546238
76561197961546241
76561197961546242
76561197961546244
76561197961546248
76561197961546250
76561197961546251
76561197961546258
76561197961546259
76561197961546260
76561197961546261
76561197961546264
76561197961546265
76561197961546267
76561197961546269
76561197961546272
76561197961546273
76561197961546275
76561197961546278
76561197961546279
76561197961546280
76561197961546281
76561197961546282
76561197961546284
76561197961546285
76561197961546286
76561197961546287
76561197961546288
76561197961546289
76561197961546290
76561197961546291
76561197961546292
76561197961546293
76561197961546294
76561197961546295
76561197961546300
76561197961546303
76561197961546304
76561197961546307
76561197961546309
76561197961546311
76561197961546314
76561197961546316
76561197961546317
76561197961546320
76561197961546321
76561197961546322
76561197961546323
76561197961546324
76561197961546325
76561197961546328
76561197961546329
76561197961546331
76561197961546335
76561197961546337
76561197961546339
76561197961546340
76561197961546342
76561197961546344
76561197961546345
76561197961546347
76561197961546348
76561197961546352
76561197961546353
76561197961546354
76561197961546356
76561197961546357
76561197961546358
76561197961546360
76561197961546362
76561197961546363
76561197961546367
76561197961546370
76561197961546371
76561197961546373
76561197961546374
76561197961546375
76561197961546379
76561197961546381
76561197961546383
76561197961546384
76561197961546385
76561197961546387
76561197961546388
76561197961546389
76561197961546390
76561197961546391
76561197961546392
76561197961546393
76561197961546394
76561197961546395
76561197961546396
76561197961546397
76561197961546399
76561197961546400
76561197961546402
76561197961546405
76561197961546406
76561197961546408
76561197961546409
76561197961546410
76561197961546412
76561197961546415
76561197961546416
76561197961546419
76561197961546420
76561197961546422
76561197961546423
76561197961546424
76561197961546425
76561197961546426
76561197961546428
76561197961546430
76561197961546431
76561197961546435
76561197961546438
76561197961546441
76561197961546443
76561197961546444
76561197961546446
76561197961546448
76561197961546449
76561197961546451
76561197961546452
76561197961546454
76561197961546457
76561197961546458
76561197961546460
76561197961546462
76561197961546463
76561197961546464
76561197961546466
76561197961546467
76561197961546469
76561197961546470
76561197961546471
76561197961546472
76561197961546473
76561197961546474
76561197961546475
76561197961546476
76561197961546477
76561197961546478
76561197961546479
76561197961546481
76561197961546483
76561197961546484
76561197961546486
76561197961546487
76561197961546488
76561197961546489
76561197961546490
76561197961546491
76561197961546492
76561197961546496
76561197961546497
76561197961546502
76561197961546505
76561197961546507
76561197961546508
76561197961546509
76561197961546510
76561197961546512
76561197961546513
76561197961546514
76561197961546516
76561197961546517
76561197961546519
76561197961546520
76561197961546521
76561197961546522
76561197961546524
76561197961546526
76561197961546528
76561197961546529
76561197961546530
76561197961546531
76561197961546532
76561197961546533
76561197961546538
76561197961546540
76561197961546541
76561197961546542
76561197961546547
76561197961546549
76561197961546550
76561197961546552
76561197961546554
76561197961546556
76561197961546558
76561197961546559
76561197961546565
76561197961546567
76561197961546570
76561197961546571
76561197961546572
76561197961546573
76561197961546575
76561197961546576
76561197961546577
76561197961546582
76561197961546584
76561197961546585
76561197961546588
76561197961546590
76561197961546591
76561197961546593
76561197961546595
76561197961546596
76561197961546597
76561197961546598
76561197961546600
76561197961546601
76561197961546603
76561197961546604
76561197961546605
76561197961546608
76561197961546609
76561197961546610
76561197961546612
76561197961546614
76561197961546615
76561197961546617
76561197961546618
76561197961546619
76561197961546620
76561197961546623
76561197961546625
76561197961546626
76561197961546627
76561197961546628
76561197961546629
76561197961546630
76561197961546632
76561197961546634
76561197961546635
76561197961546637
76561197961546638
76561197961546639
76561197961546640
76561197961546641
76561197961546644
76561197961546645
76561197961546647
76561197961546649
76561197961546650
76561197961546651
76561197961546655
76561197961546656
76561197961546660
76561197961546662
76561197961546663
76561197961546666
76561197961546668
76561197961546669
76561197961546671
76561197961546673
76561197961546674
76561197961546675
76561197961546676
76561197961546679
76561197961546682
76561197961546683
76561197961546689
76561197961546696
76561197961546699
76561197961546700
76561197961546701
76561197961546705
76561197961546706
76561197961546708
76561197961546710
76561197961546714
76561197961546715
76561197961546717
76561197961546718
76561197961546723
76561197961546724
76561197961546725
76561197961546727
76561197961546729
76561197961546734
76561197961546736
76561197961546737
76561197961546739
76561197961546740
76561197961546741
76561197961546742
76561197961546744
76561197961546745
76561197961546746
76561197961546750
76561197961546752
76561197961546753
76561197961546754
76561197961546755
76561197961546757
76561197961546761
76561197961546762
76561197961546764
76561197961546765
76561197961546766
76561197961546767
76561197961546770
76561197961546772
76561197961546773
76561197961546774
76561197961546775
76561197961546776
76561197961546777
76561197961546780
76561197961546781
76561197961546783
76561197961546785
76561197961546786
76561197961546787
76561197961546789
76561197961546791
76561197961546792
76561197961546793
76561197961546795
76561197961546796
76561197961546798
76561197961546801
76561197961546802
76561197961546803
76561197961546808
76561197961546809
76561197961546811
76561197961546814
76561197961546816
76561197961546817
76561197961546818
76561197961546819
76561197961546820
76561197961546821
76561197961546823
76561197961546825
76561197961546827
76561197961546830
76561197961546835
76561197961546840
76561197961546841
76561197961546842
76561197961546846
76561197961546848
76561197961546851
76561197961546852
76561197961546853
76561197961546857
76561197961546859
76561197961546860
76561197961546862
76561197961546863
76561197961546864
76561197961546866
76561197961546867
76561197961546868
76561197961546869
76561197961546872
76561197961546873
76561197961546874
76561197961546875
76561197961546877
76561197961546883
76561197961546885
76561197961546886
76561197961546887
76561197961546889
76561197961546891
76561197961546892
76561197961546893
76561197961546894
76561197961546895
76561197961546896
76561197961546898
76561197961546900
76561197961546901
76561197961546902
76561197961546905
76561197961546909
76561197961546910
76561197961546911
76561197961546912
76561197961546913
76561197961546914
76561197961546915
76561197961546916
76561197961546919
76561197961546920
76561197961546921
76561197961546922
76561197961546928
76561197961546932
76561197961546933
76561197961546934
76561197961546935
76561197961546940
76561197961546941
76561197961546943
76561197961546944
76561197961546947
76561197961546949
76561197961546951
76561197961546952
76561197961546953
76561197961546954
76561197961546956
76561197961546957
76561197961546958
76561197961546959
76561197961546961
76561197961546963
76561197961546964
76561197961546966
76561197961546969
76561197961546970
76561197961546972
76561197961546974
76561197961546977
76561197961546980
76561197961546981
76561197961546982
76561197961546987
76561197961546989
76561197961546990
76561197961546991
76561197961546993
76561197961546996
76561197961546999
76561197961547001
76561197961547002
76561197961547003
76561197961547005
76561197961547006
76561197961547007
76561197961547008
76561197961547009
76561197961547011
76561197961547012
76561197961547014
76561197961547019
76561197961547020
76561197961547022
76561197961547024
76561197961547028
76561197961547030
76561197961547032
76561197961547033
76561197961547035
76561197961547037
76561197961547038
76561197961547039
76561197961547040
76561197961547041
76561197961547043
76561197961547046
76561197961547047
76561197961547048
76561197961547050
76561197961547051
76561197961547052
76561197961547054
76561197961547055
76561197961547056
76561197961547057
76561197961547059
76561197961547060
76561197961547061
76561197961547062
76561197961547067
76561197961547068
76561197961547069
76561197961547071
76561197961547074
76561197961547077
76561197961547078
76561197961547079
76561197961547080
76561197961547081
76561197961547082
76561197961547083
76561197961547084
76561197961547085
76561197961547086
76561197961547087
76561197961547088
76561197961547092
76561197961547095
76561197961547098
76561197961547099
76561197961547101
76561197961547102
76561197961547104
76561197961547105
76561197961547107
76561197961547111
76561197961547112
76561197961547113
76561197961547115
76561197961547117
76561197961547118
76561197961547120
76561197961547122
76561197961547124
76561197961547125
76561197961547126
76561197961547127
76561197961547128
76561197961547130
76561197961547132
76561197961547133
76561197961547137
76561197961547139
76561197961547144
76561197961547145
76561197961547147
76561197961547148
76561197961547149
76561197961547151
76561197961547152
76561197961547154
76561197961547156
76561197961547158
76561197961547159
76561197961547160
76561197961547162
76561197961547163
76561197961547164
76561197961547166
76561197961547169
76561197961547170
76561197961547172
76561197961547177
76561197961547179
76561197961547180
76561197961547181
76561197961547182
76561197961547187
76561197961547188
76561197961547189
76561197961547192
76561197961547193
76561197961547195
76561197961547198
76561197961547199
76561197961547204
76561197961547205
76561197961547208
76561197961547210
76561197961547211
76561197961547212
76561197961547214
76561197961547215
76561197961547220
76561197961547222
76561197961547223
76561197961547224
76561197961547227
76561197961547228
76561197961547231
76561197961547232
76561197961547235
76561197961547237
76561197961547239
76561197961547243
76561197961547245
76561197961547246
76561197961547249
76561197961547250
76561197961547251
76561197961547254
76561197961547255
76561197961547256
76561197961547258
76561197961547259
76561197961547260
76561197961547261
76561197961547263
76561197961547266
76561197961547268
76561197961547272
76561197961547273
76561197961547274
76561197961547275
76561197961547276
76561197961547277
76561197961547278
76561197961547280
76561197961547281
76561197961547282
76561197961547283
76561197961547284
76561197961547285
76561197961547286
76561197961547288
76561197961547291
76561197961547292
76561197961547295
76561197961547296
76561197961547298
76561197961547300
76561197961547302
76561197961547307
76561197961547309
76561197961547310
76561197961547311
76561197961547312
76561197961547313
76561197961547316
76561197961547319
76561197961547320
76561197961547321
76561197961547322
76561197961547328
76561197961547330
76561197961547331
76561197961547333
76561197961547334
76561197961547335
76561197961547337
76561197961547339
76561197961547340
76561197961547341
76561197961547345
76561197961547348
76561197961547349
76561197961547350
76561197961547352
76561197961547353
76561197961547355
76561197961547358
76561197961547361
76561197961547362
76561197961547363
76561197961547364
76561197961547365
76561197961547366
76561197961547372
76561197961547373
76561197961547374
76561197961547377
76561197961547378
76561197961547380
76561197961547381
76561197961547383
76561197961547384
76561197961547388
76561197961547389
76561197961547391
76561197961547394
76561197961547395
76561197961547396
76561197961547397
76561197961547399
76561197961547400
76561197961547401
76561197961547403
76561197961547405
76561197961547406
76561197961547407
76561197961547410
76561197961547413
76561197961547417
76561197961547419
76561197961547420
76561197961547421
76561197961547423
76561197961547424
76561197961547428
76561197961547429
76561197961547430
76561197961547431
76561197961547435
76561197961547436
76561197961547440
76561197961547442
76561197961547445
76561197961547446
76561197961547447
76561197961547450
76561197961547452
76561197961547454
76561197961547458
76561197961547460
76561197961547461
76561197961547462
76561197961547465
76561197961547466
76561197961547469
76561197961547471
76561197961547472
76561197961547473
76561197961547474
76561197961547475
76561197961547478
76561197961547479
76561197961547480
76561197961547486
76561197961547487
76561197961547491
76561197961547493
76561197961547494
76561197961547495
76561197961547498
76561197961547500
76561197961547502
76561197961547503
76561197961547504
76561197961547506
76561197961547509
76561197961547513
76561197961547516
76561197961547519
76561197961547520
76561197961547521
76561197961547522
76561197961547523
76561197961547524
76561197961547525
76561197961547526
76561197961547529
76561197961547530
76561197961547531
76561197961547533
76561197961547536
76561197961547538
76561197961547539
76561197961547542
76561197961547544
76561197961547545
76561197961547546
76561197961547547
76561197961547549
76561197961547552
76561197961547554
76561197961547556
76561197961547560
76561197961547562
76561197961547563
76561197961547567
76561197961547568
76561197961547570
76561197961547571
76561197961547575
76561197961547578
76561197961547579
76561197961547581
76561197961547582
76561197961547583
76561197961547584
76561197961547587
76561197961547589
76561197961547590
76561197961547592
76561197961547593
76561197961547594
76561197961547595
76561197961547597
76561197961547599
76561197961547600
76561197961547601
76561197961547604
76561197961547605
76561197961547606
76561197961547608
76561197961547610
76561197961547611
76561197961547613
76561197961547614
76561197961547616
76561197961547617
76561197961547618
76561197961547620
76561197961547622
76561197961547625
76561197961547626
76561197961547628
76561197961547629
76561197961547632
76561197961547633
76561197961547634
76561197961547637
76561197961547640
76561197961547642
76561197961547643
76561197961547647
76561197961547649
76561197961547651
76561197961547653
76561197961547655
76561197961547660
76561197961547666
76561197961547667
76561197961547668
76561197961547674
76561197961547675
76561197961547678
76561197961547679
76561197961547682
76561197961547684
76561197961547687
76561197961547688
76561197961547690
76561197961547691
76561197961547693
76561197961547695
76561197961547696
76561197961547699
76561197961547700
76561197961547708
76561197961547709
76561197961547712
76561197961547713
76561197961547715
76561197961547717
76561197961547719
76561197961547721
76561197961547722
76561197961547725
76561197961547726
76561197961547727
76561197961547728
76561197961547730
76561197961547731
76561197961547732
76561197961547733
76561197961547734
76561197961547738
76561197961547739
76561197961547742
76561197961547748
76561197961547751
76561197961547752
76561197961547755
76561197961547756
76561197961547758
76561197961547759
76561197961547761
76561197961547762
76561197961547763
76561197961547765
76561197961547766
76561197961547767
76561197961547770
76561197961547772
76561197961547776
76561197961547778
76561197961547779
76561197961547780
76561197961547781
76561197961547782
76561197961547783
76561197961547785
76561197961547786
76561197961547789
76561197961547793
76561197961547794
76561197961547796
76561197961547798
76561197961547799
76561197961547802
76561197961547803
76561197961547805
76561197961547806
76561197961547807
76561197961547808
76561197961547809
76561197961547810
76561197961547811
76561197961547812
76561197961547813
76561197961547815
76561197961547816
76561197961547817
76561197961547818
76561197961547819
