76561197961946268
76561197961946269
76561197961946270
76561197961946271
76561197961946272
76561197961946273
76561197961946275
76561197961946279
76561197961946281
76561197961946284
76561197961946288
76561197961946289
76561197961946290
76561197961946291
76561197961946295
76561197961946297
76561197961946302
76561197961946306
76561197961946308
76561197961946310
76561197961946314
76561197961946317
76561197961946318
76561197961946324
76561197961946325
76561197961946327
76561197961946328
76561197961946330
76561197961946331
76561197961946334
76561197961946339
76561197961946342
76561197961946345
76561197961946349
76561197961946357
76561197961946358
76561197961946360
76561197961946362
76561197961946364
76561197961946365
76561197961946368
76561197961946373
76561197961946375
76561197961946376
76561197961946378
76561197961946380
76561197961946383
76561197961946387
76561197961946390
76561197961946392
76561197961946395
76561197961946396
76561197961946400
76561197961946401
76561197961946404
76561197961946409
76561197961946410
76561197961946412
76561197961946417
76561197961946425
76561197961946430
76561197961946439
76561197961946440
76561197961946448
76561197961946450
76561197961946453
76561197961946463
76561197961946465
76561197961946466
76561197961946467
76561197961946469
76561197961946470
76561197961946471
76561197961946472
76561197961946475
76561197961946476
76561197961946477
76561197961946483
76561197961946485
76561197961946486
76561197961946488
76561197961946489
76561197961946491
76561197961946492
76561197961946495
76561197961946502
76561197961946503
76561197961946504
76561197961946505
76561197961946507
76561197961946512
76561197961946516
76561197961946519
76561197961946520
76561197961946523
76561197961946525
76561197961946526
76561197961946527
76561197961946531
76561197961946532
76561197961946534
76561197961946536
76561197961946537
76561197961946540
76561197961946541
76561197961946544
76561197961946548
76561197961946550
76561197961946556
76561197961946557
76561197961946560
76561197961946565
76561197961946566
76561197961946570
76561197961946572
76561197961946573
76561197961946574
76561197961946575
76561197961946579
76561197961946580
76561197961946584
76561197961946587
76561197961946592
76561197961946594
76561197961946595
76561197961946596
76561197961946598
76561197961946599
76561197961946603
76561197961946604
76561197961946605
76561197961946608
76561197961946614
76561197961946615
76561197961946616
76561197961946617
76561197961946620
76561197961946623
76561197961946625
76561197961946628
76561197961946630
76561197961946631
76561197961946633
76561197961946635
76561197961946636
76561197961946637
76561197961946638
76561197961946639
76561197961946640
76561197961946642
76561197961946648
76561197961946649
76561197961946650
76561197961946654
76561197961946655
76561197961946656
76561197961946657
76561197961946658
76561197961946659
76561197961946661
76561197961946664
76561197961946673
76561197961946674
76561197961946676
76561197961946679
76561197961946680
76561197961946681
76561197961946684
76561197961946685
76561197961946686
76561197961946689
76561197961946692
76561197961946694
76561197961946695
76561197961946696
76561197961946701
76561197961946704
76561197961946713
76561197961946715
76561197961946716
76561197961946720
76561197961946722
76561197961946723
76561197961946724
76561197961946727
76561197961946731
76561197961946742
76561197961946749
76561197961946753
76561197961946756
76561197961946760
76561197961946761
76561197961946762
76561197961946763
76561197961946767
76561197961946770
76561197961946771
76561197961946772
76561197961946774
76561197961946778
76561197961946781
76561197961946783
76561197961946784
76561197961946788
76561197961946789
76561197961946790
76561197961946794
76561197961946800
76561197961946801
76561197961946804
76561197961946806
76561197961946808
76561197961946809
76561197961946810
76561197961946812
76561197961946814
76561197961946825
76561197961946827
76561197961946830
76561197961946831
76561197961946834
76561197961946835
76561197961946836
76561197961946841
76561197961946842
76561197961946844
76561197961946849
76561197961946852
76561197961946856
76561197961946863
76561197961946864
76561197961946866
76561197961946868
76561197961946869
76561197961946871
76561197961946872
76561197961946876
76561197961946879
76561197961946883
76561197961946885
76561197961946886
76561197961946888
76561197961946890
76561197961946891
76561197961946893
76561197961946897
76561197961946898
76561197961946899
76561197961946904
76561197961946906
76561197961946909
76561197961946917
76561197961946924
76561197961946929
76561197961946938
76561197961946940
76561197961946946
76561197961946950
76561197961946951
76561197961946952
76561197961946957
76561197961946960
76561197961946961
76561197961946962
76561197961946972
76561197961946975
76561197961946976
76561197961946982
76561197961946983
76561197961946985
76561197961946990
76561197961946994
76561197961946996
76561197961946997
76561197961946998
76561197961947006
76561197961947009
76561197961947010
76561197961947012
76561197961947014
76561197961947016
76561197961947020
76561197961947021
76561197961947022
76561197961947024
76561197961947026
76561197961947028
76561197961947031
76561197961947033
76561197961947035
76561197961947042
76561197961947055
76561197961947058
76561197961947059
76561197961947065
76561197961947067
76561197961947068
76561197961947071
76561197961947072
76561197961947074
76561197961947076
76561197961947079
76561197961947081
76561197961947082
76561197961947086
76561197961947089
76561197961947092
76561197961947094
76561197961947096
76561197961947099
76561197961947100
76561197961947105
76561197961947107
76561197961947109
76561197961947114
76561197961947116
76561197961947120
76561197961947121
76561197961947122
76561197961947123
76561197961947125
76561197961947126
76561197961947131
76561197961947133
76561197961947134
76561197961947135
76561197961947137
76561197961947138
76561197961947140
76561197961947142
76561197961947145
76561197961947150
76561197961947152
76561197961947153
76561197961947155
76561197961947157
76561197961947159
76561197961947161
76561197961947163
76561197961947165
76561197961947174
76561197961947175
76561197961947179
76561197961947186
76561197961947190
76561197961947191
76561197961947192
76561197961947194
76561197961947197
76561197961947201
76561197961947203
76561197961947208
76561197961947210
76561197961947214
76561197961947216
76561197961947218
76561197961947223
76561197961947224
76561197961947225
76561197961947226
76561197961947239
76561197961947241
76561197961947244
76561197961947245
76561197961947248
76561197961947252
76561197961947256
76561197961947259
76561197961947262
76561197961947263
76561197961947264
76561197961947267
76561197961947272
76561197961947274
76561197961947275
76561197961947287
76561197961947288
76561197961947289
76561197961947290
76561197961947292
76561197961947293
76561197961947294
76561197961947295
76561197961947299
76561197961947300
76561197961947305
76561197961947307
76561197961947311
76561197961947312
76561197961947317
76561197961947321
76561197961947325
76561197961947326
76561197961947332
76561197961947334
76561197961947335
76561197961947336
76561197961947339
76561197961947341
76561197961947343
76561197961947345
76561197961947346
76561197961947347
76561197961947349
76561197961947350
76561197961947353
76561197961947360
76561197961947364
76561197961947365
76561197961947370
76561197961947373
76561197961947374
76561197961947375
76561197961947384
76561197961947386
76561197961947389
76561197961947391
76561197961947392
76561197961947395
76561197961947396
76561197961947397
76561197961947399
76561197961947404
76561197961947405
76561197961947408
76561197961947410
76561197961947428
76561197961947430
76561197961947432
76561197961947433
76561197961947437
76561197961947438
76561197961947443
76561197961947444
76561197961947445
76561197961947448
76561197961947449
76561197961947457
76561197961947458
76561197961947459
76561197961947462
76561197961947468
76561197961947470
76561197961947472
76561197961947473
76561197961947475
76561197961947476
76561197961947478
76561197961947479
76561197961947483
76561197961947485
76561197961947486
76561197961947489
76561197961947492
76561197961947494
76561197961947495
76561197961947496
76561197961947497
76561197961947500
76561197961947502
76561197961947509
76561197961947510
76561197961947511
76561197961947512
76561197961947513
76561197961947517
76561197961947519
76561197961947522
76561197961947524
76561197961947528
76561197961947532
76561197961947534
76561197961947535
76561197961947537
76561197961947538
76561197961947539
76561197961947542
76561197961947545
76561197961947546
76561197961947547
76561197961947550
76561197961947554
76561197961947556
76561197961947557
76561197961947558
76561197961947560
76561197961947562
76561197961947563
76561197961947564
76561197961947566
76561197961947570
76561197961947571
76561197961947573
76561197961947575
76561197961947576
76561197961947577
76561197961947580
76561197961947582
76561197961947583
76561197961947586
76561197961947590
76561197961947592
76561197961947600
76561197961947601
76561197961947602
76561197961947606
76561197961947607
76561197961947608
76561197961947610
76561197961947612
76561197961947614
76561197961947615
76561197961947619
76561197961947622
76561197961947627
76561197961947629
76561197961947631
76561197961947636
76561197961947637
76561197961947638
76561197961947639
76561197961947641
76561197961947643
76561197961947646
76561197961947648
76561197961947652
76561197961947654
76561197961947656
76561197961947660
76561197961947666
76561197961947667
76561197961947669
76561197961947670
76561197961947677
76561197961947686
76561197961947687
76561197961947688
76561197961947689
76561197961947691
76561197961947693
76561197961947695
76561197961947698
76561197961947699
76561197961947701
76561197961947704
76561197961947707
76561197961947713
76561197961947716
76561197961947722
76561197961947725
76561197961947726
76561197961947728
76561197961947729
76561197961947731
76561197961947734
76561197961947737
76561197961947739
76561197961947741
76561197961947742
76561197961947743
76561197961947744
76561197961947752
76561197961947755
76561197961947756
76561197961947758
76561197961947760
76561197961947762
76561197961947764
76561197961947766
76561197961947768
76561197961947769
76561197961947776
76561197961947778
76561197961947780
76561197961947783
76561197961947784
76561197961947785
76561197961947787
76561197961947788
76561197961947793
76561197961947794
76561197961947796
76561197961947798
76561197961947800
76561197961947803
76561197961947807
76561197961947810
76561197961947811
76561197961947812
76561197961947814
76561197961947815
76561197961947816
76561197961947818
76561197961947819
76561197961947822
76561197961947823
76561197961947824
76561197961947825
76561197961947827
76561197961947832
76561197961947833
76561197961947835
76561197961947836
76561197961947837
76561197961947839
76561197961947841
76561197961947842
76561197961947843
76561197961947846
76561197961947849
76561197961947850
76561197961947851
76561197961947853
76561197961947855
76561197961947858
76561197961947862
76561197961947864
76561197961947865
76561197961947867
76561197961947869
76561197961947873
76561197961947879
76561197961947880
76561197961947881
76561197961947882
76561197961947883
76561197961947884
76561197961947885
76561197961947886
76561197961947887
76561197961947888
76561197961947890
76561197961947894
76561197961947898
76561197961947899
76561197961947900
76561197961947904
76561197961947905
76561197961947909
76561197961947913
76561197961947917
76561197961947919
76561197961947920
76561197961947921
76561197961947922
76561197961947923
76561197961947924
76561197961947928
76561197961947929
76561197961947932
76561197961947933
76561197961947934
76561197961947935
76561197961947940
76561197961947942
76561197961947943
76561197961947944
76561197961947947
76561197961947948
76561197961947949
76561197961947951
76561197961947952
76561197961947953
76561197961947954
76561197961947957
76561197961947959
76561197961947962
76561197961947963
76561197961947965
76561197961947966
76561197961947967
76561197961947969
76561197961947970
76561197961947972
76561197961947973
76561197961947975
76561197961947978
76561197961947980
76561197961947981
76561197961947982
76561197961947985
76561197961947987
76561197961947990
76561197961947991
76561197961947996
76561197961948000
76561197961948001
76561197961948002
76561197961948003
76561197961948004
76561197961948006
76561197961948008
76561197961948016
76561197961948022
76561197961948023
76561197961948024
76561197961948025
76561197961948030
76561197961948032
76561197961948034
76561197961948037
76561197961948039
76561197961948040
76561197961948042
76561197961948043
76561197961948044
76561197961948045
76561197961948046
76561197961948055
76561197961948056
76561197961948057
76561197961948059
76561197961948061
76561197961948062
76561197961948063
76561197961948064
76561197961948065
76561197961948066
76561197961948068
76561197961948070
76561197961948075
76561197961948076
76561197961948078
76561197961948084
76561197961948085
76561197961948086
76561197961948087
76561197961948088
76561197961948092
76561197961948096
76561197961948097
76561197961948101
76561197961948103
76561197961948105
76561197961948107
76561197961948114
76561197961948115
76561197961948118
76561197961948120
76561197961948125
76561197961948131
76561197961948133
76561197961948138
76561197961948140
76561197961948141
76561197961948142
76561197961948143
76561197961948147
76561197961948150
76561197961948156
76561197961948157
76561197961948158
76561197961948160
76561197961948162
76561197961948163
76561197961948171
76561197961948178
76561197961948182
76561197961948184
76561197961948185
76561197961948186
76561197961948187
76561197961948190
76561197961948197
76561197961948198
76561197961948200
76561197961948202
76561197961948204
76561197961948209
76561197961948210
76561197961948211
76561197961948214
76561197961948216
76561197961948220
76561197961948223
76561197961948224
76561197961948230
76561197961948232
76561197961948236
76561197961948239
76561197961948240
76561197961948245
76561197961948246
76561197961948250
76561197961948251
76561197961948256
76561197961948259
76561197961948260
76561197961948261
76561197961948264
76561197961948266
76561197961948267
76561197961948268
76561197961948273
76561197961948275
76561197961948276
76561197961948277
76561197961948278
76561197961948281
76561197961948286
76561197961948287
76561197961948290
76561197961948291
76561197961948292
76561197961948293
76561197961948294
76561197961948297
76561197961948298
76561197961948303
76561197961948308
76561197961948309
76561197961948318
76561197961948320
76561197961948321
76561197961948322
76561197961948323
76561197961948326
76561197961948329
76561197961948330
76561197961948331
76561197961948332
76561197961948334
76561197961948336
76561197961948341
76561197961948342
76561197961948344
76561197961948346
76561197961948347
76561197961948348
76561197961948349
76561197961948350
76561197961948351
76561197961948352
76561197961948353
76561197961948354
76561197961948356
76561197961948357
76561197961948358
76561197961948362
76561197961948364
76561197961948370
76561197961948375
76561197961948376
76561197961948377
76561197961948378
76561197961948379
76561197961948382
76561197961948385
76561197961948391
76561197961948393
76561197961948394
76561197961948401
76561197961948406
76561197961948407
76561197961948409
76561197961948414
76561197961948423
76561197961948424
76561197961948426
76561197961948428
76561197961948429
76561197961948434
76561197961948435
76561197961948440
76561197961948444
76561197961948445
76561197961948452
76561197961948455
76561197961948458
76561197961948461
76561197961948464
76561197961948465
76561197961948468
76561197961948469
76561197961948471
76561197961948473
76561197961948475
76561197961948476
76561197961948479
76561197961948480
76561197961948485
76561197961948486
76561197961948487
76561197961948488
76561197961948489
76561197961948490
76561197961948491
76561197961948493
76561197961948494
76561197961948496
76561197961948497
76561197961948498
76561197961948499
76561197961948500
76561197961948502
76561197961948503
76561197961948504
76561197961948506
76561197961948507
76561197961948508
76561197961948509
76561197961948510
76561197961948511
76561197961948515
76561197961948517
76561197961948519
76561197961948520
76561197961948522
76561197961948523
76561197961948524
76561197961948526
76561197961948530
76561197961948531
76561197961948532
76561197961948533
76561197961948535
76561197961948539
76561197961948540
76561197961948546
76561197961948550
76561197961948551
76561197961948553
76561197961948557
76561197961948558
76561197961948562
76561197961948564
76561197961948565
76561197961948567
76561197961948574
76561197961948577
76561197961948579
76561197961948581
76561197961948582
76561197961948589
76561197961948591
76561197961948593
76561197961948594
76561197961948597
76561197961948598
76561197961948606
76561197961948608
76561197961948609
76561197961948610
76561197961948613
76561197961948614
76561197961948618
76561197961948620
76561197961948621
76561197961948622
76561197961948623
76561197961948624
76561197961948626
76561197961948628
76561197961948629
76561197961948631
76561197961948634
76561197961948635
76561197961948636
76561197961948637
76561197961948640
76561197961948641
76561197961948642
76561197961948644
76561197961948648
76561197961948650
76561197961948654
76561197961948655
76561197961948656
76561197961948659
76561197961948661
76561197961948662
76561197961948664
76561197961948665
76561197961948667
76561197961948669
76561197961948671
76561197961948672
76561197961948673
76561197961948674
76561197961948675
76561197961948676
76561197961948677
76561197961948678
76561197961948680
76561197961948681
76561197961948682
76561197961948683
76561197961948684
76561197961948686
76561197961948688
76561197961948689
76561197961948692
76561197961948696
76561197961948700
76561197961948701
76561197961948702
76561197961948705
76561197961948708
76561197961948709
76561197961948711
