76561197961127279
76561197961127280
76561197961127283
76561197961127284
76561197961127286
76561197961127287
76561197961127288
76561197961127290
76561197961127292
76561197961127294
76561197961127300
76561197961127302
76561197961127303
76561197961127305
76561197961127306
76561197961127307
76561197961127308
76561197961127310
76561197961127311
76561197961127314
76561197961127317
76561197961127318
76561197961127320
76561197961127321
76561197961127323
76561197961127324
76561197961127326
76561197961127329
76561197961127330
76561197961127331
76561197961127332
76561197961127333
76561197961127334
76561197961127336
76561197961127337
76561197961127340
76561197961127341
76561197961127345
76561197961127346
76561197961127350
76561197961127351
76561197961127354
76561197961127355
76561197961127356
76561197961127358
76561197961127360
76561197961127364
76561197961127365
76561197961127367
76561197961127368
76561197961127371
76561197961127372
76561197961127373
76561197961127374
76561197961127376
76561197961127377
76561197961127378
76561197961127380
76561197961127381
76561197961127386
76561197961127387
76561197961127389
76561197961127390
76561197961127394
76561197961127395
76561197961127396
76561197961127399
76561197961127400
76561197961127401
76561197961127402
76561197961127403
76561197961127405
76561197961127406
76561197961127407
76561197961127412
76561197961127418
76561197961127419
76561197961127420
76561197961127425
76561197961127426
76561197961127427
76561197961127428
76561197961127431
76561197961127434
76561197961127436
76561197961127438
76561197961127439
76561197961127446
76561197961127448
76561197961127449
76561197961127450
76561197961127455
76561197961127456
76561197961127460
76561197961127461
76561197961127462
76561197961127463
76561197961127466
76561197961127467
76561197961127469
76561197961127470
76561197961127471
76561197961127474
76561197961127476
76561197961127477
76561197961127481
76561197961127482
76561197961127483
76561197961127484
76561197961127485
76561197961127487
76561197961127488
76561197961127489
76561197961127490
76561197961127491
76561197961127493
76561197961127494
76561197961127495
76561197961127501
76561197961127503
76561197961127505
76561197961127507
76561197961127508
76561197961127509
76561197961127510
76561197961127511
76561197961127513
76561197961127514
76561197961127515
76561197961127517
76561197961127518
76561197961127526
76561197961127527
76561197961127529
76561197961127532
76561197961127535
76561197961127536
76561197961127540
76561197961127544
76561197961127546
76561197961127547
76561197961127548
76561197961127551
76561197961127553
76561197961127554
76561197961127559
76561197961127561
76561197961127563
76561197961127564
76561197961127566
76561197961127567
76561197961127570
76561197961127571
76561197961127572
76561197961127573
76561197961127574
76561197961127575
76561197961127576
76561197961127577
76561197961127578
76561197961127579
76561197961127581
76561197961127582
76561197961127583
76561197961127584
76561197961127585
76561197961127587
76561197961127588
76561197961127589
76561197961127590
76561197961127591
76561197961127592
76561197961127593
76561197961127594
76561197961127595
76561197961127596
76561197961127597
76561197961127598
76561197961127600
76561197961127603
76561197961127605
76561197961127608
76561197961127609
76561197961127610
76561197961127613
76561197961127615
76561197961127616
76561197961127618
76561197961127620
76561197961127622
76561197961127623
76561197961127627
76561197961127628
76561197961127629
76561197961127631
76561197961127634
76561197961127635
76561197961127638
76561197961127643
76561197961127646
76561197961127647
76561197961127648
76561197961127649
76561197961127650
76561197961127651
76561197961127652
76561197961127654
76561197961127655
76561197961127656
76561197961127657
76561197961127659
76561197961127660
76561197961127662
76561197961127664
76561197961127665
76561197961127666
76561197961127667
76561197961127668
76561197961127670
76561197961127674
76561197961127676
76561197961127679
76561197961127681
76561197961127683
76561197961127684
76561197961127685
76561197961127687
76561197961127688
76561197961127696
76561197961127700
76561197961127701
76561197961127702
76561197961127703
76561197961127707
76561197961127709
76561197961127710
76561197961127711
76561197961127712
76561197961127715
76561197961127716
76561197961127717
76561197961127718
76561197961127719
76561197961127720
76561197961127721
76561197961127722
76561197961127725
76561197961127726
76561197961127728
76561197961127733
76561197961127734
76561197961127737
76561197961127740
76561197961127742
76561197961127743
76561197961127744
76561197961127745
76561197961127747
76561197961127748
76561197961127750
76561197961127752
76561197961127753
76561197961127754
76561197961127755
76561197961127757
76561197961127758
76561197961127763
76561197961127764
76561197961127765
76561197961127770
76561197961127771
76561197961127775
76561197961127780
76561197961127782
76561197961127783
76561197961127784
76561197961127785
76561197961127786
76561197961127788
76561197961127789
76561197961127790
76561197961127791
76561197961127793
76561197961127796
76561197961127797
76561197961127798
76561197961127802
76561197961127803
76561197961127804
76561197961127805
76561197961127806
76561197961127807
76561197961127808
76561197961127809
76561197961127810
76561197961127811
76561197961127812
76561197961127815
76561197961127817
76561197961127820
76561197961127821
76561197961127822
76561197961127823
76561197961127824
76561197961127825
76561197961127826
76561197961127827
76561197961127829
76561197961127830
76561197961127835
76561197961127836
76561197961127837
76561197961127838
76561197961127841
76561197961127844
76561197961127846
76561197961127848
76561197961127849
76561197961127850
76561197961127851
76561197961127852
76561197961127855
76561197961127856
76561197961127857
76561197961127860
76561197961127862
76561197961127863
76561197961127866
76561197961127869
76561197961127875
76561197961127876
76561197961127877
76561197961127880
76561197961127882
76561197961127884
76561197961127885
76561197961127886
76561197961127887
76561197961127889
76561197961127892
76561197961127893
76561197961127895
76561197961127897
76561197961127898
76561197961127900
76561197961127901
76561197961127904
76561197961127905
76561197961127906
76561197961127908
76561197961127911
76561197961127912
76561197961127913
76561197961127917
76561197961127918
76561197961127922
76561197961127923
76561197961127924
76561197961127926
76561197961127932
76561197961127933
76561197961127935
76561197961127936
76561197961127937
76561197961127938
76561197961127941
76561197961127942
76561197961127944
76561197961127945
76561197961127946
76561197961127947
76561197961127948
76561197961127950
76561197961127951
76561197961127953
76561197961127954
76561197961127955
76561197961127956
76561197961127957
76561197961127958
76561197961127960
76561197961127965
76561197961127966
76561197961127967
76561197961127968
76561197961127971
76561197961127972
76561197961127973
76561197961127974
76561197961127977
76561197961127979
76561197961127980
76561197961127982
76561197961127983
76561197961127984
76561197961127985
76561197961127986
76561197961127988
76561197961127990
76561197961127991
76561197961127992
76561197961127994
76561197961127997
76561197961127998
76561197961128001
76561197961128002
76561197961128003
76561197961128004
76561197961128005
76561197961128007
76561197961128009
76561197961128010
76561197961128011
76561197961128012
76561197961128013
76561197961128016
76561197961128019
76561197961128020
76561197961128023
76561197961128024
76561197961128025
76561197961128026
76561197961128028
76561197961128029
76561197961128030
76561197961128031
76561197961128034
76561197961128035
76561197961128036
76561197961128039
76561197961128040
76561197961128042
76561197961128043
76561197961128044
76561197961128046
76561197961128049
76561197961128050
76561197961128052
76561197961128055
76561197961128057
76561197961128059
76561197961128062
76561197961128063
76561197961128064
76561197961128066
76561197961128069
76561197961128071
76561197961128073
76561197961128074
76561197961128075
76561197961128076
76561197961128078
76561197961128079
76561197961128080
76561197961128088
76561197961128090
76561197961128095
76561197961128097
76561197961128098
76561197961128107
76561197961128109
76561197961128110
76561197961128111
76561197961128112
76561197961128113
76561197961128114
76561197961128116
76561197961128117
76561197961128118
76561197961128123
76561197961128124
76561197961128125
76561197961128126
76561197961128127
76561197961128130
76561197961128132
76561197961128133
76561197961128134
76561197961128135
76561197961128136
76561197961128137
76561197961128138
76561197961128139
76561197961128143
76561197961128145
76561197961128149
76561197961128150
76561197961128151
76561197961128152
76561197961128153
76561197961128157
76561197961128162
76561197961128163
76561197961128165
76561197961128168
76561197961128169
76561197961128171
76561197961128172
76561197961128173
76561197961128174
76561197961128177
76561197961128178
76561197961128180
76561197961128182
76561197961128183
76561197961128184
76561197961128185
76561197961128186
76561197961128187
76561197961128189
76561197961128191
76561197961128192
76561197961128196
76561197961128197
76561197961128199
76561197961128200
76561197961128203
76561197961128204
76561197961128205
76561197961128207
76561197961128209
76561197961128211
76561197961128212
76561197961128213
76561197961128214
76561197961128215
76561197961128216
76561197961128218
76561197961128221
76561197961128225
76561197961128226
76561197961128227
76561197961128228
76561197961128230
76561197961128231
76561197961128233
76561197961128236
76561197961128239
76561197961128243
76561197961128244
76561197961128245
76561197961128246
76561197961128247
76561197961128248
76561197961128250
76561197961128251
76561197961128255
76561197961128257
76561197961128259
76561197961128260
76561197961128261
76561197961128262
76561197961128268
76561197961128269
76561197961128271
76561197961128273
76561197961128274
76561197961128280
76561197961128281
76561197961128283
76561197961128284
76561197961128285
76561197961128286
76561197961128288
76561197961128289
76561197961128290
76561197961128291
76561197961128292
76561197961128293
76561197961128295
76561197961128296
76561197961128297
76561197961128298
76561197961128299
76561197961128301
76561197961128303
76561197961128305
76561197961128306
76561197961128307
76561197961128308
76561197961128309
76561197961128310
76561197961128312
76561197961128314
76561197961128317
76561197961128319
76561197961128323
76561197961128324
76561197961128325
76561197961128326
76561197961128327
76561197961128333
76561197961128335
76561197961128336
76561197961128339
76561197961128340
76561197961128341
76561197961128344
76561197961128346
76561197961128349
76561197961128351
76561197961128353
76561197961128356
76561197961128358
76561197961128361
76561197961128362
76561197961128363
76561197961128364
76561197961128368
76561197961128372
76561197961128374
76561197961128376
76561197961128378
76561197961128379
76561197961128381
76561197961128383
76561197961128384
76561197961128393
76561197961128396
76561197961128397
76561197961128398
76561197961128399
76561197961128401
76561197961128403
76561197961128404
76561197961128405
76561197961128406
76561197961128409
76561197961128413
76561197961128415
76561197961128416
76561197961128419
76561197961128422
76561197961128423
76561197961128426
76561197961128429
76561197961128430
76561197961128432
76561197961128433
76561197961128437
76561197961128438
76561197961128439
76561197961128440
76561197961128441
76561197961128443
76561197961128447
76561197961128448
76561197961128449
76561197961128450
76561197961128451
76561197961128452
76561197961128453
76561197961128454
76561197961128458
76561197961128459
76561197961128468
76561197961128470
76561197961128472
76561197961128475
76561197961128476
76561197961128477
76561197961128478
76561197961128479
76561197961128481
76561197961128484
76561197961128485
76561197961128486
76561197961128487
76561197961128489
76561197961128490
76561197961128494
76561197961128495
76561197961128498
76561197961128499
76561197961128500
76561197961128502
76561197961128505
76561197961128508
76561197961128510
76561197961128511
76561197961128515
76561197961128517
76561197961128520
76561197961128523
76561197961128524
76561197961128526
76561197961128527
76561197961128529
76561197961128530
76561197961128531
76561197961128532
76561197961128533
76561197961128534
76561197961128535
76561197961128537
76561197961128539
76561197961128541
76561197961128542
76561197961128544
76561197961128545
76561197961128548
76561197961128552
76561197961128553
76561197961128554
76561197961128555
76561197961128557
76561197961128558
76561197961128559
76561197961128560
76561197961128561
76561197961128563
76561197961128565
76561197961128567
76561197961128569
76561197961128570
76561197961128571
76561197961128572
76561197961128573
76561197961128574
76561197961128575
76561197961128576
76561197961128578
76561197961128581
76561197961128583
76561197961128584
76561197961128585
76561197961128586
76561197961128587
76561197961128588
76561197961128589
76561197961128590
76561197961128591
76561197961128592
76561197961128593
76561197961128595
76561197961128596
76561197961128597
76561197961128599
76561197961128600
76561197961128602
76561197961128605
76561197961128608
76561197961128609
76561197961128610
76561197961128611
76561197961128612
76561197961128613
76561197961128615
76561197961128616
76561197961128617
76561197961128619
76561197961128620
76561197961128621
76561197961128622
76561197961128623
76561197961128626
76561197961128627
76561197961128628
76561197961128629
76561197961128630
76561197961128631
76561197961128632
76561197961128633
76561197961128634
76561197961128636
76561197961128638
76561197961128640
76561197961128641
76561197961128643
76561197961128644
76561197961128645
76561197961128647
76561197961128651
76561197961128652
76561197961128654
76561197961128656
76561197961128657
76561197961128658
76561197961128659
76561197961128664
76561197961128665
76561197961128666
76561197961128667
76561197961128668
76561197961128671
76561197961128673
76561197961128674
76561197961128676
76561197961128677
76561197961128678
76561197961128679
76561197961128681
76561197961128683
76561197961128684
76561197961128685
76561197961128686
76561197961128687
76561197961128688
76561197961128689
76561197961128692
76561197961128693
76561197961128694
76561197961128695
76561197961128696
76561197961128698
76561197961128699
76561197961128700
76561197961128701
76561197961128705
76561197961128707
76561197961128709
76561197961128710
76561197961128718
76561197961128719
76561197961128722
76561197961128724
76561197961128726
76561197961128727
76561197961128728
76561197961128730
76561197961128731
76561197961128732
76561197961128733
76561197961128735
76561197961128736
76561197961128737
76561197961128739
76561197961128740
76561197961128741
76561197961128743
76561197961128744
76561197961128745
76561197961128748
76561197961128750
76561197961128752
76561197961128753
76561197961128755
76561197961128757
76561197961128758
76561197961128762
76561197961128764
76561197961128766
76561197961128767
76561197961128769
76561197961128770
76561197961128771
76561197961128772
76561197961128773
76561197961128774
76561197961128775
76561197961128777
76561197961128780
76561197961128781
76561197961128784
76561197961128789
76561197961128790
76561197961128791
76561197961128792
76561197961128794
76561197961128796
76561197961128798
76561197961128800
76561197961128802
76561197961128803
76561197961128804
76561197961128806
76561197961128807
76561197961128808
76561197961128809
76561197961128810
76561197961128811
76561197961128813
76561197961128814
76561197961128815
76561197961128816
76561197961128820
76561197961128821
76561197961128822
76561197961128824
76561197961128825
76561197961128826
76561197961128829
76561197961128830
76561197961128831
76561197961128832
76561197961128833
76561197961128834
76561197961128837
76561197961128838
76561197961128839
76561197961128840
76561197961128842
76561197961128843
76561197961128844
76561197961128845
76561197961128846
76561197961128849
76561197961128850
76561197961128852
76561197961128853
76561197961128856
76561197961128858
76561197961128860
76561197961128863
76561197961128866
76561197961128867
76561197961128869
76561197961128872
76561197961128875
76561197961128876
76561197961128879
76561197961128880
76561197961128882
76561197961128883
76561197961128884
76561197961128885
76561197961128886
76561197961128888
76561197961128889
76561197961128890
76561197961128891
76561197961128892
76561197961128894
76561197961128896
76561197961128897
76561197961128899
76561197961128900
76561197961128902
76561197961128903
76561197961128905
76561197961128906
76561197961128908
76561197961128910
76561197961128911
76561197961128915
76561197961128917
76561197961128919
76561197961128920
76561197961128921
76561197961128922
76561197961128923
76561197961128924
76561197961128925
76561197961128927
76561197961128930
76561197961128933
76561197961128934
76561197961128936
76561197961128937
76561197961128940
76561197961128942
76561197961128946
76561197961128947
76561197961128949
76561197961128950
76561197961128951
76561197961128952
76561197961128956
76561197961128958
76561197961128959
76561197961128961
76561197961128962
76561197961128963
76561197961128965
76561197961128966
76561197961128967
76561197961128968
76561197961128971
76561197961128974
76561197961128978
76561197961128980
76561197961128981
76561197961128984
76561197961128985
76561197961128986
76561197961128987
76561197961128989
76561197961128990
76561197961128991
76561197961128992
76561197961128993
76561197961128998
76561197961129000
76561197961129003
76561197961129004
76561197961129005
76561197961129006
76561197961129008
76561197961129009
76561197961129011
76561197961129015
76561197961129016
76561197961129018
76561197961129020
76561197961129021
76561197961129022
76561197961129024
76561197961129025
76561197961129028
76561197961129030
