76561197960506009
76561197960506010
76561197960506011
76561197960506012
76561197960506013
76561197960506014
76561197960506015
76561197960506017
76561197960506018
76561197960506019
76561197960506020
76561197960506021
76561197960506023
76561197960506024
76561197960506025
76561197960506026
76561197960506027
76561197960506028
76561197960506029
76561197960506031
76561197960506032
76561197960506034
76561197960506035
76561197960506037
76561197960506039
76561197960506041
76561197960506043
76561197960506044
76561197960506045
76561197960506046
76561197960506047
76561197960506048
76561197960506050
76561197960506051
76561197960506055
76561197960506057
76561197960506058
76561197960506059
76561197960506060
76561197960506061
76561197960506063
76561197960506064
76561197960506066
76561197960506069
76561197960506071
76561197960506072
76561197960506073
76561197960506074
76561197960506076
76561197960506079
76561197960506082
76561197960506084
76561197960506085
76561197960506086
76561197960506087
76561197960506088
76561197960506089
76561197960506090
76561197960506092
76561197960506093
76561197960506095
76561197960506096
76561197960506098
76561197960506099
76561197960506100
76561197960506101
76561197960506102
76561197960506103
76561197960506104
76561197960506105
76561197960506106
76561197960506108
76561197960506109
76561197960506112
76561197960506114
76561197960506115
76561197960506116
76561197960506117
76561197960506118
76561197960506120
76561197960506122
76561197960506123
76561197960506124
76561197960506125
76561197960506126
76561197960506128
76561197960506129
76561197960506131
76561197960506132
76561197960506133
76561197960506135
76561197960506136
76561197960506137
76561197960506138
76561197960506139
76561197960506140
76561197960506141
76561197960506143
76561197960506145
76561197960506147
76561197960506149
76561197960506151
76561197960506153
76561197960506154
76561197960506156
76561197960506157
76561197960506160
76561197960506161
76561197960506163
76561197960506164
76561197960506166
76561197960506167
76561197960506169
76561197960506170
76561197960506172
76561197960506173
76561197960506174
76561197960506175
76561197960506176
76561197960506177
76561197960506178
76561197960506181
76561197960506182
76561197960506183
76561197960506184
76561197960506185
76561197960506186
76561197960506187
76561197960506188
76561197960506190
76561197960506191
76561197960506194
76561197960506195
76561197960506196
76561197960506199
76561197960506201
76561197960506202
76561197960506206
76561197960506208
76561197960506209
76561197960506210
76561197960506211
76561197960506212
76561197960506213
76561197960506215
76561197960506216
76561197960506217
76561197960506218
76561197960506220
76561197960506221
76561197960506222
76561197960506223
76561197960506224
76561197960506225
76561197960506227
76561197960506229
76561197960506234
76561197960506236
76561197960506238
76561197960506239
76561197960506241
76561197960506242
76561197960506243
76561197960506244
76561197960506245
76561197960506249
76561197960506250
76561197960506251
76561197960506252
76561197960506253
76561197960506254
76561197960506255
76561197960506256
76561197960506257
76561197960506258
76561197960506260
76561197960506261
76561197960506262
76561197960506263
76561197960506264
76561197960506265
76561197960506266
76561197960506272
76561197960506276
76561197960506277
76561197960506278
76561197960506280
76561197960506282
76561197960506283
76561197960506284
76561197960506285
76561197960506286
76561197960506288
76561197960506289
76561197960506290
76561197960506291
76561197960506292
76561197960506294
76561197960506298
76561197960506299
76561197960506301
76561197960506302
76561197960506303
76561197960506304
76561197960506305
76561197960506307
76561197960506308
76561197960506310
76561197960506311
76561197960506313
76561197960506315
76561197960506316
76561197960506317
76561197960506319
76561197960506321
76561197960506322
76561197960506323
76561197960506325
76561197960506327
76561197960506328
76561197960506329
76561197960506330
76561197960506331
76561197960506332
76561197960506335
76561197960506336
76561197960506337
76561197960506338
76561197960506339
76561197960506341
76561197960506342
76561197960506345
76561197960506346
76561197960506350
76561197960506353
76561197960506355
76561197960506356
76561197960506358
76561197960506359
76561197960506360
76561197960506361
76561197960506363
76561197960506364
76561197960506365
76561197960506366
76561197960506368
76561197960506369
76561197960506372
76561197960506373
76561197960506374
76561197960506378
76561197960506381
76561197960506382
76561197960506383
76561197960506384
76561197960506385
76561197960506386
76561197960506387
76561197960506388
76561197960506389
76561197960506390
76561197960506391
76561197960506392
76561197960506393
76561197960506394
76561197960506395
76561197960506396
76561197960506397
76561197960506398
76561197960506399
76561197960506400
76561197960506401
76561197960506402
76561197960506403
76561197960506404
76561197960506405
76561197960506406
76561197960506407
76561197960506408
76561197960506410
76561197960506411
76561197960506414
76561197960506417
76561197960506419
76561197960506420
76561197960506421
76561197960506422
76561197960506423
76561197960506424
76561197960506426
76561197960506427
76561197960506428
76561197960506431
76561197960506433
76561197960506434
76561197960506438
76561197960506439
76561197960506440
76561197960506441
76561197960506442
76561197960506443
76561197960506444
76561197960506445
76561197960506447
76561197960506448
76561197960506449
76561197960506450
76561197960506452
76561197960506455
76561197960506459
76561197960506460
76561197960506461
76561197960506462
76561197960506463
76561197960506464
76561197960506465
76561197960506467
76561197960506469
76561197960506470
76561197960506471
76561197960506472
76561197960506473
76561197960506475
76561197960506476
76561197960506477
76561197960506478
76561197960506479
76561197960506482
76561197960506483
76561197960506486
76561197960506487
76561197960506488
76561197960506489
76561197960506490
76561197960506493
76561197960506495
76561197960506498
76561197960506503
76561197960506504
76561197960506505
76561197960506506
76561197960506507
76561197960506509
76561197960506511
76561197960506512
76561197960506513
76561197960506514
76561197960506515
76561197960506516
76561197960506517
76561197960506518
76561197960506521
76561197960506523
76561197960506524
76561197960506525
76561197960506526
76561197960506527
76561197960506528
76561197960506529
76561197960506532
76561197960506535
76561197960506536
76561197960506537
76561197960506538
76561197960506539
76561197960506540
76561197960506541
76561197960506542
76561197960506543
76561197960506544
76561197960506545
76561197960506546
76561197960506547
76561197960506548
76561197960506549
76561197960506550
76561197960506551
76561197960506552
76561197960506554
76561197960506557
76561197960506558
76561197960506559
76561197960506560
76561197960506561
76561197960506564
76561197960506566
76561197960506567
76561197960506569
76561197960506571
76561197960506573
76561197960506575
76561197960506578
76561197960506579
76561197960506580
76561197960506581
76561197960506583
76561197960506584
76561197960506588
76561197960506589
76561197960506590
76561197960506591
76561197960506592
76561197960506593
76561197960506594
76561197960506597
76561197960506598
76561197960506600
76561197960506602
76561197960506603
76561197960506607
76561197960506609
76561197960506610
76561197960506611
76561197960506612
76561197960506617
76561197960506618
76561197960506620
76561197960506621
76561197960506623
76561197960506624
76561197960506625
76561197960506630
76561197960506631
76561197960506632
76561197960506635
76561197960506637
76561197960506638
76561197960506639
76561197960506640
76561197960506641
76561197960506642
76561197960506643
76561197960506644
76561197960506645
76561197960506646
76561197960506648
76561197960506649
76561197960506651
76561197960506653
76561197960506657
76561197960506659
76561197960506660
76561197960506661
76561197960506663
76561197960506665
76561197960506666
76561197960506667
76561197960506668
76561197960506669
76561197960506670
76561197960506671
76561197960506672
76561197960506673
76561197960506674
76561197960506675
76561197960506676
76561197960506677
76561197960506678
76561197960506679
76561197960506683
76561197960506685
76561197960506686
76561197960506688
76561197960506689
76561197960506690
76561197960506691
76561197960506692
76561197960506693
76561197960506695
76561197960506696
76561197960506699
76561197960506700
76561197960506702
76561197960506703
76561197960506705
76561197960506707
76561197960506709
76561197960506712
76561197960506714
76561197960506716
76561197960506717
76561197960506719
76561197960506720
76561197960506721
76561197960506722
76561197960506723
76561197960506724
76561197960506725
76561197960506730
76561197960506731
76561197960506732
76561197960506733
76561197960506734
76561197960506735
76561197960506736
76561197960506738
76561197960506739
76561197960506740
76561197960506741
76561197960506742
76561197960506743
76561197960506744
76561197960506745
76561197960506747
76561197960506751
76561197960506752
76561197960506753
76561197960506754
76561197960506758
76561197960506759
76561197960506761
76561197960506763
76561197960506764
76561197960506766
76561197960506768
76561197960506769
76561197960506771
76561197960506772
76561197960506773
76561197960506774
76561197960506776
76561197960506777
76561197960506778
76561197960506780
76561197960506781
76561197960506782
76561197960506783
76561197960506784
76561197960506785
76561197960506786
76561197960506787
76561197960506789
76561197960506791
76561197960506792
76561197960506794
76561197960506795
76561197960506798
76561197960506800
76561197960506801
76561197960506802
76561197960506804
76561197960506805
76561197960506806
76561197960506807
76561197960506808
76561197960506809
76561197960506810
76561197960506813
76561197960506814
76561197960506815
76561197960506817
76561197960506820
76561197960506821
76561197960506822
76561197960506823
76561197960506824
76561197960506825
76561197960506827
76561197960506828
76561197960506829
76561197960506830
76561197960506831
76561197960506832
76561197960506833
76561197960506835
76561197960506836
76561197960506838
76561197960506839
76561197960506840
76561197960506842
76561197960506843
76561197960506844
76561197960506845
76561197960506847
76561197960506848
76561197960506849
76561197960506850
76561197960506851
76561197960506852
76561197960506854
76561197960506855
76561197960506856
76561197960506860
76561197960506861
76561197960506862
76561197960506863
76561197960506864
76561197960506865
76561197960506866
76561197960506867
76561197960506868
76561197960506869
76561197960506870
76561197960506871
76561197960506874
76561197960506875
76561197960506876
76561197960506877
76561197960506878
76561197960506879
76561197960506880
76561197960506881
76561197960506882
76561197960506883
76561197960506884
76561197960506886
76561197960506887
76561197960506888
76561197960506889
76561197960506891
76561197960506893
76561197960506894
76561197960506895
76561197960506896
76561197960506897
76561197960506898
76561197960506899
76561197960506900
76561197960506902
76561197960506905
76561197960506906
76561197960506907
76561197960506908
76561197960506909
76561197960506912
76561197960506913
76561197960506914
76561197960506915
76561197960506916
76561197960506918
76561197960506922
76561197960506923
76561197960506924
76561197960506928
76561197960506931
76561197960506932
76561197960506933
76561197960506934
76561197960506935
76561197960506936
76561197960506937
76561197960506938
76561197960506940
76561197960506941
76561197960506942
76561197960506944
76561197960506945
76561197960506946
76561197960506947
76561197960506948
76561197960506949
76561197960506951
76561197960506953
76561197960506955
76561197960506956
76561197960506958
76561197960506960
76561197960506961
76561197960506962
76561197960506963
76561197960506964
76561197960506965
76561197960506966
76561197960506967
76561197960506968
76561197960506969
76561197960506971
76561197960506972
76561197960506973
76561197960506974
76561197960506975
76561197960506976
76561197960506978
76561197960506979
76561197960506981
76561197960506982
76561197960506983
76561197960506985
76561197960506987
76561197960506990
76561197960506991
76561197960506993
76561197960506995
76561197960506996
76561197960506998
76561197960506999
76561197960507001
76561197960507003
76561197960507004
76561197960507005
76561197960507006
76561197960507007
76561197960507010
76561197960507011
76561197960507014
76561197960507015
76561197960507018
76561197960507019
76561197960507020
76561197960507021
76561197960507022
76561197960507023
76561197960507024
76561197960507025
76561197960507028
76561197960507029
76561197960507030
76561197960507032
76561197960507033
76561197960507034
76561197960507035
76561197960507039
76561197960507040
76561197960507041
76561197960507042
76561197960507044
76561197960507047
76561197960507048
76561197960507050
76561197960507051
76561197960507052
76561197960507053
76561197960507054
76561197960507055
76561197960507056
76561197960507057
76561197960507059
76561197960507060
76561197960507062
76561197960507063
76561197960507068
76561197960507069
76561197960507070
76561197960507071
76561197960507072
76561197960507073
76561197960507074
76561197960507077
76561197960507079
76561197960507082
76561197960507083
76561197960507086
76561197960507089
76561197960507090
76561197960507091
76561197960507093
76561197960507095
76561197960507096
76561197960507099
76561197960507100
76561197960507101
76561197960507103
76561197960507104
76561197960507105
76561197960507107
76561197960507108
76561197960507109
76561197960507110
76561197960507112
76561197960507114
76561197960507115
76561197960507116
76561197960507117
76561197960507118
76561197960507120
76561197960507121
76561197960507122
76561197960507123
76561197960507124
76561197960507126
76561197960507127
76561197960507128
76561197960507129
76561197960507130
76561197960507131
76561197960507132
76561197960507134
76561197960507138
76561197960507140
76561197960507141
76561197960507142
76561197960507143
76561197960507144
76561197960507145
76561197960507147
76561197960507149
76561197960507150
76561197960507151
76561197960507152
76561197960507153
76561197960507154
76561197960507159
76561197960507160
76561197960507161
76561197960507163
76561197960507164
76561197960507165
76561197960507168
76561197960507172
76561197960507173
76561197960507175
76561197960507176
76561197960507179
76561197960507180
76561197960507181
76561197960507183
76561197960507184
76561197960507186
76561197960507189
76561197960507190
76561197960507191
76561197960507192
76561197960507194
76561197960507195
76561197960507197
76561197960507198
76561197960507199
76561197960507202
76561197960507204
76561197960507206
76561197960507207
76561197960507208
76561197960507209
76561197960507210
76561197960507211
76561197960507212
76561197960507213
76561197960507214
76561197960507216
76561197960507217
76561197960507218
76561197960507220
76561197960507221
76561197960507223
76561197960507224
76561197960507226
76561197960507228
76561197960507229
76561197960507230
76561197960507231
76561197960507233
76561197960507234
76561197960507235
76561197960507236
76561197960507238
76561197960507240
76561197960507241
76561197960507242
76561197960507243
76561197960507245
76561197960507246
76561197960507248
76561197960507249
76561197960507250
76561197960507251
76561197960507253
76561197960507254
76561197960507256
76561197960507257
76561197960507258
76561197960507259
76561197960507260
76561197960507261
76561197960507262
76561197960507263
76561197960507265
76561197960507266
76561197960507267
76561197960507268
76561197960507269
76561197960507270
76561197960507272
76561197960507277
76561197960507279
76561197960507280
76561197960507281
76561197960507282
76561197960507283
76561197960507284
76561197960507285
76561197960507286
76561197960507287
76561197960507288
76561197960507289
76561197960507292
76561197960507293
76561197960507294
76561197960507295
76561197960507296
76561197960507298
76561197960507299
76561197960507300
76561197960507301
76561197960507302
76561197960507305
76561197960507308
76561197960507309
76561197960507310
76561197960507311
76561197960507312
76561197960507314
76561197960507315
76561197960507317
76561197960507320
76561197960507321
76561197960507322
76561197960507323
76561197960507324
76561197960507326
76561197960507327
76561197960507328
76561197960507330
76561197960507331
76561197960507335
76561197960507337
76561197960507338
76561197960507340
76561197960507342
76561197960507344
76561197960507345
76561197960507346
76561197960507347
76561197960507349
76561197960507351
76561197960507352
76561197960507353
76561197960507354
76561197960507355
76561197960507358
76561197960507360
76561197960507361
76561197960507362
76561197960507363
76561197960507364
76561197960507365
76561197960507367
76561197960507368
76561197960507369
76561197960507371
76561197960507372
76561197960507373
76561197960507374
76561197960507375
76561197960507376
76561197960507377
76561197960507378
76561197960507379
76561197960507380
76561197960507381
76561197960507382
76561197960507384
76561197960507385
76561197960507386
76561197960507389
76561197960507390
76561197960507391
76561197960507392
76561197960507394
76561197960507395
76561197960507396
76561197960507398
76561197960507400
76561197960507402
76561197960507404
76561197960507405
76561197960507406
76561197960507408
76561197960507409
76561197960507410
76561197960507411
76561197960507412
76561197960507413
76561197960507414
76561197960507417
76561197960507418
76561197960507420
76561197960507421
76561197960507423
76561197960507424
76561197960507426
76561197960507431
76561197960507434
76561197960507437
76561197960507438
76561197960507439
76561197960507441
76561197960507442
76561197960507443
76561197960507444
76561197960507445
76561197960507446
76561197960507447
76561197960507448
76561197960507452
76561197960507453
76561197960507454
76561197960507455
76561197960507456
76561197960507458
76561197960507459
