76561197961073041
76561197961073042
76561197961073043
76561197961073044
76561197961073045
76561197961073046
76561197961073047
76561197961073051
76561197961073054
76561197961073057
76561197961073058
76561197961073059
76561197961073060
76561197961073061
76561197961073065
76561197961073066
76561197961073068
76561197961073070
76561197961073074
76561197961073075
76561197961073078
76561197961073080
76561197961073091
76561197961073092
76561197961073096
76561197961073097
76561197961073099
76561197961073100
76561197961073103
76561197961073104
76561197961073107
76561197961073109
76561197961073110
76561197961073111
76561197961073113
76561197961073116
76561197961073117
76561197961073118
76561197961073119
76561197961073123
76561197961073125
76561197961073127
76561197961073129
76561197961073131
76561197961073136
76561197961073138
76561197961073142
76561197961073146
76561197961073147
76561197961073149
76561197961073150
76561197961073152
76561197961073153
76561197961073156
76561197961073159
76561197961073161
76561197961073162
76561197961073163
76561197961073167
76561197961073168
76561197961073169
76561197961073170
76561197961073171
76561197961073174
76561197961073175
76561197961073176
76561197961073177
76561197961073179
76561197961073181
76561197961073184
76561197961073185
76561197961073187
76561197961073188
76561197961073194
76561197961073195
76561197961073197
76561197961073198
76561197961073199
76561197961073200
76561197961073201
76561197961073203
76561197961073204
76561197961073205
76561197961073206
76561197961073208
76561197961073209
76561197961073211
76561197961073212
76561197961073213
76561197961073214
76561197961073215
76561197961073216
76561197961073219
76561197961073222
76561197961073226
76561197961073227
76561197961073230
76561197961073234
76561197961073240
76561197961073242
76561197961073244
76561197961073245
76561197961073247
76561197961073248
76561197961073251
76561197961073253
76561197961073254
76561197961073256
76561197961073259
76561197961073261
76561197961073262
76561197961073263
76561197961073266
76561197961073267
76561197961073268
76561197961073269
76561197961073271
76561197961073272
76561197961073273
76561197961073276
76561197961073278
76561197961073279
76561197961073284
76561197961073286
76561197961073288
76561197961073291
76561197961073292
76561197961073296
76561197961073297
76561197961073298
76561197961073299
76561197961073300
76561197961073301
76561197961073302
76561197961073303
76561197961073305
76561197961073306
76561197961073307
76561197961073308
76561197961073309
76561197961073311
76561197961073312
76561197961073313
76561197961073315
76561197961073317
76561197961073318
76561197961073320
76561197961073321
76561197961073322
76561197961073324
76561197961073326
76561197961073331
76561197961073335
76561197961073336
76561197961073337
76561197961073338
76561197961073339
76561197961073340
76561197961073342
76561197961073344
76561197961073346
76561197961073349
76561197961073353
76561197961073354
76561197961073356
76561197961073357
76561197961073360
76561197961073363
76561197961073367
76561197961073372
76561197961073374
76561197961073375
76561197961073378
76561197961073384
76561197961073385
76561197961073387
76561197961073388
76561197961073398
76561197961073399
76561197961073400
76561197961073401
76561197961073402
76561197961073404
76561197961073406
76561197961073408
76561197961073411
76561197961073412
76561197961073414
76561197961073416
76561197961073421
76561197961073422
76561197961073423
76561197961073424
76561197961073426
76561197961073430
76561197961073431
76561197961073432
76561197961073433
76561197961073434
76561197961073435
76561197961073436
76561197961073440
76561197961073441
76561197961073446
76561197961073447
76561197961073448
76561197961073449
76561197961073450
76561197961073454
76561197961073458
76561197961073460
76561197961073461
76561197961073462
76561197961073464
76561197961073466
76561197961073467
76561197961073468
76561197961073469
76561197961073473
76561197961073476
76561197961073478
76561197961073483
76561197961073484
76561197961073491
76561197961073492
76561197961073493
76561197961073494
76561197961073495
76561197961073497
76561197961073503
76561197961073505
76561197961073506
76561197961073507
76561197961073508
76561197961073510
76561197961073511
76561197961073514
76561197961073516
76561197961073517
76561197961073522
76561197961073524
76561197961073529
76561197961073531
76561197961073533
76561197961073534
76561197961073535
76561197961073536
76561197961073537
76561197961073538
76561197961073539
76561197961073540
76561197961073541
76561197961073544
76561197961073547
76561197961073548
76561197961073553
76561197961073555
76561197961073556
76561197961073561
76561197961073562
76561197961073567
76561197961073568
76561197961073570
76561197961073574
76561197961073575
76561197961073577
76561197961073578
76561197961073583
76561197961073586
76561197961073589
76561197961073591
76561197961073593
76561197961073594
76561197961073597
76561197961073602
76561197961073603
76561197961073604
76561197961073607
76561197961073608
76561197961073609
76561197961073613
76561197961073615
76561197961073616
76561197961073618
76561197961073619
76561197961073621
76561197961073623
76561197961073624
76561197961073626
76561197961073627
76561197961073629
76561197961073630
76561197961073631
76561197961073632
76561197961073633
76561197961073636
76561197961073637
76561197961073638
76561197961073639
76561197961073640
76561197961073642
76561197961073643
76561197961073644
76561197961073645
76561197961073646
76561197961073647
76561197961073648
76561197961073652
76561197961073653
76561197961073654
76561197961073656
76561197961073657
76561197961073660
76561197961073661
76561197961073662
76561197961073664
76561197961073665
76561197961073666
76561197961073672
76561197961073673
76561197961073677
76561197961073679
76561197961073680
76561197961073682
76561197961073684
76561197961073686
76561197961073687
76561197961073694
76561197961073695
76561197961073696
76561197961073697
76561197961073699
76561197961073703
76561197961073704
76561197961073705
76561197961073708
76561197961073709
76561197961073710
76561197961073714
76561197961073715
76561197961073716
76561197961073717
76561197961073722
76561197961073726
76561197961073728
76561197961073733
76561197961073734
76561197961073736
76561197961073738
76561197961073739
76561197961073740
76561197961073743
76561197961073744
76561197961073746
76561197961073747
76561197961073751
76561197961073753
76561197961073756
76561197961073758
76561197961073760
76561197961073761
76561197961073763
76561197961073765
76561197961073768
76561197961073769
76561197961073770
76561197961073771
76561197961073772
76561197961073773
76561197961073774
76561197961073775
76561197961073776
76561197961073777
76561197961073778
76561197961073779
76561197961073780
76561197961073782
76561197961073783
76561197961073786
76561197961073789
76561197961073790
76561197961073791
76561197961073792
76561197961073793
76561197961073796
76561197961073797
76561197961073798
76561197961073800
76561197961073805
76561197961073806
76561197961073808
76561197961073810
76561197961073811
76561197961073812
76561197961073814
76561197961073815
76561197961073816
76561197961073817
76561197961073818
76561197961073819
76561197961073821
76561197961073823
76561197961073824
76561197961073825
76561197961073827
76561197961073830
76561197961073831
76561197961073832
76561197961073834
76561197961073835
76561197961073839
76561197961073841
76561197961073842
76561197961073843
76561197961073849
76561197961073850
76561197961073851
76561197961073852
76561197961073853
76561197961073854
76561197961073857
76561197961073858
76561197961073861
76561197961073863
76561197961073864
76561197961073865
76561197961073866
76561197961073867
76561197961073869
76561197961073870
76561197961073871
76561197961073873
76561197961073876
76561197961073878
76561197961073881
76561197961073882
76561197961073883
76561197961073884
76561197961073885
76561197961073886
76561197961073888
76561197961073889
76561197961073892
76561197961073894
76561197961073895
76561197961073896
76561197961073898
76561197961073900
76561197961073902
76561197961073903
76561197961073908
76561197961073910
76561197961073911
76561197961073912
76561197961073914
76561197961073917
76561197961073920
76561197961073921
76561197961073922
76561197961073927
76561197961073928
76561197961073929
76561197961073930
76561197961073935
76561197961073937
76561197961073938
76561197961073939
76561197961073940
76561197961073944
76561197961073949
76561197961073950
76561197961073952
76561197961073953
76561197961073954
76561197961073958
76561197961073961
76561197961073962
76561197961073966
76561197961073968
76561197961073969
76561197961073970
76561197961073971
76561197961073972
76561197961073973
76561197961073974
76561197961073975
76561197961073976
76561197961073977
76561197961073979
76561197961073980
76561197961073981
76561197961073983
76561197961073985
76561197961073986
76561197961073992
76561197961073993
76561197961073995
76561197961073997
76561197961073998
76561197961073999
76561197961074000
76561197961074002
76561197961074004
76561197961074005
76561197961074007
76561197961074008
76561197961074010
76561197961074011
76561197961074012
76561197961074013
76561197961074017
76561197961074021
76561197961074022
76561197961074023
76561197961074025
76561197961074026
76561197961074028
76561197961074030
76561197961074031
76561197961074033
76561197961074034
76561197961074037
76561197961074038
76561197961074041
76561197961074042
76561197961074044
76561197961074047
76561197961074048
76561197961074049
76561197961074050
76561197961074051
76561197961074053
76561197961074054
76561197961074055
76561197961074056
76561197961074057
76561197961074058
76561197961074061
76561197961074065
76561197961074067
76561197961074068
76561197961074073
76561197961074075
76561197961074076
76561197961074077
76561197961074078
76561197961074082
76561197961074084
76561197961074085
76561197961074086
76561197961074087
76561197961074089
76561197961074090
76561197961074091
76561197961074095
76561197961074096
76561197961074097
76561197961074100
76561197961074101
76561197961074103
76561197961074106
76561197961074107
76561197961074108
76561197961074109
76561197961074111
76561197961074112
76561197961074114
76561197961074115
76561197961074116
76561197961074118
76561197961074119
76561197961074120
76561197961074121
76561197961074122
76561197961074123
76561197961074125
76561197961074126
76561197961074128
76561197961074129
76561197961074131
76561197961074135
76561197961074141
76561197961074143
76561197961074144
76561197961074147
76561197961074149
76561197961074150
76561197961074151
76561197961074152
76561197961074155
76561197961074156
76561197961074157
76561197961074159
76561197961074160
76561197961074162
76561197961074163
76561197961074166
76561197961074167
76561197961074168
76561197961074169
76561197961074170
76561197961074172
76561197961074175
76561197961074176
76561197961074177
76561197961074178
76561197961074179
76561197961074180
76561197961074182
76561197961074183
76561197961074184
76561197961074186
76561197961074187
76561197961074189
76561197961074191
76561197961074192
76561197961074194
76561197961074195
76561197961074196
76561197961074198
76561197961074201
76561197961074203
76561197961074204
76561197961074205
76561197961074207
76561197961074209
76561197961074212
76561197961074214
76561197961074215
76561197961074219
76561197961074221
76561197961074223
76561197961074226
76561197961074229
76561197961074230
76561197961074232
76561197961074238
76561197961074239
76561197961074240
76561197961074242
76561197961074244
76561197961074246
76561197961074249
76561197961074252
76561197961074253
76561197961074254
76561197961074257
76561197961074258
76561197961074259
76561197961074261
76561197961074263
76561197961074264
76561197961074265
76561197961074266
76561197961074267
76561197961074268
76561197961074269
76561197961074272
76561197961074273
76561197961074274
76561197961074276
76561197961074277
76561197961074280
76561197961074281
76561197961074285
76561197961074287
76561197961074292
76561197961074295
76561197961074300
76561197961074302
76561197961074308
76561197961074309
76561197961074310
76561197961074311
76561197961074312
76561197961074314
76561197961074315
76561197961074316
76561197961074319
76561197961074323
76561197961074324
76561197961074325
76561197961074327
76561197961074335
76561197961074337
76561197961074340
76561197961074345
76561197961074348
76561197961074349
76561197961074353
76561197961074355
76561197961074366
76561197961074367
76561197961074369
76561197961074370
76561197961074371
76561197961074372
76561197961074373
76561197961074374
76561197961074376
76561197961074380
76561197961074383
76561197961074384
76561197961074387
76561197961074389
76561197961074391
76561197961074393
76561197961074397
76561197961074399
76561197961074405
76561197961074406
76561197961074407
76561197961074409
76561197961074411
76561197961074412
76561197961074414
76561197961074415
76561197961074416
76561197961074419
76561197961074423
76561197961074424
76561197961074428
76561197961074435
76561197961074437
76561197961074438
76561197961074439
76561197961074440
76561197961074441
76561197961074444
76561197961074445
76561197961074446
76561197961074448
76561197961074449
76561197961074450
76561197961074451
76561197961074452
76561197961074454
76561197961074456
76561197961074459
76561197961074461
76561197961074463
76561197961074464
76561197961074465
76561197961074466
76561197961074468
76561197961074469
76561197961074470
76561197961074472
76561197961074477
76561197961074479
76561197961074480
76561197961074485
76561197961074488
76561197961074492
76561197961074494
76561197961074496
76561197961074500
76561197961074503
76561197961074508
76561197961074509
76561197961074511
76561197961074512
76561197961074518
76561197961074520
76561197961074522
76561197961074523
76561197961074524
76561197961074525
76561197961074526
76561197961074528
76561197961074530
76561197961074531
76561197961074536
76561197961074537
76561197961074538
76561197961074540
76561197961074542
76561197961074543
76561197961074546
76561197961074548
76561197961074549
76561197961074552
76561197961074558
76561197961074559
76561197961074563
76561197961074564
76561197961074567
76561197961074569
76561197961074570
76561197961074571
76561197961074573
76561197961074574
76561197961074576
76561197961074577
76561197961074579
76561197961074580
76561197961074581
76561197961074582
76561197961074583
76561197961074586
76561197961074589
76561197961074591
76561197961074595
76561197961074596
76561197961074598
76561197961074602
76561197961074603
76561197961074605
76561197961074607
76561197961074609
76561197961074610
76561197961074612
76561197961074614
76561197961074615
76561197961074616
76561197961074619
76561197961074622
76561197961074624
76561197961074625
76561197961074627
76561197961074629
76561197961074630
76561197961074631
76561197961074632
76561197961074634
76561197961074638
76561197961074639
76561197961074640
76561197961074641
76561197961074642
76561197961074644
76561197961074647
76561197961074648
76561197961074649
76561197961074651
76561197961074652
76561197961074653
76561197961074654
76561197961074657
76561197961074658
76561197961074660
76561197961074661
76561197961074662
76561197961074663
76561197961074665
76561197961074668
76561197961074669
76561197961074672
76561197961074673
76561197961074680
76561197961074681
76561197961074685
76561197961074686
76561197961074687
76561197961074689
76561197961074693
76561197961074694
76561197961074697
76561197961074698
76561197961074699
76561197961074700
76561197961074701
76561197961074703
76561197961074704
76561197961074706
76561197961074708
76561197961074710
76561197961074712
76561197961074716
76561197961074717
76561197961074718
76561197961074721
76561197961074722
76561197961074724
76561197961074725
76561197961074726
76561197961074727
76561197961074729
76561197961074731
76561197961074734
76561197961074735
76561197961074737
76561197961074738
76561197961074741
76561197961074742
76561197961074743
76561197961074745
76561197961074746
76561197961074747
76561197961074748
76561197961074751
76561197961074752
76561197961074753
76561197961074754
76561197961074755
76561197961074757
76561197961074758
76561197961074762
76561197961074763
76561197961074769
76561197961074770
76561197961074772
76561197961074775
76561197961074779
76561197961074780
76561197961074781
76561197961074783
76561197961074784
76561197961074785
76561197961074786
76561197961074787
76561197961074789
76561197961074790
76561197961074792
76561197961074794
76561197961074795
76561197961074796
76561197961074797
76561197961074798
76561197961074804
76561197961074809
76561197961074810
76561197961074812
76561197961074813
76561197961074814
76561197961074817
76561197961074818
76561197961074819
76561197961074824
76561197961074825
76561197961074827
76561197961074828
76561197961074831
76561197961074837
76561197961074841
76561197961074843
76561197961074844
76561197961074845
76561197961074847
76561197961074850
76561197961074851
76561197961074853
76561197961074855
76561197961074856
76561197961074858
76561197961074859
76561197961074861
76561197961074862
76561197961074863
76561197961074864
76561197961074868
76561197961074869
76561197961074870
76561197961074873
76561197961074874
76561197961074877
76561197961074879
76561197961074880
76561197961074883
76561197961074884
76561197961074885
76561197961074887
76561197961074889
76561197961074890
76561197961074891
76561197961074892
76561197961074893
76561197961074894
76561197961074898
76561197961074904
76561197961074905
76561197961074907
76561197961074911
76561197961074912
76561197961074914
76561197961074915
76561197961074918
76561197961074919
76561197961074921
76561197961074922
76561197961074924
76561197961074928
76561197961074934
76561197961074937
76561197961074939
76561197961074943
76561197961074944
76561197961074945
76561197961074947
76561197961074949
76561197961074950
76561197961074952
76561197961074953
76561197961074954
76561197961074956
76561197961074957
76561197961074958
76561197961074960
76561197961074961
76561197961074962
