76561197961767452
76561197961767454
76561197961767455
76561197961767457
76561197961767458
76561197961767459
76561197961767460
76561197961767461
76561197961767462
76561197961767463
76561197961767464
76561197961767465
76561197961767466
76561197961767468
76561197961767469
76561197961767470
76561197961767471
76561197961767473
76561197961767474
76561197961767475
76561197961767476
76561197961767479
76561197961767483
76561197961767484
76561197961767485
76561197961767486
76561197961767487
76561197961767488
76561197961767495
76561197961767496
76561197961767499
76561197961767500
76561197961767503
76561197961767504
76561197961767505
76561197961767506
76561197961767508
76561197961767509
76561197961767515
76561197961767518
76561197961767519
76561197961767522
76561197961767526
76561197961767527
76561197961767529
76561197961767530
76561197961767531
76561197961767539
76561197961767540
76561197961767541
76561197961767543
76561197961767544
76561197961767545
76561197961767546
76561197961767547
76561197961767548
76561197961767549
76561197961767550
76561197961767551
76561197961767552
76561197961767553
76561197961767555
76561197961767557
76561197961767558
76561197961767560
76561197961767561
76561197961767562
76561197961767567
76561197961767568
76561197961767570
76561197961767571
76561197961767572
76561197961767573
76561197961767574
76561197961767575
76561197961767576
76561197961767577
76561197961767578
76561197961767580
76561197961767581
76561197961767582
76561197961767583
76561197961767585
76561197961767588
76561197961767589
76561197961767590
76561197961767591
76561197961767592
76561197961767593
76561197961767594
76561197961767595
76561197961767597
76561197961767598
76561197961767602
76561197961767604
76561197961767605
76561197961767606
76561197961767607
76561197961767608
76561197961767609
76561197961767611
76561197961767612
76561197961767614
76561197961767616
76561197961767618
76561197961767620
76561197961767621
76561197961767623
76561197961767625
76561197961767626
76561197961767627
76561197961767628
76561197961767630
76561197961767631
76561197961767632
76561197961767636
76561197961767638
76561197961767639
76561197961767640
76561197961767641
76561197961767642
76561197961767645
76561197961767646
76561197961767652
76561197961767654
76561197961767655
76561197961767658
76561197961767662
76561197961767667
76561197961767669
76561197961767671
76561197961767672
76561197961767673
76561197961767674
76561197961767681
76561197961767682
76561197961767685
76561197961767686
76561197961767687
76561197961767693
76561197961767694
76561197961767696
76561197961767697
76561197961767698
76561197961767699
76561197961767701
76561197961767703
76561197961767704
76561197961767705
76561197961767709
76561197961767710
76561197961767711
76561197961767712
76561197961767713
76561197961767714
76561197961767715
76561197961767716
76561197961767717
76561197961767718
76561197961767720
76561197961767722
76561197961767723
76561197961767724
76561197961767725
76561197961767726
76561197961767732
76561197961767733
76561197961767734
76561197961767738
76561197961767740
76561197961767741
76561197961767742
76561197961767745
76561197961767746
76561197961767747
76561197961767748
76561197961767750
76561197961767751
76561197961767753
76561197961767754
76561197961767755
76561197961767758
76561197961767759
76561197961767760
76561197961767761
76561197961767762
76561197961767763
76561197961767764
76561197961767765
76561197961767768
76561197961767770
76561197961767771
76561197961767772
76561197961767774
76561197961767776
76561197961767779
76561197961767780
76561197961767781
76561197961767782
76561197961767783
76561197961767784
76561197961767785
76561197961767786
76561197961767788
76561197961767790
76561197961767792
76561197961767793
76561197961767795
76561197961767796
76561197961767798
76561197961767802
76561197961767804
76561197961767805
76561197961767806
76561197961767809
76561197961767810
76561197961767811
76561197961767812
76561197961767814
76561197961767815
76561197961767816
76561197961767817
76561197961767819
76561197961767820
76561197961767824
76561197961767825
76561197961767827
76561197961767828
76561197961767832
76561197961767835
76561197961767836
76561197961767837
76561197961767841
76561197961767844
76561197961767845
76561197961767847
76561197961767850
76561197961767851
76561197961767852
76561197961767854
76561197961767855
76561197961767856
76561197961767857
76561197961767860
76561197961767864
76561197961767865
76561197961767866
76561197961767867
76561197961767868
76561197961767869
76561197961767870
76561197961767871
76561197961767875
76561197961767878
76561197961767879
76561197961767880
76561197961767881
76561197961767884
76561197961767886
76561197961767887
76561197961767888
76561197961767889
76561197961767892
76561197961767893
76561197961767894
76561197961767895
76561197961767896
76561197961767897
76561197961767898
76561197961767900
76561197961767901
76561197961767903
76561197961767904
76561197961767906
76561197961767907
76561197961767908
76561197961767909
76561197961767912
76561197961767913
76561197961767914
76561197961767915
76561197961767916
76561197961767918
76561197961767919
76561197961767920
76561197961767922
76561197961767924
76561197961767925
76561197961767926
76561197961767927
76561197961767928
76561197961767930
76561197961767931
76561197961767932
76561197961767935
76561197961767936
76561197961767938
76561197961767940
76561197961767941
76561197961767942
76561197961767944
76561197961767945
76561197961767946
76561197961767947
76561197961767948
76561197961767951
76561197961767952
76561197961767953
76561197961767954
76561197961767955
76561197961767956
76561197961767958
76561197961767959
76561197961767960
76561197961767962
76561197961767963
76561197961767964
76561197961767968
76561197961767970
76561197961767972
76561197961767976
76561197961767978
76561197961767979
76561197961767981
76561197961767982
76561197961767983
76561197961767986
76561197961767988
76561197961767990
76561197961767991
76561197961767994
76561197961767998
76561197961767999
76561197961768000
76561197961768003
76561197961768004
76561197961768005
76561197961768006
76561197961768007
76561197961768008
76561197961768010
76561197961768011
76561197961768013
76561197961768014
76561197961768015
76561197961768016
76561197961768018
76561197961768019
76561197961768020
76561197961768022
76561197961768025
76561197961768028
76561197961768029
76561197961768031
76561197961768033
76561197961768036
76561197961768037
76561197961768038
76561197961768040
76561197961768044
76561197961768045
76561197961768046
76561197961768048
76561197961768049
76561197961768051
76561197961768052
76561197961768054
76561197961768055
76561197961768056
76561197961768058
76561197961768059
76561197961768060
76561197961768061
76561197961768063
76561197961768064
76561197961768065
76561197961768068
76561197961768069
76561197961768070
76561197961768071
76561197961768072
76561197961768073
76561197961768074
76561197961768075
76561197961768076
76561197961768077
76561197961768079
76561197961768081
76561197961768083
76561197961768084
76561197961768085
76561197961768086
76561197961768087
76561197961768088
76561197961768089
76561197961768090
76561197961768092
76561197961768093
76561197961768094
76561197961768095
76561197961768097
76561197961768098
76561197961768099
76561197961768100
76561197961768102
76561197961768103
76561197961768104
76561197961768105
76561197961768106
76561197961768107
76561197961768108
76561197961768109
76561197961768110
76561197961768111
76561197961768112
76561197961768117
76561197961768118
76561197961768120
76561197961768124
76561197961768127
76561197961768129
76561197961768130
76561197961768131
76561197961768133
76561197961768134
76561197961768137
76561197961768138
76561197961768140
76561197961768141
76561197961768142
76561197961768143
76561197961768144
76561197961768145
76561197961768146
76561197961768148
76561197961768151
76561197961768152
76561197961768154
76561197961768155
76561197961768156
76561197961768157
76561197961768158
76561197961768161
76561197961768162
76561197961768163
76561197961768164
76561197961768165
76561197961768168
76561197961768169
76561197961768172
76561197961768173
76561197961768174
76561197961768176
76561197961768178
76561197961768179
76561197961768181
76561197961768182
76561197961768183
76561197961768184
76561197961768185
76561197961768186
76561197961768188
76561197961768189
76561197961768190
76561197961768191
76561197961768194
76561197961768196
76561197961768198
76561197961768199
76561197961768200
76561197961768203
76561197961768204
76561197961768205
76561197961768206
76561197961768207
76561197961768209
76561197961768210
76561197961768212
76561197961768213
76561197961768214
76561197961768215
76561197961768216
76561197961768221
76561197961768222
76561197961768223
76561197961768224
76561197961768226
76561197961768227
76561197961768229
76561197961768231
76561197961768232
76561197961768233
76561197961768236
76561197961768239
76561197961768240
76561197961768242
76561197961768244
76561197961768247
76561197961768248
76561197961768250
76561197961768251
76561197961768252
76561197961768254
76561197961768255
76561197961768256
76561197961768257
76561197961768258
76561197961768261
76561197961768262
76561197961768263
76561197961768265
76561197961768266
76561197961768267
76561197961768268
76561197961768270
76561197961768272
76561197961768273
76561197961768274
76561197961768275
76561197961768276
76561197961768277
76561197961768278
76561197961768279
76561197961768280
76561197961768282
76561197961768283
76561197961768284
76561197961768285
76561197961768286
76561197961768295
76561197961768296
76561197961768297
76561197961768299
76561197961768301
76561197961768302
76561197961768304
76561197961768305
76561197961768306
76561197961768307
76561197961768308
76561197961768309
76561197961768310
76561197961768311
76561197961768312
76561197961768313
76561197961768314
76561197961768316
76561197961768319
76561197961768320
76561197961768321
76561197961768322
76561197961768324
76561197961768326
76561197961768327
76561197961768328
76561197961768329
76561197961768338
76561197961768339
76561197961768340
76561197961768341
76561197961768342
76561197961768345
76561197961768346
76561197961768348
76561197961768350
76561197961768351
76561197961768352
76561197961768353
76561197961768354
76561197961768355
76561197961768356
76561197961768358
76561197961768360
76561197961768363
76561197961768364
76561197961768365
76561197961768366
76561197961768367
76561197961768368
76561197961768370
76561197961768371
76561197961768374
76561197961768376
76561197961768378
76561197961768379
76561197961768380
76561197961768381
76561197961768382
76561197961768385
76561197961768386
76561197961768387
76561197961768389
76561197961768390
76561197961768391
76561197961768392
76561197961768393
76561197961768394
76561197961768395
76561197961768398
76561197961768400
76561197961768402
76561197961768403
76561197961768404
76561197961768406
76561197961768408
76561197961768409
76561197961768411
76561197961768415
76561197961768417
76561197961768418
76561197961768420
76561197961768422
76561197961768424
76561197961768425
76561197961768426
76561197961768427
76561197961768432
76561197961768433
76561197961768435
76561197961768437
76561197961768438
76561197961768439
76561197961768440
76561197961768442
76561197961768444
76561197961768445
76561197961768447
76561197961768448
76561197961768450
76561197961768451
76561197961768453
76561197961768454
76561197961768455
76561197961768457
76561197961768458
76561197961768461
76561197961768462
76561197961768463
76561197961768465
76561197961768466
76561197961768468
76561197961768470
76561197961768472
76561197961768473
76561197961768474
76561197961768475
76561197961768476
76561197961768477
76561197961768479
76561197961768480
76561197961768481
76561197961768482
76561197961768483
76561197961768484
76561197961768487
76561197961768488
76561197961768490
76561197961768491
76561197961768493
76561197961768495
76561197961768496
76561197961768499
76561197961768500
76561197961768501
76561197961768502
76561197961768503
76561197961768506
76561197961768507
76561197961768508
76561197961768509
76561197961768510
76561197961768512
76561197961768515
76561197961768516
76561197961768517
76561197961768518
76561197961768520
76561197961768521
76561197961768522
76561197961768523
76561197961768524
76561197961768526
76561197961768527
76561197961768528
76561197961768530
76561197961768533
76561197961768534
76561197961768535
76561197961768536
76561197961768537
76561197961768538
76561197961768539
76561197961768540
76561197961768541
76561197961768545
76561197961768546
76561197961768547
76561197961768552
76561197961768555
76561197961768556
76561197961768557
76561197961768559
76561197961768561
76561197961768562
76561197961768565
76561197961768566
76561197961768569
76561197961768570
76561197961768571
76561197961768573
76561197961768574
76561197961768575
76561197961768576
76561197961768580
76561197961768581
76561197961768582
76561197961768584
76561197961768585
76561197961768588
76561197961768589
76561197961768590
76561197961768591
76561197961768592
76561197961768595
76561197961768596
76561197961768597
76561197961768599
76561197961768600
76561197961768602
76561197961768603
76561197961768604
76561197961768605
76561197961768606
76561197961768607
76561197961768608
76561197961768610
76561197961768611
76561197961768613
76561197961768615
76561197961768616
76561197961768618
76561197961768619
76561197961768620
76561197961768621
76561197961768622
76561197961768623
76561197961768624
76561197961768628
76561197961768629
76561197961768632
76561197961768634
76561197961768637
76561197961768639
76561197961768641
76561197961768642
76561197961768643
76561197961768647
76561197961768648
76561197961768649
76561197961768652
76561197961768655
76561197961768656
76561197961768659
76561197961768661
76561197961768662
76561197961768663
76561197961768666
76561197961768668
76561197961768669
76561197961768671
76561197961768674
76561197961768677
76561197961768678
76561197961768679
76561197961768680
76561197961768681
76561197961768683
76561197961768684
76561197961768686
76561197961768688
76561197961768694
76561197961768695
76561197961768696
76561197961768699
76561197961768704
76561197961768706
76561197961768707
76561197961768708
76561197961768709
76561197961768711
76561197961768716
76561197961768721
76561197961768722
76561197961768724
76561197961768731
76561197961768732
76561197961768734
76561197961768735
76561197961768741
76561197961768742
76561197961768744
76561197961768746
76561197961768747
76561197961768748
76561197961768749
76561197961768750
76561197961768752
76561197961768753
76561197961768754
76561197961768756
76561197961768757
76561197961768758
76561197961768762
76561197961768763
76561197961768764
76561197961768765
76561197961768768
76561197961768769
76561197961768771
76561197961768774
76561197961768776
76561197961768777
76561197961768778
76561197961768781
76561197961768782
76561197961768783
76561197961768784
76561197961768786
76561197961768788
76561197961768792
76561197961768793
76561197961768796
76561197961768800
76561197961768802
76561197961768803
76561197961768804
76561197961768807
76561197961768808
76561197961768809
76561197961768810
76561197961768812
76561197961768815
76561197961768816
76561197961768818
76561197961768821
76561197961768822
76561197961768824
76561197961768826
76561197961768827
76561197961768828
76561197961768829
76561197961768831
76561197961768834
76561197961768835
76561197961768836
76561197961768837
76561197961768838
76561197961768839
76561197961768841
76561197961768843
76561197961768844
76561197961768845
76561197961768847
76561197961768849
76561197961768850
76561197961768851
76561197961768852
76561197961768856
76561197961768857
76561197961768859
76561197961768860
76561197961768861
76561197961768862
76561197961768864
76561197961768865
76561197961768866
76561197961768867
76561197961768871
76561197961768873
76561197961768876
76561197961768878
76561197961768880
76561197961768881
76561197961768882
76561197961768884
76561197961768885
76561197961768887
76561197961768891
76561197961768892
76561197961768893
76561197961768894
76561197961768896
76561197961768898
76561197961768899
76561197961768903
76561197961768904
76561197961768906
76561197961768909
76561197961768911
76561197961768912
76561197961768915
76561197961768916
76561197961768917
76561197961768918
76561197961768919
76561197961768920
76561197961768921
76561197961768923
76561197961768924
76561197961768925
76561197961768927
76561197961768928
76561197961768929
76561197961768930
76561197961768935
76561197961768936
76561197961768937
76561197961768938
76561197961768940
76561197961768941
76561197961768944
76561197961768945
76561197961768946
76561197961768948
76561197961768950
76561197961768951
76561197961768953
76561197961768954
76561197961768955
76561197961768957
76561197961768958
76561197961768962
76561197961768963
76561197961768966
76561197961768968
76561197961768969
76561197961768972
76561197961768973
76561197961768976
76561197961768979
76561197961768980
76561197961768981
76561197961768982
76561197961768984
76561197961768989
76561197961768990
76561197961768991
76561197961768993
76561197961768994
76561197961769000
76561197961769001
76561197961769002
76561197961769003
76561197961769004
76561197961769006
76561197961769008
76561197961769009
76561197961769010
76561197961769011
76561197961769012
76561197961769013
76561197961769014
76561197961769016
76561197961769017
76561197961769018
76561197961769020
76561197961769021
76561197961769022
76561197961769024
76561197961769026
76561197961769027
76561197961769028
76561197961769029
76561197961769032
76561197961769033
76561197961769034
76561197961769035
76561197961769036
76561197961769037
76561197961769038
76561197961769039
76561197961769040
76561197961769041
76561197961769043
76561197961769044
76561197961769045
76561197961769046
76561197961769047
76561197961769048
76561197961769050
76561197961769051
76561197961769052
76561197961769053
76561197961769054
76561197961769055
76561197961769056
76561197961769057
76561197961769058
76561197961769059
76561197961769061
