76561197961288540
76561197961288544
76561197961288545
76561197961288547
76561197961288548
76561197961288549
76561197961288550
76561197961288551
76561197961288552
76561197961288554
76561197961288555
76561197961288556
76561197961288557
76561197961288560
76561197961288561
76561197961288563
76561197961288565
76561197961288566
76561197961288568
76561197961288570
76561197961288578
76561197961288579
76561197961288580
76561197961288583
76561197961288585
76561197961288588
76561197961288589
76561197961288590
76561197961288592
76561197961288594
76561197961288595
76561197961288596
76561197961288598
76561197961288601
76561197961288603
76561197961288606
76561197961288607
76561197961288608
76561197961288614
76561197961288618
76561197961288619
76561197961288621
76561197961288622
76561197961288625
76561197961288626
76561197961288628
76561197961288631
76561197961288632
76561197961288635
76561197961288636
76561197961288637
76561197961288640
76561197961288643
76561197961288644
76561197961288645
76561197961288646
76561197961288647
76561197961288648
76561197961288650
76561197961288651
76561197961288652
76561197961288653
76561197961288655
76561197961288657
76561197961288660
76561197961288661
76561197961288662
76561197961288666
76561197961288667
76561197961288669
76561197961288670
76561197961288672
76561197961288674
76561197961288676
76561197961288678
76561197961288680
76561197961288681
76561197961288682
76561197961288683
76561197961288684
76561197961288689
76561197961288690
76561197961288691
76561197961288693
76561197961288695
76561197961288701
76561197961288703
76561197961288704
76561197961288706
76561197961288707
76561197961288708
76561197961288709
76561197961288710
76561197961288712
76561197961288713
76561197961288719
76561197961288720
76561197961288721
76561197961288722
76561197961288724
76561197961288725
76561197961288727
76561197961288728
76561197961288732
76561197961288734
76561197961288735
76561197961288736
76561197961288737
76561197961288738
76561197961288740
76561197961288742
76561197961288746
76561197961288747
76561197961288748
76561197961288756
76561197961288757
76561197961288758
76561197961288759
76561197961288765
76561197961288766
76561197961288769
76561197961288772
76561197961288775
76561197961288776
76561197961288781
76561197961288783
76561197961288785
76561197961288786
76561197961288788
76561197961288791
76561197961288792
76561197961288793
76561197961288797
76561197961288800
76561197961288805
76561197961288806
76561197961288809
76561197961288810
76561197961288811
76561197961288812
76561197961288813
76561197961288815
76561197961288817
76561197961288818
76561197961288819
76561197961288820
76561197961288821
76561197961288822
76561197961288824
76561197961288826
76561197961288827
76561197961288828
76561197961288829
76561197961288830
76561197961288831
76561197961288833
76561197961288836
76561197961288841
76561197961288842
76561197961288846
76561197961288848
76561197961288859
76561197961288860
76561197961288863
76561197961288864
76561197961288865
76561197961288868
76561197961288870
76561197961288873
76561197961288874
76561197961288875
76561197961288877
76561197961288880
76561197961288881
76561197961288883
76561197961288884
76561197961288886
76561197961288889
76561197961288890
76561197961288893
76561197961288894
76561197961288895
76561197961288897
76561197961288898
76561197961288900
76561197961288901
76561197961288906
76561197961288910
76561197961288912
76561197961288914
76561197961288916
76561197961288918
76561197961288919
76561197961288922
76561197961288924
76561197961288925
76561197961288926
76561197961288927
76561197961288932
76561197961288936
76561197961288939
76561197961288943
76561197961288944
76561197961288945
76561197961288950
76561197961288954
76561197961288970
76561197961288972
76561197961288973
76561197961288974
76561197961288975
76561197961288981
76561197961288984
76561197961288985
76561197961288986
76561197961288993
76561197961288996
76561197961288997
76561197961288999
76561197961289002
76561197961289005
76561197961289006
76561197961289007
76561197961289008
76561197961289011
76561197961289015
76561197961289019
76561197961289020
76561197961289022
76561197961289026
76561197961289027
76561197961289030
76561197961289033
76561197961289034
76561197961289037
76561197961289038
76561197961289040
76561197961289041
76561197961289042
76561197961289043
76561197961289044
76561197961289047
76561197961289049
76561197961289050
76561197961289051
76561197961289052
76561197961289053
76561197961289055
76561197961289057
76561197961289058
76561197961289059
76561197961289063
76561197961289067
76561197961289069
76561197961289073
76561197961289075
76561197961289076
76561197961289078
76561197961289079
76561197961289081
76561197961289082
76561197961289084
76561197961289085
76561197961289087
76561197961289088
76561197961289091
76561197961289093
76561197961289095
76561197961289096
76561197961289097
76561197961289098
76561197961289100
76561197961289102
76561197961289104
76561197961289106
76561197961289108
76561197961289110
76561197961289111
76561197961289113
76561197961289117
76561197961289121
76561197961289122
76561197961289124
76561197961289125
76561197961289126
76561197961289127
76561197961289128
76561197961289129
76561197961289130
76561197961289131
76561197961289132
76561197961289135
76561197961289141
76561197961289143
76561197961289144
76561197961289145
76561197961289147
76561197961289149
76561197961289154
76561197961289156
76561197961289160
76561197961289161
76561197961289165
76561197961289169
76561197961289170
76561197961289171
76561197961289172
76561197961289179
76561197961289183
76561197961289186
76561197961289187
76561197961289193
76561197961289196
76561197961289197
76561197961289198
76561197961289199
76561197961289202
76561197961289203
76561197961289211
76561197961289212
76561197961289214
76561197961289216
76561197961289217
76561197961289218
76561197961289219
76561197961289221
76561197961289223
76561197961289225
76561197961289230
76561197961289231
76561197961289232
76561197961289233
76561197961289235
76561197961289238
76561197961289241
76561197961289242
76561197961289243
76561197961289245
76561197961289247
76561197961289248
76561197961289250
76561197961289254
76561197961289256
76561197961289258
76561197961289259
76561197961289260
76561197961289265
76561197961289272
76561197961289273
76561197961289274
76561197961289275
76561197961289278
76561197961289283
76561197961289291
76561197961289292
76561197961289293
76561197961289294
76561197961289297
76561197961289298
76561197961289299
76561197961289300
76561197961289301
76561197961289304
76561197961289307
76561197961289311
76561197961289312
76561197961289313
76561197961289318
76561197961289319
76561197961289322
76561197961289324
76561197961289325
76561197961289326
76561197961289327
76561197961289328
76561197961289330
76561197961289331
76561197961289332
76561197961289333
76561197961289336
76561197961289340
76561197961289341
76561197961289342
76561197961289344
76561197961289345
76561197961289350
76561197961289355
76561197961289356
76561197961289359
76561197961289360
76561197961289364
76561197961289365
76561197961289368
76561197961289369
76561197961289371
76561197961289376
76561197961289381
76561197961289382
76561197961289383
76561197961289384
76561197961289385
76561197961289388
76561197961289389
76561197961289391
76561197961289392
76561197961289393
76561197961289395
76561197961289396
76561197961289398
76561197961289399
76561197961289400
76561197961289401
76561197961289403
76561197961289404
76561197961289405
76561197961289406
76561197961289407
76561197961289410
76561197961289413
76561197961289414
76561197961289416
76561197961289417
76561197961289418
76561197961289419
76561197961289420
76561197961289422
76561197961289425
76561197961289427
76561197961289432
76561197961289435
76561197961289437
76561197961289438
76561197961289441
76561197961289442
76561197961289443
76561197961289445
76561197961289450
76561197961289452
76561197961289453
76561197961289455
76561197961289457
76561197961289459
76561197961289461
76561197961289464
76561197961289465
76561197961289466
76561197961289472
76561197961289473
76561197961289474
76561197961289475
76561197961289477
76561197961289478
76561197961289479
76561197961289485
76561197961289487
76561197961289490
76561197961289491
76561197961289492
76561197961289493
76561197961289496
76561197961289497
76561197961289498
76561197961289502
76561197961289503
76561197961289506
76561197961289507
76561197961289509
76561197961289510
76561197961289511
76561197961289512
76561197961289515
76561197961289516
76561197961289517
76561197961289518
76561197961289522
76561197961289525
76561197961289532
76561197961289533
76561197961289534
76561197961289540
76561197961289541
76561197961289551
76561197961289553
76561197961289556
76561197961289558
76561197961289559
76561197961289566
76561197961289567
76561197961289569
76561197961289575
76561197961289576
76561197961289581
76561197961289584
76561197961289586
76561197961289587
76561197961289588
76561197961289591
76561197961289592
76561197961289594
76561197961289595
76561197961289598
76561197961289601
76561197961289607
76561197961289608
76561197961289609
76561197961289610
76561197961289611
76561197961289612
76561197961289613
76561197961289614
76561197961289615
76561197961289617
76561197961289618
76561197961289619
76561197961289622
76561197961289629
76561197961289630
76561197961289632
76561197961289636
76561197961289639
76561197961289641
76561197961289642
76561197961289643
76561197961289646
76561197961289654
76561197961289656
76561197961289659
76561197961289666
76561197961289670
76561197961289672
76561197961289673
76561197961289674
76561197961289675
76561197961289677
76561197961289682
76561197961289684
76561197961289687
76561197961289688
76561197961289689
76561197961289693
76561197961289696
76561197961289699
76561197961289701
76561197961289702
76561197961289707
76561197961289708
76561197961289709
76561197961289713
76561197961289714
76561197961289716
76561197961289719
76561197961289720
76561197961289725
76561197961289729
76561197961289730
76561197961289731
76561197961289733
76561197961289736
76561197961289740
76561197961289742
76561197961289743
76561197961289745
76561197961289746
76561197961289748
76561197961289752
76561197961289756
76561197961289757
76561197961289759
76561197961289760
76561197961289761
76561197961289762
76561197961289763
76561197961289764
76561197961289768
76561197961289770
76561197961289771
76561197961289772
76561197961289777
76561197961289782
76561197961289783
76561197961289785
76561197961289787
76561197961289789
76561197961289790
76561197961289792
76561197961289794
76561197961289796
76561197961289797
76561197961289798
76561197961289800
76561197961289801
76561197961289807
76561197961289808
76561197961289809
76561197961289810
76561197961289811
76561197961289817
76561197961289818
76561197961289819
76561197961289820
76561197961289821
76561197961289823
76561197961289826
76561197961289828
76561197961289831
76561197961289832
76561197961289833
76561197961289834
76561197961289835
76561197961289842
76561197961289843
76561197961289845
76561197961289847
76561197961289848
76561197961289852
76561197961289853
76561197961289854
76561197961289862
76561197961289864
76561197961289865
76561197961289867
76561197961289868
76561197961289869
76561197961289870
76561197961289872
76561197961289878
76561197961289880
76561197961289881
76561197961289882
76561197961289883
76561197961289884
76561197961289885
76561197961289886
76561197961289888
76561197961289891
76561197961289892
76561197961289894
76561197961289897
76561197961289901
76561197961289902
76561197961289904
76561197961289905
76561197961289906
76561197961289908
76561197961289911
76561197961289912
76561197961289915
76561197961289916
76561197961289917
76561197961289918
76561197961289919
76561197961289921
76561197961289923
76561197961289924
76561197961289927
76561197961289929
76561197961289930
76561197961289931
76561197961289932
76561197961289933
76561197961289934
76561197961289935
76561197961289936
76561197961289937
76561197961289939
76561197961289940
76561197961289942
76561197961289943
76561197961289944
76561197961289945
76561197961289950
76561197961289951
76561197961289952
76561197961289954
76561197961289955
76561197961289956
76561197961289957
76561197961289960
76561197961289962
76561197961289964
76561197961289965
76561197961289967
76561197961289970
76561197961289972
76561197961289975
76561197961289976
76561197961289980
76561197961289982
76561197961289983
76561197961289984
76561197961289986
76561197961289987
76561197961289989
76561197961289994
76561197961289996
76561197961289999
76561197961290003
76561197961290006
76561197961290007
76561197961290011
76561197961290013
76561197961290015
76561197961290017
76561197961290018
76561197961290019
76561197961290020
76561197961290021
76561197961290022
76561197961290024
76561197961290027
76561197961290029
76561197961290033
76561197961290035
76561197961290037
76561197961290040
76561197961290043
76561197961290044
76561197961290045
76561197961290047
76561197961290048
76561197961290049
76561197961290052
76561197961290054
76561197961290055
76561197961290058
76561197961290060
76561197961290061
76561197961290064
76561197961290065
76561197961290066
76561197961290067
76561197961290068
76561197961290070
76561197961290071
76561197961290074
76561197961290075
76561197961290076
76561197961290077
76561197961290082
76561197961290083
76561197961290085
76561197961290089
76561197961290090
76561197961290094
76561197961290095
76561197961290096
76561197961290097
76561197961290098
76561197961290099
76561197961290101
76561197961290103
76561197961290104
76561197961290105
76561197961290107
76561197961290108
76561197961290114
76561197961290115
76561197961290117
76561197961290121
76561197961290124
76561197961290127
76561197961290128
76561197961290129
76561197961290130
76561197961290131
76561197961290132
76561197961290133
76561197961290135
76561197961290137
76561197961290138
76561197961290143
76561197961290144
76561197961290148
76561197961290150
76561197961290151
76561197961290152
76561197961290153
76561197961290156
76561197961290157
76561197961290158
76561197961290159
76561197961290160
76561197961290164
76561197961290166
76561197961290168
76561197961290170
76561197961290173
76561197961290175
76561197961290176
76561197961290178
76561197961290179
76561197961290180
76561197961290181
76561197961290184
76561197961290185
76561197961290187
76561197961290190
76561197961290191
76561197961290192
76561197961290193
76561197961290197
76561197961290201
76561197961290202
76561197961290203
76561197961290204
76561197961290206
76561197961290209
76561197961290210
76561197961290213
76561197961290215
76561197961290216
76561197961290217
76561197961290219
76561197961290221
76561197961290227
76561197961290229
76561197961290234
76561197961290235
76561197961290238
76561197961290243
76561197961290244
76561197961290246
76561197961290248
76561197961290249
76561197961290252
76561197961290258
76561197961290259
76561197961290262
76561197961290264
76561197961290266
76561197961290267
76561197961290268
76561197961290270
76561197961290273
76561197961290274
76561197961290275
76561197961290278
76561197961290279
76561197961290283
76561197961290285
76561197961290287
76561197961290288
76561197961290290
76561197961290293
76561197961290294
76561197961290295
76561197961290296
76561197961290298
76561197961290299
76561197961290300
76561197961290303
76561197961290305
76561197961290309
76561197961290311
76561197961290312
76561197961290315
76561197961290319
76561197961290320
76561197961290321
76561197961290322
76561197961290323
76561197961290326
76561197961290328
76561197961290329
76561197961290331
76561197961290333
76561197961290334
76561197961290335
76561197961290339
76561197961290340
76561197961290341
76561197961290345
76561197961290346
76561197961290348
76561197961290349
76561197961290350
76561197961290355
76561197961290356
76561197961290357
76561197961290358
76561197961290361
76561197961290362
76561197961290364
76561197961290367
76561197961290368
76561197961290369
76561197961290370
76561197961290371
76561197961290372
76561197961290373
76561197961290375
76561197961290377
76561197961290378
76561197961290379
76561197961290380
76561197961290381
76561197961290382
76561197961290383
76561197961290384
76561197961290385
76561197961290388
76561197961290390
76561197961290391
76561197961290392
76561197961290394
76561197961290395
76561197961290396
76561197961290397
76561197961290399
76561197961290400
76561197961290402
76561197961290403
76561197961290405
76561197961290407
76561197961290408
76561197961290411
76561197961290412
76561197961290414
76561197961290415
76561197961290416
76561197961290417
76561197961290420
76561197961290421
76561197961290427
76561197961290428
76561197961290430
76561197961290433
76561197961290434
76561197961290436
76561197961290437
76561197961290438
76561197961290439
76561197961290440
76561197961290441
76561197961290445
76561197961290446
76561197961290447
76561197961290448
76561197961290450
76561197961290453
76561197961290455
76561197961290456
76561197961290459
76561197961290462
76561197961290465
76561197961290470
76561197961290471
76561197961290472
76561197961290474
76561197961290476
76561197961290480
76561197961290482
76561197961290483
76561197961290484
76561197961290485
76561197961290487
76561197961290489
76561197961290490
76561197961290491
76561197961290493
76561197961290495
76561197961290498
76561197961290500
76561197961290501
76561197961290503
76561197961290504
76561197961290506
76561197961290507
76561197961290508
76561197961290510
76561197961290511
76561197961290512
76561197961290513
76561197961290514
76561197961290515
76561197961290516
76561197961290517
76561197961290525
76561197961290526
76561197961290531
76561197961290533
76561197961290535
76561197961290538
76561197961290539
76561197961290541
76561197961290545
76561197961290546
76561197961290549
76561197961290550
76561197961290551
76561197961290552
76561197961290554
76561197961290561
76561197961290563
76561197961290564
76561197961290565
76561197961290567
76561197961290568
76561197961290569
76561197961290570
