76561197960285166
76561197960285167
76561197960285168
76561197960285169
76561197960285171
76561197960285172
76561197960285173
76561197960285174
76561197960285175
76561197960285177
76561197960285178
76561197960285179
76561197960285180
76561197960285181
76561197960285182
76561197960285185
76561197960285186
76561197960285189
76561197960285190
76561197960285191
76561197960285192
76561197960285193
76561197960285194
76561197960285195
76561197960285196
76561197960285198
76561197960285199
76561197960285200
76561197960285201
76561197960285202
76561197960285203
76561197960285204
76561197960285205
76561197960285206
76561197960285207
76561197960285208
76561197960285209
76561197960285210
76561197960285211
76561197960285212
76561197960285213
76561197960285214
76561197960285215
76561197960285217
76561197960285218
76561197960285219
76561197960285220
76561197960285221
76561197960285222
76561197960285224
76561197960285225
76561197960285226
76561197960285228
76561197960285229
76561197960285231
76561197960285232
76561197960285233
76561197960285234
76561197960285235
76561197960285236
76561197960285237
76561197960285238
76561197960285239
76561197960285241
76561197960285242
76561197960285243
76561197960285244
76561197960285245
76561197960285246
76561197960285247
76561197960285248
76561197960285249
76561197960285250
76561197960285251
76561197960285252
76561197960285253
76561197960285254
76561197960285255
76561197960285256
76561197960285258
76561197960285259
76561197960285260
76561197960285261
76561197960285262
76561197960285263
76561197960285264
76561197960285265
76561197960285266
76561197960285267
76561197960285268
76561197960285269
76561197960285270
76561197960285271
76561197960285272
76561197960285273
76561197960285274
76561197960285275
76561197960285276
76561197960285277
76561197960285278
76561197960285279
76561197960285280
76561197960285281
76561197960285283
76561197960285284
76561197960285285
76561197960285286
76561197960285287
76561197960285288
76561197960285289
76561197960285290
76561197960285291
76561197960285292
76561197960285294
76561197960285296
76561197960285298
76561197960285299
76561197960285300
76561197960285301
76561197960285302
76561197960285303
76561197960285304
76561197960285305
76561197960285306
76561197960285307
76561197960285308
76561197960285311
76561197960285312
76561197960285313
76561197960285314
76561197960285315
76561197960285316
76561197960285317
76561197960285318
76561197960285319
76561197960285320
76561197960285321
76561197960285322
76561197960285323
76561197960285324
76561197960285325
76561197960285326
76561197960285327
76561197960285328
76561197960285329
76561197960285330
76561197960285331
76561197960285333
76561197960285334
76561197960285335
76561197960285336
76561197960285337
76561197960285338
76561197960285339
76561197960285340
76561197960285341
76561197960285342
76561197960285343
76561197960285344
76561197960285345
76561197960285347
76561197960285348
76561197960285349
76561197960285350
76561197960285351
76561197960285352
76561197960285353
76561197960285354
76561197960285355
76561197960285356
76561197960285357
76561197960285358
76561197960285359
76561197960285360
76561197960285361
76561197960285363
76561197960285364
76561197960285366
76561197960285368
76561197960285369
76561197960285370
76561197960285371
76561197960285372
76561197960285373
76561197960285374
76561197960285375
76561197960285376
76561197960285377
76561197960285378
76561197960285379
76561197960285380
76561197960285381
76561197960285382
76561197960285383
76561197960285384
76561197960285386
76561197960285387
76561197960285388
76561197960285389
76561197960285390
76561197960285393
76561197960285394
76561197960285395
76561197960285396
76561197960285397
76561197960285398
76561197960285399
76561197960285400
76561197960285401
76561197960285402
76561197960285403
76561197960285404
76561197960285405
76561197960285407
76561197960285408
76561197960285409
76561197960285410
76561197960285413
76561197960285414
76561197960285415
76561197960285416
76561197960285417
76561197960285418
76561197960285419
76561197960285420
76561197960285421
76561197960285422
76561197960285423
76561197960285424
76561197960285425
76561197960285427
76561197960285428
76561197960285429
76561197960285430
76561197960285432
76561197960285436
76561197960285437
76561197960285438
76561197960285439
76561197960285440
76561197960285441
76561197960285444
76561197960285445
76561197960285447
76561197960285448
76561197960285449
76561197960285450
76561197960285451
76561197960285452
76561197960285453
76561197960285454
76561197960285456
76561197960285457
76561197960285458
76561197960285459
76561197960285460
76561197960285461
76561197960285462
76561197960285463
76561197960285464
76561197960285466
76561197960285468
76561197960285469
76561197960285470
76561197960285472
76561197960285473
76561197960285474
76561197960285475
76561197960285476
76561197960285477
76561197960285478
76561197960285480
76561197960285481
76561197960285482
76561197960285485
76561197960285486
76561197960285489
76561197960285490
76561197960285491
76561197960285492
76561197960285493
76561197960285494
76561197960285495
76561197960285496
76561197960285497
76561197960285498
76561197960285499
76561197960285500
76561197960285502
76561197960285503
76561197960285504
76561197960285505
76561197960285507
76561197960285509
76561197960285510
76561197960285511
76561197960285513
76561197960285514
76561197960285515
76561197960285517
76561197960285518
76561197960285519
76561197960285520
76561197960285521
76561197960285522
76561197960285523
76561197960285524
76561197960285525
76561197960285526
76561197960285527
76561197960285528
76561197960285533
76561197960285535
76561197960285536
76561197960285537
76561197960285538
76561197960285539
76561197960285541
76561197960285543
76561197960285544
76561197960285545
76561197960285546
76561197960285547
76561197960285548
76561197960285549
76561197960285550
76561197960285552
76561197960285554
76561197960285555
76561197960285556
76561197960285557
76561197960285558
76561197960285559
76561197960285560
76561197960285562
76561197960285563
76561197960285564
76561197960285565
76561197960285566
76561197960285567
76561197960285568
76561197960285569
76561197960285570
76561197960285571
76561197960285573
76561197960285574
76561197960285575
76561197960285576
76561197960285577
76561197960285578
76561197960285579
76561197960285580
76561197960285581
76561197960285582
76561197960285583
76561197960285584
76561197960285585
76561197960285586
76561197960285587
76561197960285588
76561197960285589
76561197960285590
76561197960285592
76561197960285593
76561197960285594
76561197960285595
76561197960285597
76561197960285598
76561197960285599
76561197960285600
76561197960285602
76561197960285603
76561197960285604
76561197960285605
76561197960285606
76561197960285607
76561197960285608
76561197960285609
76561197960285611
76561197960285612
76561197960285613
76561197960285614
76561197960285616
76561197960285617
76561197960285618
76561197960285619
76561197960285620
76561197960285621
76561197960285622
76561197960285623
76561197960285624
76561197960285625
76561197960285627
76561197960285628
76561197960285629
76561197960285630
76561197960285631
76561197960285632
76561197960285633
76561197960285634
76561197960285635
76561197960285636
76561197960285638
76561197960285639
76561197960285640
76561197960285641
76561197960285642
76561197960285643
76561197960285644
76561197960285645
76561197960285647
76561197960285648
76561197960285649
76561197960285650
76561197960285651
76561197960285652
76561197960285653
76561197960285654
76561197960285655
76561197960285657
76561197960285658
76561197960285659
76561197960285660
76561197960285661
76561197960285662
76561197960285663
76561197960285664
76561197960285665
76561197960285666
76561197960285668
76561197960285669
76561197960285670
76561197960285671
76561197960285672
76561197960285673
76561197960285675
76561197960285676
76561197960285677
76561197960285678
76561197960285679
76561197960285680
76561197960285681
76561197960285682
76561197960285683
76561197960285684
76561197960285685
76561197960285686
76561197960285687
76561197960285688
76561197960285689
76561197960285690
76561197960285691
76561197960285692
76561197960285693
76561197960285694
76561197960285695
76561197960285696
76561197960285697
76561197960285698
76561197960285699
76561197960285700
76561197960285701
76561197960285702
76561197960285703
76561197960285704
76561197960285706
76561197960285707
76561197960285708
76561197960285709
76561197960285711
76561197960285712
76561197960285713
76561197960285714
76561197960285715
76561197960285716
76561197960285717
76561197960285718
76561197960285719
76561197960285720
76561197960285721
76561197960285722
76561197960285723
76561197960285724
76561197960285725
76561197960285726
76561197960285727
76561197960285729
76561197960285730
76561197960285731
76561197960285732
76561197960285733
76561197960285734
76561197960285735
76561197960285736
76561197960285737
76561197960285738
76561197960285740
76561197960285741
76561197960285742
76561197960285743
76561197960285744
76561197960285745
76561197960285746
76561197960285747
76561197960285748
76561197960285749
76561197960285750
76561197960285751
76561197960285752
76561197960285753
76561197960285754
76561197960285755
76561197960285757
76561197960285758
76561197960285759
76561197960285761
76561197960285762
76561197960285763
76561197960285764
76561197960285765
76561197960285766
76561197960285767
76561197960285768
76561197960285769
76561197960285770
76561197960285771
76561197960285772
76561197960285773
76561197960285774
76561197960285775
76561197960285777
76561197960285779
76561197960285780
76561197960285781
76561197960285782
76561197960285783
76561197960285784
76561197960285785
76561197960285786
76561197960285787
76561197960285788
76561197960285789
76561197960285790
76561197960285791
76561197960285792
76561197960285794
76561197960285795
76561197960285796
76561197960285797
76561197960285798
76561197960285799
76561197960285800
76561197960285801
76561197960285803
76561197960285804
76561197960285805
76561197960285807
76561197960285809
76561197960285811
76561197960285813
76561197960285814
76561197960285815
76561197960285816
76561197960285817
76561197960285819
76561197960285820
76561197960285821
76561197960285822
76561197960285823
76561197960285824
76561197960285825
76561197960285826
76561197960285827
76561197960285828
76561197960285830
76561197960285831
76561197960285832
76561197960285833
76561197960285834
76561197960285835
76561197960285836
76561197960285838
76561197960285839
76561197960285840
76561197960285841
76561197960285842
76561197960285843
76561197960285844
76561197960285845
76561197960285846
76561197960285847
76561197960285848
76561197960285849
76561197960285850
76561197960285851
76561197960285852
76561197960285853
76561197960285854
76561197960285855
76561197960285856
76561197960285858
76561197960285859
76561197960285860
76561197960285861
76561197960285862
76561197960285864
76561197960285866
76561197960285867
76561197960285868
76561197960285871
76561197960285873
76561197960285874
76561197960285875
76561197960285876
76561197960285878
76561197960285879
76561197960285883
76561197960285884
76561197960285886
76561197960285887
76561197960285888
76561197960285889
76561197960285890
76561197960285891
76561197960285892
76561197960285893
76561197960285894
76561197960285895
76561197960285896
76561197960285897
76561197960285898
76561197960285899
76561197960285900
76561197960285901
76561197960285903
76561197960285905
76561197960285906
76561197960285907
76561197960285908
76561197960285909
76561197960285910
76561197960285911
76561197960285912
76561197960285914
76561197960285915
76561197960285916
76561197960285919
76561197960285920
76561197960285921
76561197960285922
76561197960285923
76561197960285924
76561197960285925
76561197960285926
76561197960285928
76561197960285930
76561197960285931
76561197960285932
76561197960285935
76561197960285936
76561197960285937
76561197960285938
76561197960285939
76561197960285940
76561197960285941
76561197960285942
76561197960285943
76561197960285944
76561197960285945
76561197960285946
76561197960285947
76561197960285948
76561197960285949
76561197960285950
76561197960285951
76561197960285952
76561197960285953
76561197960285954
76561197960285956
76561197960285957
76561197960285958
76561197960285959
76561197960285961
76561197960285962
76561197960285963
76561197960285964
76561197960285965
76561197960285966
76561197960285967
76561197960285968
76561197960285969
76561197960285970
76561197960285971
76561197960285973
76561197960285974
76561197960285976
76561197960285977
76561197960285978
76561197960285979
76561197960285980
76561197960285981
76561197960285982
76561197960285984
76561197960285986
76561197960285987
76561197960285988
76561197960285989
76561197960285990
76561197960285991
76561197960285992
76561197960285993
76561197960285994
76561197960285995
76561197960285996
76561197960285998
76561197960286000
76561197960286002
76561197960286003
76561197960286004
76561197960286005
76561197960286006
76561197960286007
76561197960286008
76561197960286009
76561197960286010
76561197960286011
76561197960286012
76561197960286013
76561197960286014
76561197960286015
76561197960286016
76561197960286017
76561197960286018
76561197960286019
76561197960286020
76561197960286021
76561197960286022
76561197960286023
76561197960286024
76561197960286025
76561197960286026
76561197960286028
76561197960286029
76561197960286030
76561197960286031
76561197960286032
76561197960286033
76561197960286034
76561197960286035
76561197960286036
76561197960286037
76561197960286038
76561197960286039
76561197960286041
76561197960286042
76561197960286043
76561197960286044
76561197960286045
76561197960286046
76561197960286047
76561197960286048
76561197960286049
76561197960286050
76561197960286052
76561197960286053
76561197960286054
76561197960286055
76561197960286056
76561197960286057
76561197960286058
76561197960286059
76561197960286060
76561197960286061
76561197960286062
76561197960286063
76561197960286064
76561197960286065
76561197960286066
76561197960286068
76561197960286069
76561197960286070
76561197960286071
76561197960286072
76561197960286073
76561197960286074
76561197960286075
76561197960286076
76561197960286077
76561197960286078
76561197960286079
76561197960286081
76561197960286082
76561197960286083
76561197960286084
76561197960286085
76561197960286086
76561197960286087
76561197960286088
76561197960286090
76561197960286091
76561197960286092
76561197960286093
76561197960286094
76561197960286096
76561197960286097
76561197960286098
76561197960286099
76561197960286101
76561197960286102
76561197960286103
76561197960286104
76561197960286105
76561197960286106
76561197960286107
76561197960286108
76561197960286109
76561197960286110
76561197960286112
76561197960286113
76561197960286115
76561197960286116
76561197960286118
76561197960286119
76561197960286120
76561197960286121
76561197960286122
76561197960286124
76561197960286127
76561197960286129
76561197960286132
76561197960286133
76561197960286134
76561197960286135
76561197960286136
76561197960286137
76561197960286138
76561197960286140
76561197960286141
76561197960286142
76561197960286144
76561197960286145
76561197960286146
76561197960286147
76561197960286148
76561197960286149
76561197960286150
76561197960286151
76561197960286152
76561197960286153
76561197960286154
76561197960286155
76561197960286156
76561197960286158
76561197960286159
76561197960286160
76561197960286161
76561197960286162
76561197960286163
76561197960286164
76561197960286165
76561197960286166
76561197960286167
76561197960286168
76561197960286170
76561197960286171
76561197960286172
76561197960286173
76561197960286174
76561197960286175
76561197960286176
76561197960286177
76561197960286178
76561197960286179
76561197960286180
76561197960286181
76561197960286182
76561197960286183
76561197960286184
76561197960286185
76561197960286186
76561197960286187
76561197960286188
76561197960286189
76561197960286190
76561197960286191
76561197960286192
76561197960286193
76561197960286194
76561197960286195
76561197960286197
76561197960286198
76561197960286199
76561197960286200
76561197960286201
76561197960286202
76561197960286203
76561197960286204
76561197960286206
76561197960286209
76561197960286211
76561197960286212
76561197960286213
76561197960286214
76561197960286215
76561197960286216
76561197960286217
76561197960286218
76561197960286219
76561197960286221
76561197960286222
76561197960286223
76561197960286225
76561197960286226
76561197960286227
76561197960286228
76561197960286230
76561197960286231
76561197960286232
76561197960286233
76561197960286234
76561197960286235
76561197960286236
76561197960286237
76561197960286238
76561197960286239
76561197960286240
76561197960286241
76561197960286242
76561197960286243
76561197960286244
76561197960286247
76561197960286248
76561197960286249
76561197960286250
76561197960286251
76561197960286252
76561197960286253
76561197960286254
76561197960286255
76561197960286257
76561197960286258
76561197960286259
76561197960286260
76561197960286261
76561197960286262
76561197960286263
76561197960286264
76561197960286265
76561197960286266
76561197960286267
76561197960286268
76561197960286269
76561197960286270
76561197960286272
76561197960286273
76561197960286274
76561197960286275
76561197960286276
76561197960286277
76561197960286278
76561197960286279
76561197960286280
76561197960286281
76561197960286282
76561197960286284
76561197960286285
76561197960286286
76561197960286287
76561197960286288
76561197960286289
76561197960286290
76561197960286291
76561197960286292
76561197960286293
76561197960286294
76561197960286295
76561197960286296
76561197960286297
76561197960286298
76561197960286300
76561197960286301
76561197960286302
76561197960286303
76561197960286304
76561197960286305
76561197960286306
76561197960286307
76561197960286308
76561197960286309
76561197960286310
76561197960286311
76561197960286312
76561197960286313
76561197960286314
76561197960286315
76561197960286316
76561197960286317
76561197960286318
76561197960286319
76561197960286320
