76561197960672434
76561197960672435
76561197960672436
76561197960672437
76561197960672438
76561197960672439
76561197960672440
76561197960672441
76561197960672442
76561197960672443
76561197960672444
76561197960672445
76561197960672446
76561197960672451
76561197960672452
76561197960672453
76561197960672454
76561197960672455
76561197960672459
76561197960672460
76561197960672461
76561197960672462
76561197960672463
76561197960672464
76561197960672466
76561197960672467
76561197960672468
76561197960672469
76561197960672470
76561197960672471
76561197960672472
76561197960672473
76561197960672475
76561197960672476
76561197960672478
76561197960672479
76561197960672480
76561197960672481
76561197960672482
76561197960672483
76561197960672484
76561197960672485
76561197960672486
76561197960672487
76561197960672488
76561197960672489
76561197960672490
76561197960672491
76561197960672492
76561197960672493
76561197960672494
76561197960672495
76561197960672496
76561197960672498
76561197960672500
76561197960672501
76561197960672502
76561197960672503
76561197960672504
76561197960672505
76561197960672507
76561197960672510
76561197960672511
76561197960672512
76561197960672513
76561197960672514
76561197960672516
76561197960672517
76561197960672519
76561197960672520
76561197960672522
76561197960672523
76561197960672524
76561197960672525
76561197960672526
76561197960672527
76561197960672528
76561197960672529
76561197960672530
76561197960672531
76561197960672532
76561197960672534
76561197960672535
76561197960672536
76561197960672537
76561197960672540
76561197960672541
76561197960672542
76561197960672544
76561197960672545
76561197960672546
76561197960672547
76561197960672548
76561197960672549
76561197960672550
76561197960672551
76561197960672553
76561197960672554
76561197960672555
76561197960672557
76561197960672558
76561197960672559
76561197960672560
76561197960672561
76561197960672562
76561197960672566
76561197960672567
76561197960672569
76561197960672570
76561197960672571
76561197960672574
76561197960672576
76561197960672577
76561197960672578
76561197960672579
76561197960672580
76561197960672581
76561197960672582
76561197960672583
76561197960672584
76561197960672585
76561197960672587
76561197960672588
76561197960672589
76561197960672590
76561197960672591
76561197960672594
76561197960672595
76561197960672596
76561197960672597
76561197960672599
76561197960672601
76561197960672602
76561197960672603
76561197960672604
76561197960672605
76561197960672607
76561197960672608
76561197960672609
76561197960672610
76561197960672611
76561197960672612
76561197960672613
76561197960672614
76561197960672617
76561197960672618
76561197960672619
76561197960672620
76561197960672621
76561197960672623
76561197960672624
76561197960672625
76561197960672626
76561197960672628
76561197960672629
76561197960672630
76561197960672631
76561197960672632
76561197960672633
76561197960672634
76561197960672635
76561197960672636
76561197960672637
76561197960672638
76561197960672639
76561197960672642
76561197960672643
76561197960672644
76561197960672645
76561197960672646
76561197960672647
76561197960672649
76561197960672650
76561197960672651
76561197960672652
76561197960672653
76561197960672654
76561197960672656
76561197960672657
76561197960672658
76561197960672659
76561197960672660
76561197960672661
76561197960672663
76561197960672665
76561197960672666
76561197960672667
76561197960672668
76561197960672669
76561197960672670
76561197960672671
76561197960672672
76561197960672674
76561197960672675
76561197960672676
76561197960672677
76561197960672678
76561197960672681
76561197960672682
76561197960672683
76561197960672685
76561197960672687
76561197960672688
76561197960672690
76561197960672691
76561197960672692
76561197960672693
76561197960672694
76561197960672695
76561197960672699
76561197960672700
76561197960672701
76561197960672702
76561197960672704
76561197960672705
76561197960672706
76561197960672707
76561197960672708
76561197960672710
76561197960672711
76561197960672712
76561197960672713
76561197960672715
76561197960672716
76561197960672717
76561197960672718
76561197960672719
76561197960672720
76561197960672721
76561197960672722
76561197960672723
76561197960672724
76561197960672725
76561197960672726
76561197960672727
76561197960672728
76561197960672730
76561197960672732
76561197960672733
76561197960672734
76561197960672735
76561197960672737
76561197960672738
76561197960672739
76561197960672740
76561197960672741
76561197960672743
76561197960672745
76561197960672747
76561197960672748
76561197960672749
76561197960672751
76561197960672752
76561197960672753
76561197960672754
76561197960672755
76561197960672756
76561197960672757
76561197960672758
76561197960672759
76561197960672761
76561197960672762
76561197960672763
76561197960672764
76561197960672768
76561197960672769
76561197960672770
76561197960672771
76561197960672772
76561197960672773
76561197960672774
76561197960672775
76561197960672776
76561197960672779
76561197960672780
76561197960672782
76561197960672783
76561197960672784
76561197960672785
76561197960672787
76561197960672788
76561197960672789
76561197960672790
76561197960672791
76561197960672792
76561197960672793
76561197960672794
76561197960672795
76561197960672796
76561197960672797
76561197960672798
76561197960672802
76561197960672803
76561197960672805
76561197960672806
76561197960672807
76561197960672808
76561197960672809
76561197960672811
76561197960672812
76561197960672813
76561197960672814
76561197960672816
76561197960672819
76561197960672820
76561197960672822
76561197960672823
76561197960672824
76561197960672825
76561197960672827
76561197960672828
76561197960672829
76561197960672830
76561197960672831
76561197960672832
76561197960672833
76561197960672834
76561197960672835
76561197960672836
76561197960672837
76561197960672838
76561197960672839
76561197960672841
76561197960672842
76561197960672843
76561197960672844
76561197960672845
76561197960672846
76561197960672849
76561197960672850
76561197960672851
76561197960672852
76561197960672853
76561197960672854
76561197960672855
76561197960672856
76561197960672857
76561197960672858
76561197960672859
76561197960672860
76561197960672861
76561197960672862
76561197960672864
76561197960672865
76561197960672866
76561197960672867
76561197960672868
76561197960672869
76561197960672870
76561197960672871
76561197960672874
76561197960672875
76561197960672876
76561197960672877
76561197960672878
76561197960672879
76561197960672880
76561197960672881
76561197960672882
76561197960672883
76561197960672884
76561197960672885
76561197960672886
76561197960672887
76561197960672888
76561197960672889
76561197960672890
76561197960672891
76561197960672892
76561197960672893
76561197960672895
76561197960672896
76561197960672897
76561197960672900
76561197960672901
76561197960672902
76561197960672903
76561197960672904
76561197960672905
76561197960672910
76561197960672911
76561197960672912
76561197960672913
76561197960672914
76561197960672915
76561197960672916
76561197960672917
76561197960672919
76561197960672920
76561197960672921
76561197960672923
76561197960672925
76561197960672926
76561197960672927
76561197960672928
76561197960672929
76561197960672930
76561197960672931
76561197960672932
76561197960672933
76561197960672934
76561197960672935
76561197960672936
76561197960672937
76561197960672938
76561197960672939
76561197960672940
76561197960672941
76561197960672942
76561197960672943
76561197960672944
76561197960672946
76561197960672947
76561197960672948
76561197960672949
76561197960672950
76561197960672951
76561197960672952
76561197960672953
76561197960672954
76561197960672956
76561197960672958
76561197960672959
76561197960672960
76561197960672962
76561197960672964
76561197960672965
76561197960672966
76561197960672967
76561197960672968
76561197960672972
76561197960672973
76561197960672974
76561197960672976
76561197960672977
76561197960672978
76561197960672980
76561197960672981
76561197960672982
76561197960672983
76561197960672985
76561197960672986
76561197960672988
76561197960672989
76561197960672990
76561197960672991
76561197960672992
76561197960672994
76561197960672995
76561197960672996
76561197960672998
76561197960672999
76561197960673000
76561197960673001
76561197960673002
76561197960673004
76561197960673005
76561197960673006
76561197960673007
76561197960673008
76561197960673009
76561197960673010
76561197960673012
76561197960673013
76561197960673016
76561197960673017
76561197960673018
76561197960673019
76561197960673020
76561197960673021
76561197960673022
76561197960673023
76561197960673024
76561197960673025
76561197960673026
76561197960673028
76561197960673029
76561197960673031
76561197960673032
76561197960673033
76561197960673034
76561197960673035
76561197960673036
76561197960673038
76561197960673039
76561197960673040
76561197960673041
76561197960673042
76561197960673043
76561197960673044
76561197960673045
76561197960673046
76561197960673047
76561197960673048
76561197960673050
76561197960673051
76561197960673053
76561197960673054
76561197960673055
76561197960673057
76561197960673058
76561197960673059
76561197960673060
76561197960673061
76561197960673062
76561197960673063
76561197960673064
76561197960673065
76561197960673066
76561197960673068
76561197960673069
76561197960673070
76561197960673071
76561197960673072
76561197960673073
76561197960673074
76561197960673075
76561197960673076
76561197960673077
76561197960673078
76561197960673079
76561197960673080
76561197960673081
76561197960673082
76561197960673083
76561197960673084
76561197960673085
76561197960673086
76561197960673089
76561197960673090
76561197960673091
76561197960673092
76561197960673093
76561197960673094
76561197960673095
76561197960673098
76561197960673099
76561197960673100
76561197960673101
76561197960673102
76561197960673103
76561197960673104
76561197960673105
76561197960673106
76561197960673109
76561197960673110
76561197960673112
76561197960673114
76561197960673115
76561197960673116
76561197960673119
76561197960673121
76561197960673122
76561197960673125
76561197960673128
76561197960673129
76561197960673130
76561197960673132
76561197960673133
76561197960673134
76561197960673135
76561197960673139
76561197960673140
76561197960673141
76561197960673142
76561197960673143
76561197960673144
76561197960673145
76561197960673146
76561197960673147
76561197960673148
76561197960673150
76561197960673151
76561197960673152
76561197960673153
76561197960673154
76561197960673155
76561197960673156
76561197960673158
76561197960673159
76561197960673160
76561197960673161
76561197960673163
76561197960673164
76561197960673166
76561197960673167
76561197960673168
76561197960673169
76561197960673170
76561197960673171
76561197960673172
76561197960673173
76561197960673174
76561197960673177
76561197960673178
76561197960673179
76561197960673180
76561197960673182
76561197960673183
76561197960673184
76561197960673185
76561197960673186
76561197960673188
76561197960673189
76561197960673191
76561197960673193
76561197960673194
76561197960673195
76561197960673196
76561197960673197
76561197960673198
76561197960673199
76561197960673200
76561197960673201
76561197960673202
76561197960673203
76561197960673204
76561197960673206
76561197960673207
76561197960673208
76561197960673210
76561197960673212
76561197960673213
76561197960673214
76561197960673215
76561197960673216
76561197960673219
76561197960673220
76561197960673221
76561197960673222
76561197960673224
76561197960673225
76561197960673226
76561197960673227
76561197960673228
76561197960673229
76561197960673230
76561197960673232
76561197960673233
76561197960673234
76561197960673235
76561197960673236
76561197960673237
76561197960673238
76561197960673240
76561197960673241
76561197960673242
76561197960673243
76561197960673245
76561197960673246
76561197960673247
76561197960673248
76561197960673250
76561197960673251
76561197960673252
76561197960673253
76561197960673254
76561197960673255
76561197960673256
76561197960673257
76561197960673259
76561197960673262
76561197960673263
76561197960673264
76561197960673265
76561197960673267
76561197960673268
76561197960673269
76561197960673270
76561197960673271
76561197960673272
76561197960673273
76561197960673274
76561197960673275
76561197960673277
76561197960673278
76561197960673279
76561197960673280
76561197960673281
76561197960673282
76561197960673283
76561197960673284
76561197960673285
76561197960673286
76561197960673287
76561197960673289
76561197960673290
76561197960673291
76561197960673292
76561197960673293
76561197960673295
76561197960673296
76561197960673298
76561197960673300
76561197960673301
76561197960673302
76561197960673303
76561197960673304
76561197960673305
76561197960673306
76561197960673307
76561197960673308
76561197960673309
76561197960673310
76561197960673311
76561197960673312
76561197960673313
76561197960673314
76561197960673315
76561197960673316
76561197960673317
76561197960673318
76561197960673319
76561197960673320
76561197960673322
76561197960673323
76561197960673324
76561197960673325
76561197960673329
76561197960673330
76561197960673331
76561197960673332
76561197960673333
76561197960673334
76561197960673336
76561197960673337
76561197960673338
76561197960673340
76561197960673341
76561197960673342
76561197960673344
76561197960673345
76561197960673346
76561197960673347
76561197960673350
76561197960673352
76561197960673353
76561197960673354
76561197960673355
76561197960673356
76561197960673357
76561197960673359
76561197960673360
76561197960673361
76561197960673362
76561197960673363
76561197960673364
76561197960673365
76561197960673366
76561197960673367
76561197960673369
76561197960673370
76561197960673371
76561197960673372
76561197960673373
76561197960673374
76561197960673375
76561197960673376
76561197960673377
76561197960673379
76561197960673380
76561197960673383
76561197960673384
76561197960673386
76561197960673387
76561197960673388
76561197960673389
76561197960673390
76561197960673391
76561197960673392
76561197960673393
76561197960673394
76561197960673395
76561197960673396
76561197960673397
76561197960673398
76561197960673399
76561197960673400
76561197960673401
76561197960673402
76561197960673403
76561197960673404
76561197960673405
76561197960673406
76561197960673407
76561197960673408
76561197960673409
76561197960673410
76561197960673411
76561197960673412
76561197960673413
76561197960673414
76561197960673415
76561197960673416
76561197960673418
76561197960673419
76561197960673420
76561197960673422
76561197960673423
76561197960673424
76561197960673426
76561197960673428
76561197960673430
76561197960673431
76561197960673432
76561197960673433
76561197960673434
76561197960673435
76561197960673436
76561197960673439
76561197960673440
76561197960673442
76561197960673443
76561197960673444
76561197960673445
76561197960673446
76561197960673447
76561197960673449
76561197960673450
76561197960673451
76561197960673452
76561197960673454
76561197960673455
76561197960673456
76561197960673457
76561197960673458
76561197960673459
76561197960673460
76561197960673461
76561197960673462
76561197960673463
76561197960673464
76561197960673465
76561197960673466
76561197960673467
76561197960673468
76561197960673469
76561197960673470
76561197960673471
76561197960673472
76561197960673473
76561197960673474
76561197960673476
76561197960673478
76561197960673479
76561197960673480
76561197960673481
76561197960673482
76561197960673483
76561197960673484
76561197960673486
76561197960673487
76561197960673489
76561197960673490
76561197960673491
76561197960673494
76561197960673495
76561197960673496
76561197960673497
76561197960673498
76561197960673499
76561197960673500
76561197960673501
76561197960673502
76561197960673503
76561197960673504
76561197960673505
76561197960673506
76561197960673507
76561197960673508
76561197960673509
76561197960673510
76561197960673512
76561197960673513
76561197960673514
76561197960673515
76561197960673516
76561197960673517
76561197960673518
76561197960673519
76561197960673520
76561197960673521
76561197960673522
76561197960673524
76561197960673525
76561197960673528
76561197960673529
76561197960673530
76561197960673532
76561197960673534
76561197960673536
76561197960673537
76561197960673538
76561197960673539
76561197960673540
76561197960673541
76561197960673542
76561197960673543
76561197960673545
76561197960673546
76561197960673547
76561197960673548
76561197960673549
76561197960673550
76561197960673551
76561197960673552
76561197960673553
76561197960673555
76561197960673556
76561197960673557
76561197960673558
76561197960673560
76561197960673564
76561197960673565
76561197960673566
76561197960673567
76561197960673568
76561197960673569
76561197960673570
76561197960673571
76561197960673572
76561197960673573
76561197960673574
76561197960673575
76561197960673576
76561197960673577
76561197960673580
76561197960673582
76561197960673583
76561197960673584
76561197960673586
76561197960673588
76561197960673589
76561197960673590
76561197960673591
76561197960673592
76561197960673593
76561197960673594
76561197960673595
76561197960673596
76561197960673597
76561197960673598
76561197960673599
76561197960673600
76561197960673601
76561197960673602
76561197960673605
76561197960673606
76561197960673607
76561197960673608
76561197960673609
76561197960673610
76561197960673611
76561197960673612
76561197960673613
76561197960673614
76561197960673615
76561197960673616
76561197960673617
76561197960673618
76561197960673619
76561197960673620
76561197960673621
76561197960673622
76561197960673623
76561197960673624
76561197960673625
76561197960673626
76561197960673627
76561197960673628
76561197960673629
76561197960673630
76561197960673631
76561197960673632
76561197960673633
76561197960673634
76561197960673635
76561197960673636
76561197960673637
76561197960673638
76561197960673639
76561197960673640
76561197960673641
76561197960673643
76561197960673645
76561197960673646
76561197960673647
76561197960673648
76561197960673649
76561197960673650
76561197960673651
76561197960673652
76561197960673653
76561197960673654
76561197960673655
76561197960673656
76561197960673657
76561197960673658
76561197960673661
76561197960673662
