76561197961359806
76561197961359807
76561197961359808
76561197961359809
76561197961359811
76561197961359812
76561197961359813
76561197961359814
76561197961359815
76561197961359816
76561197961359818
76561197961359819
76561197961359820
76561197961359823
76561197961359824
76561197961359825
76561197961359828
76561197961359829
76561197961359830
76561197961359837
76561197961359838
76561197961359839
76561197961359840
76561197961359843
76561197961359844
76561197961359845
76561197961359847
76561197961359848
76561197961359850
76561197961359852
76561197961359853
76561197961359855
76561197961359857
76561197961359858
76561197961359860
76561197961359861
76561197961359862
76561197961359863
76561197961359864
76561197961359865
76561197961359867
76561197961359870
76561197961359872
76561197961359876
76561197961359878
76561197961359880
76561197961359882
76561197961359883
76561197961359884
76561197961359887
76561197961359888
76561197961359889
76561197961359891
76561197961359896
76561197961359898
76561197961359899
76561197961359900
76561197961359901
76561197961359903
76561197961359904
76561197961359905
76561197961359906
76561197961359908
76561197961359909
76561197961359911
76561197961359912
76561197961359915
76561197961359916
76561197961359918
76561197961359920
76561197961359924
76561197961359925
76561197961359926
76561197961359927
76561197961359928
76561197961359929
76561197961359930
76561197961359931
76561197961359932
76561197961359933
76561197961359936
76561197961359937
76561197961359938
76561197961359945
76561197961359946
76561197961359947
76561197961359948
76561197961359949
76561197961359951
76561197961359953
76561197961359954
76561197961359955
76561197961359956
76561197961359957
76561197961359959
76561197961359960
76561197961359961
76561197961359962
76561197961359964
76561197961359965
76561197961359967
76561197961359968
76561197961359971
76561197961359974
76561197961359978
76561197961359980
76561197961359984
76561197961359987
76561197961359988
76561197961359989
76561197961359991
76561197961359993
76561197961359994
76561197961359996
76561197961359997
76561197961359998
76561197961359999
76561197961360000
76561197961360003
76561197961360004
76561197961360008
76561197961360011
76561197961360012
76561197961360015
76561197961360016
76561197961360017
76561197961360021
76561197961360022
76561197961360023
76561197961360024
76561197961360027
76561197961360028
76561197961360029
76561197961360031
76561197961360032
76561197961360033
76561197961360034
76561197961360035
76561197961360036
76561197961360037
76561197961360038
76561197961360039
76561197961360042
76561197961360043
76561197961360044
76561197961360045
76561197961360047
76561197961360050
76561197961360051
76561197961360053
76561197961360054
76561197961360071
76561197961360072
76561197961360156
76561197961360159
76561197961360179
76561197961360190
76561197961360212
76561197961360224
76561197961360226
76561197961360227
76561197961360228
76561197961360232
76561197961360233
76561197961360235
76561197961360236
76561197961360237
76561197961360238
76561197961360242
76561197961360244
76561197961360246
76561197961360247
76561197961360249
76561197961360250
76561197961360251
76561197961360253
76561197961360254
76561197961360255
76561197961360257
76561197961360259
76561197961360262
76561197961360263
76561197961360265
76561197961360268
76561197961360271
76561197961360272
76561197961360273
76561197961360275
76561197961360276
76561197961360277
76561197961360278
76561197961360280
76561197961360281
76561197961360284
76561197961360285
76561197961360286
76561197961360288
76561197961360290
76561197961360291
76561197961360292
76561197961360295
76561197961360296
76561197961360297
76561197961360298
76561197961360299
76561197961360300
76561197961360301
76561197961360302
76561197961360303
76561197961360305
76561197961360306
76561197961360309
76561197961360310
76561197961360311
76561197961360317
76561197961360318
76561197961360319
76561197961360320
76561197961360321
76561197961360324
76561197961360326
76561197961360327
76561197961360328
76561197961360330
76561197961360331
76561197961360332
76561197961360333
76561197961360334
76561197961360335
76561197961360338
76561197961360339
76561197961360340
76561197961360342
76561197961360343
76561197961360344
76561197961360345
76561197961360346
76561197961360354
76561197961360355
76561197961360356
76561197961360357
76561197961360358
76561197961360360
76561197961360361
76561197961360362
76561197961360364
76561197961360365
76561197961360366
76561197961360369
76561197961360372
76561197961360373
76561197961360377
76561197961360378
76561197961360379
76561197961360380
76561197961360382
76561197961360383
76561197961360386
76561197961360387
76561197961360389
76561197961360390
76561197961360392
76561197961360394
76561197961360396
76561197961360399
76561197961360403
76561197961360405
76561197961360406
76561197961360417
76561197961360418
76561197961360419
76561197961360421
76561197961360423
76561197961360425
76561197961360426
76561197961360427
76561197961360428
76561197961360430
76561197961360433
76561197961360436
76561197961360438
76561197961360440
76561197961360442
76561197961360443
76561197961360444
76561197961360445
76561197961360447
76561197961360448
76561197961360450
76561197961360452
76561197961360453
76561197961360454
76561197961360455
76561197961360456
76561197961360458
76561197961360459
76561197961360460
76561197961360463
76561197961360464
76561197961360466
76561197961360469
76561197961360470
76561197961360471
76561197961360472
76561197961360473
76561197961360474
76561197961360475
76561197961360477
76561197961360479
76561197961360481
76561197961360484
76561197961360485
76561197961360486
76561197961360487
76561197961360489
76561197961360491
76561197961360492
76561197961360493
76561197961360496
76561197961360497
76561197961360502
76561197961360503
76561197961360504
76561197961360506
76561197961360507
76561197961360509
76561197961360511
76561197961360512
76561197961360516
76561197961360517
76561197961360518
76561197961360521
76561197961360522
76561197961360524
76561197961360525
76561197961360527
76561197961360528
76561197961360530
76561197961360531
76561197961360535
76561197961360536
76561197961360537
76561197961360538
76561197961360539
76561197961360540
76561197961360541
76561197961360542
76561197961360543
76561197961360545
76561197961360547
76561197961360549
76561197961360550
76561197961360552
76561197961360554
76561197961360557
76561197961360560
76561197961360563
76561197961360565
76561197961360568
76561197961360569
76561197961360570
76561197961360571
76561197961360573
76561197961360574
76561197961360576
76561197961360578
76561197961360579
76561197961360580
76561197961360581
76561197961360582
76561197961360584
76561197961360586
76561197961360587
76561197961360589
76561197961360590
76561197961360591
76561197961360592
76561197961360593
76561197961360594
76561197961360596
76561197961360598
76561197961360599
76561197961360600
76561197961360601
76561197961360602
76561197961360603
76561197961360605
76561197961360606
76561197961360608
76561197961360609
76561197961360610
76561197961360612
76561197961360613
76561197961360614
76561197961360615
76561197961360616
76561197961360617
76561197961360620
76561197961360621
76561197961360623
76561197961360626
76561197961360628
76561197961360632
76561197961360633
76561197961360634
76561197961360635
76561197961360636
76561197961360637
76561197961360640
76561197961360642
76561197961360644
76561197961360645
76561197961360646
76561197961360648
76561197961360649
76561197961360650
76561197961360652
76561197961360653
76561197961360656
76561197961360657
76561197961360658
76561197961360661
76561197961360663
76561197961360665
76561197961360668
76561197961360670
76561197961360672
76561197961360673
76561197961360674
76561197961360676
76561197961360679
76561197961360681
76561197961360682
76561197961360684
76561197961360685
76561197961360687
76561197961360688
76561197961360690
76561197961360691
76561197961360694
76561197961360696
76561197961360699
76561197961360704
76561197961360705
76561197961360706
76561197961360707
76561197961360709
76561197961360711
76561197961360712
76561197961360713
76561197961360715
76561197961360718
76561197961360720
76561197961360721
76561197961360722
76561197961360724
76561197961360725
76561197961360727
76561197961360728
76561197961360729
76561197961360730
76561197961360731
76561197961360732
76561197961360733
76561197961360734
76561197961360735
76561197961360736
76561197961360738
76561197961360739
76561197961360740
76561197961360743
76561197961360744
76561197961360745
76561197961360747
76561197961360749
76561197961360751
76561197961360752
76561197961360753
76561197961360754
76561197961360756
76561197961360757
76561197961360758
76561197961360759
76561197961360761
76561197961360763
76561197961360765
76561197961360766
76561197961360767
76561197961360768
76561197961360769
76561197961360771
76561197961360773
76561197961360775
76561197961360776
76561197961360778
76561197961360779
76561197961360782
76561197961360783
76561197961360787
76561197961360789
76561197961360793
76561197961360795
76561197961360796
76561197961360797
76561197961360798
76561197961360800
76561197961360801
76561197961360802
76561197961360803
76561197961360804
76561197961360805
76561197961360806
76561197961360807
76561197961360811
76561197961360812
76561197961360814
76561197961360815
76561197961360816
76561197961360818
76561197961360821
76561197961360822
76561197961360823
76561197961360824
76561197961360825
76561197961360826
76561197961360827
76561197961360829
76561197961360830
76561197961360831
76561197961360832
76561197961360835
76561197961360836
76561197961360837
76561197961360839
76561197961360840
76561197961360843
76561197961360844
76561197961360846
76561197961360847
76561197961360850
76561197961360853
76561197961360854
76561197961360857
76561197961360858
76561197961360859
76561197961360860
76561197961360861
76561197961360864
76561197961360865
76561197961360866
76561197961360867
76561197961360869
76561197961360870
76561197961360871
76561197961360872
76561197961360873
76561197961360874
76561197961360875
76561197961360877
76561197961360878
76561197961360879
76561197961360880
76561197961360882
76561197961360885
76561197961360887
76561197961360890
76561197961360891
76561197961360892
76561197961360895
76561197961360896
76561197961360897
76561197961360899
76561197961360901
76561197961360902
76561197961360903
76561197961360905
76561197961360906
76561197961360907
76561197961360909
76561197961360910
76561197961360912
76561197961360914
76561197961360915
76561197961360916
76561197961360918
76561197961360920
76561197961360921
76561197961360922
76561197961360925
76561197961360926
76561197961360929
76561197961360930
76561197961360931
76561197961360932
76561197961360933
76561197961360934
76561197961360935
76561197961360938
76561197961360939
76561197961360940
76561197961360942
76561197961360944
76561197961360945
76561197961360947
76561197961360948
76561197961360949
76561197961360951
76561197961360952
76561197961360953
76561197961360954
76561197961360955
76561197961360956
76561197961360958
76561197961360960
76561197961360961
76561197961360962
76561197961360964
76561197961360965
76561197961360966
76561197961360967
76561197961360969
76561197961360971
76561197961360972
76561197961360973
76561197961360976
76561197961360977
76561197961360978
76561197961360979
76561197961360980
76561197961360981
76561197961360982
76561197961360983
76561197961360984
76561197961360986
76561197961360987
76561197961360988
76561197961360989
76561197961360990
76561197961360993
76561197961360995
76561197961360997
76561197961361000
76561197961361001
76561197961361002
76561197961361003
76561197961361005
76561197961361006
76561197961361008
76561197961361009
76561197961361011
76561197961361014
76561197961361015
76561197961361019
76561197961361021
76561197961361023
76561197961361024
76561197961361026
76561197961361027
76561197961361028
76561197961361030
76561197961361032
76561197961361033
76561197961361034
76561197961361035
76561197961361037
76561197961361038
76561197961361039
76561197961361040
76561197961361043
76561197961361044
76561197961361048
76561197961361049
76561197961361050
76561197961361051
76561197961361052
76561197961361057
76561197961361062
76561197961361063
76561197961361064
76561197961361065
76561197961361066
76561197961361068
76561197961361071
76561197961361072
76561197961361073
76561197961361074
76561197961361075
76561197961361076
76561197961361077
76561197961361078
76561197961361079
76561197961361081
76561197961361082
76561197961361087
76561197961361088
76561197961361089
76561197961361090
76561197961361093
76561197961361094
76561197961361095
76561197961361096
76561197961361097
76561197961361098
76561197961361099
76561197961361102
76561197961361103
76561197961361104
76561197961361105
76561197961361107
76561197961361109
76561197961361113
76561197961361115
76561197961361116
76561197961361118
76561197961361122
76561197961361123
76561197961361124
76561197961361125
76561197961361126
76561197961361128
76561197961361130
76561197961361131
76561197961361133
76561197961361134
76561197961361135
76561197961361136
76561197961361137
76561197961361138
76561197961361139
76561197961361140
76561197961361141
76561197961361143
76561197961361145
76561197961361146
76561197961361147
76561197961361148
76561197961361150
76561197961361152
76561197961361156
76561197961361158
76561197961361159
76561197961361160
76561197961361161
76561197961361162
76561197961361163
76561197961361164
76561197961361165
76561197961361171
76561197961361172
76561197961361173
76561197961361174
76561197961361175
76561197961361176
76561197961361181
76561197961361185
76561197961361186
76561197961361187
76561197961361191
76561197961361193
76561197961361194
76561197961361195
76561197961361197
76561197961361199
76561197961361200
76561197961361201
76561197961361202
76561197961361203
76561197961361204
76561197961361205
76561197961361206
76561197961361207
76561197961361208
76561197961361209
76561197961361210
76561197961361213
76561197961361216
76561197961361217
76561197961361218
76561197961361220
76561197961361221
76561197961361222
76561197961361224
76561197961361226
76561197961361228
76561197961361229
76561197961361230
76561197961361231
76561197961361232
76561197961361233
76561197961361235
76561197961361236
76561197961361238
76561197961361242
76561197961361243
76561197961361244
76561197961361245
76561197961361248
76561197961361249
76561197961361250
76561197961361251
76561197961361253
76561197961361255
76561197961361256
76561197961361257
76561197961361258
76561197961361262
76561197961361264
76561197961361265
76561197961361266
76561197961361267
76561197961361268
76561197961361269
76561197961361270
76561197961361271
76561197961361272
76561197961361273
76561197961361274
76561197961361275
76561197961361277
76561197961361278
76561197961361279
76561197961361282
76561197961361285
76561197961361286
76561197961361287
76561197961361288
76561197961361289
76561197961361290
76561197961361292
76561197961361293
76561197961361294
76561197961361296
76561197961361297
76561197961361300
76561197961361301
76561197961361302
76561197961361303
76561197961361304
76561197961361306
76561197961361309
76561197961361310
76561197961361316
76561197961361319
76561197961361321
76561197961361328
76561197961361330
76561197961361334
76561197961361336
76561197961361337
76561197961361338
76561197961361341
76561197961361342
76561197961361343
76561197961361344
76561197961361345
76561197961361346
76561197961361349
76561197961361352
76561197961361354
76561197961361355
76561197961361356
76561197961361357
76561197961361359
76561197961361361
76561197961361362
76561197961361363
76561197961361364
76561197961361365
76561197961361367
76561197961361368
76561197961361370
76561197961361371
76561197961361372
76561197961361373
76561197961361375
76561197961361376
76561197961361377
76561197961361378
76561197961361379
76561197961361381
76561197961361382
76561197961361385
76561197961361386
76561197961361388
76561197961361389
76561197961361390
76561197961361391
76561197961361393
76561197961361395
76561197961361397
76561197961361398
76561197961361399
76561197961361402
76561197961361403
76561197961361404
76561197961361406
76561197961361408
76561197961361410
76561197961361411
76561197961361412
76561197961361413
76561197961361414
76561197961361416
76561197961361419
76561197961361420
76561197961361422
76561197961361423
76561197961361424
76561197961361425
76561197961361428
76561197961361429
76561197961361432
76561197961361439
76561197961361440
76561197961361442
76561197961361443
76561197961361448
76561197961361449
76561197961361450
76561197961361451
76561197961361452
76561197961361453
76561197961361455
76561197961361456
76561197961361458
76561197961361459
76561197961361460
76561197961361461
76561197961361462
76561197961361464
76561197961361465
76561197961361467
76561197961361468
76561197961361469
76561197961361470
76561197961361472
76561197961361474
76561197961361476
76561197961361477
76561197961361478
76561197961361480
76561197961361481
76561197961361483
76561197961361484
76561197961361486
76561197961361487
76561197961361488
76561197961361489
76561197961361491
76561197961361492
76561197961361493
76561197961361494
76561197961361496
76561197961361498
76561197961361499
76561197961361500
76561197961361502
76561197961361503
76561197961361504
76561197961361505
76561197961361508
76561197961361509
76561197961361510
76561197961361511
76561197961361514
76561197961361515
76561197961361516
76561197961361518
76561197961361519
76561197961361522
76561197961361523
76561197961361525
76561197961361526
76561197961361528
76561197961361529
76561197961361531
76561197961361532
76561197961361535
76561197961361536
76561197961361539
76561197961361540
76561197961361541
76561197961361542
76561197961361543
76561197961361544
76561197961361545
76561197961361547
76561197961361548
76561197961361550
76561197961361552
76561197961361553
76561197961361554
76561197961361555
76561197961361556
76561197961361558
76561197961361559
76561197961361561
76561197961361562
76561197961361563
76561197961361565
