76561197960288560
76561197960288561
76561197960288562
76561197960288563
76561197960288564
76561197960288565
76561197960288566
76561197960288567
76561197960288568
76561197960288569
76561197960288570
76561197960288571
76561197960288572
76561197960288573
76561197960288574
76561197960288575
76561197960288576
76561197960288577
76561197960288578
76561197960288579
76561197960288580
76561197960288581
76561197960288582
76561197960288583
76561197960288585
76561197960288586
76561197960288587
76561197960288588
76561197960288589
76561197960288590
76561197960288591
76561197960288593
76561197960288594
76561197960288595
76561197960288596
76561197960288597
76561197960288598
76561197960288599
76561197960288600
76561197960288601
76561197960288602
76561197960288603
76561197960288604
76561197960288605
76561197960288606
76561197960288607
76561197960288608
76561197960288609
76561197960288610
76561197960288611
76561197960288612
76561197960288613
76561197960288614
76561197960288615
76561197960288616
76561197960288618
76561197960288619
76561197960288620
76561197960288621
76561197960288622
76561197960288623
76561197960288624
76561197960288625
76561197960288626
76561197960288627
76561197960288628
76561197960288629
76561197960288630
76561197960288631
76561197960288632
76561197960288633
76561197960288634
76561197960288635
76561197960288636
76561197960288637
76561197960288638
76561197960288639
76561197960288641
76561197960288642
76561197960288643
76561197960288644
76561197960288645
76561197960288646
76561197960288647
76561197960288648
76561197960288649
76561197960288650
76561197960288651
76561197960288652
76561197960288653
76561197960288655
76561197960288656
76561197960288657
76561197960288658
76561197960288659
76561197960288660
76561197960288661
76561197960288662
76561197960288663
76561197960288664
76561197960288665
76561197960288666
76561197960288667
76561197960288668
76561197960288669
76561197960288670
76561197960288671
76561197960288672
76561197960288673
76561197960288674
76561197960288675
76561197960288676
76561197960288677
76561197960288678
76561197960288679
76561197960288680
76561197960288681
76561197960288683
76561197960288684
76561197960288685
76561197960288686
76561197960288687
76561197960288688
76561197960288689
76561197960288690
76561197960288691
76561197960288692
76561197960288693
76561197960288695
76561197960288696
76561197960288698
76561197960288699
76561197960288700
76561197960288701
76561197960288703
76561197960288704
76561197960288705
76561197960288706
76561197960288708
76561197960288709
76561197960288710
76561197960288711
76561197960288712
76561197960288713
76561197960288714
76561197960288715
76561197960288716
76561197960288717
76561197960288718
76561197960288719
76561197960288722
76561197960288723
76561197960288724
76561197960288725
76561197960288726
76561197960288727
76561197960288728
76561197960288729
76561197960288730
76561197960288731
76561197960288732
76561197960288733
76561197960288734
76561197960288735
76561197960288736
76561197960288737
76561197960288738
76561197960288739
76561197960288740
76561197960288742
76561197960288743
76561197960288744
76561197960288745
76561197960288746
76561197960288747
76561197960288748
76561197960288749
76561197960288750
76561197960288751
76561197960288752
76561197960288753
76561197960288754
76561197960288755
76561197960288756
76561197960288757
76561197960288759
76561197960288760
76561197960288761
76561197960288762
76561197960288763
76561197960288764
76561197960288765
76561197960288766
76561197960288767
76561197960288768
76561197960288769
76561197960288770
76561197960288771
76561197960288772
76561197960288773
76561197960288774
76561197960288775
76561197960288776
76561197960288777
76561197960288778
76561197960288779
76561197960288781
76561197960288782
76561197960288783
76561197960288784
76561197960288785
76561197960288786
76561197960288787
76561197960288789
76561197960288790
76561197960288791
76561197960288792
76561197960288793
76561197960288794
76561197960288795
76561197960288796
76561197960288797
76561197960288798
76561197960288799
76561197960288800
76561197960288801
76561197960288802
76561197960288803
76561197960288804
76561197960288805
76561197960288806
76561197960288807
76561197960288808
76561197960288809
76561197960288810
76561197960288812
76561197960288813
76561197960288814
76561197960288815
76561197960288816
76561197960288817
76561197960288819
76561197960288820
76561197960288821
76561197960288823
76561197960288824
76561197960288825
76561197960288826
76561197960288827
76561197960288828
76561197960288829
76561197960288830
76561197960288831
76561197960288832
76561197960288833
76561197960288836
76561197960288837
76561197960288838
76561197960288839
76561197960288840
76561197960288841
76561197960288842
76561197960288843
76561197960288844
76561197960288846
76561197960288847
76561197960288848
76561197960288849
76561197960288850
76561197960288851
76561197960288852
76561197960288854
76561197960288856
76561197960288857
76561197960288858
76561197960288859
76561197960288860
76561197960288861
76561197960288862
76561197960288863
76561197960288864
76561197960288865
76561197960288866
76561197960288867
76561197960288868
76561197960288870
76561197960288871
76561197960288872
76561197960288873
76561197960288874
76561197960288876
76561197960288877
76561197960288878
76561197960288879
76561197960288880
76561197960288881
76561197960288882
76561197960288883
76561197960288884
76561197960288885
76561197960288886
76561197960288887
76561197960288888
76561197960288889
76561197960288890
76561197960288891
76561197960288893
76561197960288894
76561197960288895
76561197960288896
76561197960288897
76561197960288898
76561197960288899
76561197960288901
76561197960288902
76561197960288903
76561197960288904
76561197960288905
76561197960288906
76561197960288907
76561197960288908
76561197960288909
76561197960288910
76561197960288911
76561197960288912
76561197960288913
76561197960288914
76561197960288915
76561197960288916
76561197960288917
76561197960288918
76561197960288919
76561197960288920
76561197960288921
76561197960288922
76561197960288923
76561197960288924
76561197960288925
76561197960288926
76561197960288927
76561197960288928
76561197960288929
76561197960288930
76561197960288931
76561197960288932
76561197960288933
76561197960288934
76561197960288935
76561197960288936
76561197960288937
76561197960288938
76561197960288939
76561197960288940
76561197960288941
76561197960288942
76561197960288943
76561197960288944
76561197960288947
76561197960288949
76561197960288950
76561197960288951
76561197960288952
76561197960288953
76561197960288954
76561197960288955
76561197960288957
76561197960288958
76561197960288959
76561197960288962
76561197960288963
76561197960288966
76561197960288967
76561197960288968
76561197960288969
76561197960288970
76561197960288971
76561197960288972
76561197960288973
76561197960288974
76561197960288975
76561197960288976
76561197960288977
76561197960288980
76561197960288981
76561197960288983
76561197960288984
76561197960288985
76561197960288986
76561197960288987
76561197960288988
76561197960288989
76561197960288990
76561197960288991
76561197960288992
76561197960288993
76561197960288994
76561197960288995
76561197960288996
76561197960288997
76561197960288998
76561197960288999
76561197960289000
76561197960289002
76561197960289003
76561197960289004
76561197960289005
76561197960289006
76561197960289007
76561197960289008
76561197960289009
76561197960289010
76561197960289011
76561197960289012
76561197960289014
76561197960289016
76561197960289017
76561197960289020
76561197960289021
76561197960289022
76561197960289023
76561197960289024
76561197960289025
76561197960289026
76561197960289028
76561197960289029
76561197960289030
76561197960289031
76561197960289032
76561197960289033
76561197960289034
76561197960289035
76561197960289036
76561197960289038
76561197960289039
76561197960289040
76561197960289041
76561197960289043
76561197960289044
76561197960289045
76561197960289046
76561197960289047
76561197960289048
76561197960289049
76561197960289050
76561197960289051
76561197960289052
76561197960289053
76561197960289054
76561197960289055
76561197960289056
76561197960289057
76561197960289058
76561197960289059
76561197960289060
76561197960289061
76561197960289062
76561197960289063
76561197960289064
76561197960289065
76561197960289066
76561197960289068
76561197960289070
76561197960289071
76561197960289072
76561197960289073
76561197960289074
76561197960289076
76561197960289077
76561197960289078
76561197960289080
76561197960289081
76561197960289082
76561197960289083
76561197960289084
76561197960289085
76561197960289086
76561197960289087
76561197960289088
76561197960289089
76561197960289090
76561197960289091
76561197960289092
76561197960289093
76561197960289094
76561197960289095
76561197960289097
76561197960289098
76561197960289099
76561197960289101
76561197960289102
76561197960289104
76561197960289105
76561197960289106
76561197960289107
76561197960289108
76561197960289109
76561197960289110
76561197960289111
76561197960289112
76561197960289113
76561197960289114
76561197960289115
76561197960289116
76561197960289117
76561197960289118
76561197960289119
76561197960289120
76561197960289121
76561197960289122
76561197960289123
76561197960289124
76561197960289125
76561197960289126
76561197960289127
76561197960289128
76561197960289129
76561197960289130
76561197960289131
76561197960289132
76561197960289133
76561197960289135
76561197960289136
76561197960289137
76561197960289138
76561197960289139
76561197960289141
76561197960289142
76561197960289143
76561197960289144
76561197960289145
76561197960289146
76561197960289147
76561197960289148
76561197960289149
76561197960289152
76561197960289154
76561197960289156
76561197960289157
76561197960289158
76561197960289159
76561197960289160
76561197960289161
76561197960289162
76561197960289163
76561197960289164
76561197960289165
76561197960289166
76561197960289167
76561197960289168
76561197960289170
76561197960289171
76561197960289172
76561197960289173
76561197960289174
76561197960289175
76561197960289176
76561197960289177
76561197960289178
76561197960289179
76561197960289181
76561197960289182
76561197960289184
76561197960289185
76561197960289186
76561197960289188
76561197960289189
76561197960289190
76561197960289191
76561197960289192
76561197960289193
76561197960289194
76561197960289195
76561197960289196
76561197960289197
76561197960289198
76561197960289199
76561197960289200
76561197960289201
76561197960289202
76561197960289203
76561197960289204
76561197960289205
76561197960289206
76561197960289207
76561197960289208
76561197960289209
76561197960289212
76561197960289213
76561197960289214
76561197960289216
76561197960289217
76561197960289218
76561197960289219
76561197960289220
76561197960289221
76561197960289222
76561197960289223
76561197960289224
76561197960289225
76561197960289226
76561197960289227
76561197960289228
76561197960289229
76561197960289231
76561197960289233
76561197960289234
76561197960289235
76561197960289236
76561197960289237
76561197960289238
76561197960289239
76561197960289240
76561197960289241
76561197960289242
76561197960289243
76561197960289244
76561197960289245
76561197960289246
76561197960289247
76561197960289248
76561197960289249
76561197960289250
76561197960289251
76561197960289252
76561197960289253
76561197960289254
76561197960289257
76561197960289258
76561197960289259
76561197960289260
76561197960289261
76561197960289262
76561197960289263
76561197960289264
76561197960289265
76561197960289266
76561197960289267
76561197960289268
76561197960289269
76561197960289270
76561197960289271
76561197960289273
76561197960289274
76561197960289276
76561197960289277
76561197960289278
76561197960289279
76561197960289280
76561197960289282
76561197960289283
76561197960289284
76561197960289285
76561197960289287
76561197960289288
76561197960289289
76561197960289290
76561197960289291
76561197960289292
76561197960289293
76561197960289294
76561197960289295
76561197960289296
76561197960289297
76561197960289298
76561197960289299
76561197960289300
76561197960289303
76561197960289304
76561197960289305
76561197960289306
76561197960289307
76561197960289308
76561197960289310
76561197960289311
76561197960289312
76561197960289313
76561197960289314
76561197960289315
76561197960289316
76561197960289317
76561197960289318
76561197960289319
76561197960289320
76561197960289321
76561197960289322
76561197960289323
76561197960289324
76561197960289325
76561197960289326
76561197960289327
76561197960289328
76561197960289330
76561197960289331
76561197960289332
76561197960289333
76561197960289334
76561197960289335
76561197960289336
76561197960289337
76561197960289338
76561197960289339
76561197960289341
76561197960289342
76561197960289343
76561197960289344
76561197960289345
76561197960289346
76561197960289347
76561197960289348
76561197960289349
76561197960289350
76561197960289351
76561197960289352
76561197960289353
76561197960289354
76561197960289355
76561197960289356
76561197960289357
76561197960289359
76561197960289360
76561197960289361
76561197960289362
76561197960289363
76561197960289364
76561197960289365
76561197960289366
76561197960289367
76561197960289368
76561197960289369
76561197960289370
76561197960289371
76561197960289372
76561197960289373
76561197960289374
76561197960289376
76561197960289377
76561197960289378
76561197960289379
76561197960289380
76561197960289381
76561197960289382
76561197960289383
76561197960289384
76561197960289385
76561197960289386
76561197960289387
76561197960289388
76561197960289389
76561197960289390
76561197960289391
76561197960289393
76561197960289394
76561197960289395
76561197960289396
76561197960289397
76561197960289398
76561197960289399
76561197960289400
76561197960289401
76561197960289402
76561197960289404
76561197960289405
76561197960289406
76561197960289407
76561197960289408
76561197960289409
76561197960289410
76561197960289411
76561197960289412
76561197960289413
76561197960289414
76561197960289415
76561197960289416
76561197960289417
76561197960289418
76561197960289419
76561197960289420
76561197960289421
76561197960289422
76561197960289423
76561197960289424
76561197960289425
76561197960289426
76561197960289427
76561197960289428
76561197960289429
76561197960289430
76561197960289431
76561197960289432
76561197960289433
76561197960289434
76561197960289435
76561197960289436
76561197960289437
76561197960289439
76561197960289440
76561197960289441
76561197960289442
76561197960289443
76561197960289444
76561197960289445
76561197960289446
76561197960289448
76561197960289449
76561197960289450
76561197960289451
76561197960289452
76561197960289454
76561197960289455
76561197960289456
76561197960289457
76561197960289458
76561197960289459
76561197960289460
76561197960289461
76561197960289462
76561197960289463
76561197960289464
76561197960289465
76561197960289466
76561197960289467
76561197960289468
76561197960289469
76561197960289471
76561197960289472
76561197960289473
76561197960289474
76561197960289475
76561197960289476
76561197960289477
76561197960289479
76561197960289480
76561197960289481
76561197960289482
76561197960289483
76561197960289484
76561197960289485
76561197960289486
76561197960289487
76561197960289488
76561197960289489
76561197960289490
76561197960289491
76561197960289493
76561197960289494
76561197960289495
76561197960289496
76561197960289497
76561197960289498
76561197960289499
76561197960289502
76561197960289503
76561197960289504
76561197960289505
76561197960289506
76561197960289508
76561197960289509
76561197960289510
76561197960289511
76561197960289512
76561197960289513
76561197960289514
76561197960289515
76561197960289516
76561197960289517
76561197960289518
76561197960289519
76561197960289521
76561197960289522
76561197960289523
76561197960289524
76561197960289525
76561197960289526
76561197960289527
76561197960289528
76561197960289529
76561197960289530
76561197960289531
76561197960289532
76561197960289533
76561197960289534
76561197960289535
76561197960289536
76561197960289537
76561197960289538
76561197960289539
76561197960289540
76561197960289542
76561197960289543
76561197960289544
76561197960289545
76561197960289546
76561197960289547
76561197960289548
76561197960289549
76561197960289550
76561197960289551
76561197960289552
76561197960289553
76561197960289554
76561197960289555
76561197960289556
76561197960289557
76561197960289558
76561197960289559
76561197960289560
76561197960289561
76561197960289562
76561197960289563
76561197960289564
76561197960289565
76561197960289566
76561197960289567
76561197960289568
76561197960289569
76561197960289570
76561197960289571
76561197960289572
76561197960289573
76561197960289574
76561197960289575
76561197960289576
76561197960289577
76561197960289578
76561197960289579
76561197960289580
76561197960289581
76561197960289582
76561197960289583
76561197960289584
76561197960289585
76561197960289586
76561197960289587
76561197960289588
76561197960289589
76561197960289590
76561197960289591
76561197960289592
76561197960289593
76561197960289594
76561197960289595
76561197960289596
76561197960289597
76561197960289599
76561197960289600
76561197960289601
76561197960289602
76561197960289603
76561197960289604
76561197960289605
76561197960289606
76561197960289607
76561197960289608
76561197960289609
76561197960289610
76561197960289611
76561197960289612
76561197960289613
76561197960289614
76561197960289615
76561197960289616
76561197960289617
76561197960289618
76561197960289619
76561197960289620
76561197960289621
76561197960289622
76561197960289623
76561197960289624
76561197960289625
76561197960289626
76561197960289628
76561197960289629
76561197960289630
76561197960289631
76561197960289632
76561197960289633
76561197960289634
76561197960289635
76561197960289636
76561197960289637
76561197960289638
76561197960289639
76561197960289640
76561197960289641
76561197960289642
76561197960289643
76561197960289644
76561197960289645
76561197960289647
76561197960289648
76561197960289649
76561197960289650
76561197960289651
76561197960289652
76561197960289653
76561197960289654
76561197960289655
76561197960289656
76561197960289657
