76561197960476448
76561197960476449
76561197960476450
76561197960476451
76561197960476452
76561197960476453
76561197960476454
76561197960476456
76561197960476458
76561197960476459
76561197960476460
76561197960476462
76561197960476464
76561197960476465
76561197960476466
76561197960476467
76561197960476469
76561197960476470
76561197960476471
76561197960476472
76561197960476473
76561197960476474
76561197960476475
76561197960476476
76561197960476477
76561197960476478
76561197960476480
76561197960476481
76561197960476482
76561197960476483
76561197960476484
76561197960476486
76561197960476487
76561197960476488
76561197960476489
76561197960476490
76561197960476491
76561197960476492
76561197960476493
76561197960476494
76561197960476496
76561197960476497
76561197960476498
76561197960476499
76561197960476500
76561197960476501
76561197960476502
76561197960476503
76561197960476505
76561197960476506
76561197960476507
76561197960476509
76561197960476510
76561197960476511
76561197960476512
76561197960476513
76561197960476514
76561197960476515
76561197960476518
76561197960476519
76561197960476520
76561197960476521
76561197960476523
76561197960476524
76561197960476526
76561197960476527
76561197960476529
76561197960476530
76561197960476531
76561197960476532
76561197960476533
76561197960476534
76561197960476536
76561197960476537
76561197960476538
76561197960476539
76561197960476540
76561197960476541
76561197960476542
76561197960476544
76561197960476545
76561197960476546
76561197960476547
76561197960476549
76561197960476550
76561197960476551
76561197960476552
76561197960476553
76561197960476554
76561197960476555
76561197960476556
76561197960476557
76561197960476558
76561197960476559
76561197960476560
76561197960476561
76561197960476563
76561197960476564
76561197960476565
76561197960476566
76561197960476567
76561197960476568
76561197960476569
76561197960476570
76561197960476571
76561197960476572
76561197960476575
76561197960476576
76561197960476577
76561197960476578
76561197960476579
76561197960476580
76561197960476581
76561197960476582
76561197960476583
76561197960476584
76561197960476585
76561197960476586
76561197960476587
76561197960476588
76561197960476589
76561197960476590
76561197960476591
76561197960476592
76561197960476593
76561197960476594
76561197960476595
76561197960476596
76561197960476597
76561197960476599
76561197960476601
76561197960476602
76561197960476603
76561197960476604
76561197960476605
76561197960476607
76561197960476608
76561197960476610
76561197960476611
76561197960476612
76561197960476613
76561197960476614
76561197960476616
76561197960476617
76561197960476618
76561197960476619
76561197960476620
76561197960476621
76561197960476622
76561197960476624
76561197960476625
76561197960476626
76561197960476627
76561197960476628
76561197960476629
76561197960476630
76561197960476631
76561197960476632
76561197960476633
76561197960476635
76561197960476636
76561197960476637
76561197960476638
76561197960476639
76561197960476640
76561197960476641
76561197960476643
76561197960476644
76561197960476645
76561197960476646
76561197960476647
76561197960476648
76561197960476649
76561197960476652
76561197960476653
76561197960476654
76561197960476657
76561197960476658
76561197960476659
76561197960476660
76561197960476661
76561197960476662
76561197960476664
76561197960476666
76561197960476667
76561197960476668
76561197960476669
76561197960476670
76561197960476671
76561197960476672
76561197960476673
76561197960476674
76561197960476677
76561197960476678
76561197960476679
76561197960476680
76561197960476683
76561197960476685
76561197960476686
76561197960476687
76561197960476688
76561197960476689
76561197960476690
76561197960476691
76561197960476692
76561197960476694
76561197960476697
76561197960476698
76561197960476699
76561197960476700
76561197960476701
76561197960476702
76561197960476703
76561197960476704
76561197960476705
76561197960476706
76561197960476707
76561197960476709
76561197960476710
76561197960476711
76561197960476712
76561197960476713
76561197960476714
76561197960476715
76561197960476716
76561197960476717
76561197960476721
76561197960476722
76561197960476723
76561197960476724
76561197960476725
76561197960476727
76561197960476728
76561197960476729
76561197960476730
76561197960476732
76561197960476733
76561197960476734
76561197960476735
76561197960476736
76561197960476737
76561197960476738
76561197960476739
76561197960476740
76561197960476741
76561197960476742
76561197960476743
76561197960476744
76561197960476745
76561197960476746
76561197960476747
76561197960476748
76561197960476751
76561197960476752
76561197960476753
76561197960476754
76561197960476755
76561197960476756
76561197960476757
76561197960476759
76561197960476763
76561197960476764
76561197960476766
76561197960476767
76561197960476768
76561197960476769
76561197960476770
76561197960476771
76561197960476772
76561197960476773
76561197960476774
76561197960476775
76561197960476776
76561197960476777
76561197960476778
76561197960476780
76561197960476781
76561197960476782
76561197960476783
76561197960476784
76561197960476785
76561197960476786
76561197960476787
76561197960476789
76561197960476790
76561197960476791
76561197960476792
76561197960476793
76561197960476794
76561197960476795
76561197960476796
76561197960476797
76561197960476798
76561197960476800
76561197960476801
76561197960476802
76561197960476803
76561197960476804
76561197960476805
76561197960476806
76561197960476807
76561197960476808
76561197960476809
76561197960476810
76561197960476812
76561197960476813
76561197960476814
76561197960476816
76561197960476818
76561197960476819
76561197960476820
76561197960476821
76561197960476822
76561197960476823
76561197960476824
76561197960476825
76561197960476826
76561197960476829
76561197960476831
76561197960476832
76561197960476833
76561197960476836
76561197960476837
76561197960476838
76561197960476839
76561197960476840
76561197960476841
76561197960476842
76561197960476843
76561197960476844
76561197960476845
76561197960476847
76561197960476849
76561197960476850
76561197960476851
76561197960476852
76561197960476853
76561197960476854
76561197960476855
76561197960476856
76561197960476857
76561197960476858
76561197960476859
76561197960476861
76561197960476862
76561197960476863
76561197960476864
76561197960476866
76561197960476867
76561197960476868
76561197960476869
76561197960476870
76561197960476871
76561197960476872
76561197960476873
76561197960476874
76561197960476875
76561197960476876
76561197960476880
76561197960476881
76561197960476882
76561197960476883
76561197960476884
76561197960476885
76561197960476886
76561197960476887
76561197960476888
76561197960476889
76561197960476890
76561197960476891
76561197960476892
76561197960476893
76561197960476894
76561197960476895
76561197960476896
76561197960476897
76561197960476898
76561197960476899
76561197960476900
76561197960476901
76561197960476902
76561197960476904
76561197960476905
76561197960476906
76561197960476909
76561197960476910
76561197960476911
76561197960476913
76561197960476914
76561197960476915
76561197960476916
76561197960476917
76561197960476919
76561197960476920
76561197960476921
76561197960476923
76561197960476924
76561197960476925
76561197960476926
76561197960476928
76561197960476929
76561197960476930
76561197960476931
76561197960476932
76561197960476933
76561197960476934
76561197960476935
76561197960476936
76561197960476938
76561197960476939
76561197960476940
76561197960476941
76561197960476942
76561197960476943
76561197960476944
76561197960476945
76561197960476946
76561197960476947
76561197960476948
76561197960476949
76561197960476950
76561197960476951
76561197960476953
76561197960476954
76561197960476956
76561197960476957
76561197960476958
76561197960476960
76561197960476961
76561197960476962
76561197960476963
76561197960476964
76561197960476965
76561197960476967
76561197960476968
76561197960476969
76561197960476970
76561197960476971
76561197960476972
76561197960476974
76561197960476975
76561197960476976
76561197960476979
76561197960476980
76561197960476981
76561197960476982
76561197960476983
76561197960476984
76561197960476985
76561197960476986
76561197960476987
76561197960476988
76561197960476989
76561197960476990
76561197960476991
76561197960476992
76561197960476993
76561197960476994
76561197960476995
76561197960476996
76561197960476998
76561197960476999
76561197960477000
76561197960477001
76561197960477002
76561197960477003
76561197960477004
76561197960477005
76561197960477006
76561197960477007
76561197960477008
76561197960477009
76561197960477010
76561197960477011
76561197960477012
76561197960477013
76561197960477014
76561197960477015
76561197960477016
76561197960477018
76561197960477020
76561197960477021
76561197960477022
76561197960477023
76561197960477024
76561197960477025
76561197960477026
76561197960477028
76561197960477029
76561197960477030
76561197960477031
76561197960477032
76561197960477033
76561197960477034
76561197960477035
76561197960477036
76561197960477037
76561197960477038
76561197960477039
76561197960477040
76561197960477041
76561197960477042
76561197960477043
76561197960477044
76561197960477045
76561197960477046
76561197960477048
76561197960477049
76561197960477051
76561197960477052
76561197960477053
76561197960477054
76561197960477055
76561197960477056
76561197960477057
76561197960477058
76561197960477060
76561197960477061
76561197960477062
76561197960477063
76561197960477064
76561197960477065
76561197960477066
76561197960477067
76561197960477068
76561197960477069
76561197960477070
76561197960477071
76561197960477073
76561197960477074
76561197960477075
76561197960477076
76561197960477077
76561197960477078
76561197960477079
76561197960477080
76561197960477081
76561197960477084
76561197960477085
76561197960477086
76561197960477087
76561197960477088
76561197960477089
76561197960477090
76561197960477091
76561197960477092
76561197960477093
76561197960477094
76561197960477095
76561197960477097
76561197960477098
76561197960477099
76561197960477130
76561197960477133
76561197960477146
76561197960477148
76561197960477194
76561197960477221
76561197960477223
76561197960488729
76561197960488756
76561197960488768
76561197960488780
76561197960488803
76561197960488810
76561197960488811
76561197960488812
76561197960488813
76561197960488815
76561197960488816
76561197960488817
76561197960488819
76561197960488820
76561197960488823
76561197960488826
76561197960488827
76561197960488828
76561197960488829
76561197960488830
76561197960488831
76561197960488832
76561197960488834
76561197960488837
76561197960488838
76561197960488842
76561197960488843
76561197960488844
76561197960488845
76561197960488846
76561197960488847
76561197960488850
76561197960488852
76561197960488853
76561197960488854
76561197960488855
76561197960488856
76561197960488857
76561197960488858
76561197960488859
76561197960488860
76561197960488863
76561197960488864
76561197960488865
76561197960488866
76561197960488867
76561197960488868
76561197960488870
76561197960488873
76561197960488874
76561197960488877
76561197960488878
76561197960488881
76561197960488883
76561197960488884
76561197960488885
76561197960488887
76561197960488890
76561197960488892
76561197960488893
76561197960488894
76561197960488895
76561197960488896
76561197960488897
76561197960488898
76561197960488899
76561197960488900
76561197960488901
76561197960488902
76561197960488904
76561197960488905
76561197960488906
76561197960488907
76561197960488909
76561197960488910
76561197960488911
76561197960488912
76561197960488913
76561197960488915
76561197960488916
76561197960488917
76561197960488918
76561197960488919
76561197960488920
76561197960488921
76561197960488922
76561197960488923
76561197960488924
76561197960488925
76561197960488926
76561197960488927
76561197960488928
76561197960488929
76561197960488930
76561197960488931
76561197960488933
76561197960488935
76561197960488936
76561197960488941
76561197960488942
76561197960488943
76561197960488944
76561197960488946
76561197960488948
76561197960488949
76561197960488950
76561197960488951
76561197960488952
76561197960488953
76561197960488956
76561197960488957
76561197960488959
76561197960488961
76561197960488963
76561197960488964
76561197960488967
76561197960488968
76561197960488972
76561197960488973
76561197960488975
76561197960488976
76561197960488978
76561197960488982
76561197960488983
76561197960488986
76561197960488987
76561197960488989
76561197960488990
76561197960488991
76561197960488992
76561197960488993
76561197960488994
76561197960488995
76561197960488997
76561197960488998
76561197960488999
76561197960489000
76561197960489001
76561197960489002
76561197960489005
76561197960489007
76561197960489008
76561197960489009
76561197960489010
76561197960489012
76561197960489013
76561197960489014
76561197960489015
76561197960489018
76561197960489019
76561197960489020
76561197960489021
76561197960489022
76561197960489024
76561197960489027
76561197960489028
76561197960489029
76561197960489030
76561197960489031
76561197960489032
76561197960489033
76561197960489034
76561197960489035
76561197960489037
76561197960489038
76561197960489039
76561197960489041
76561197960489042
76561197960489045
76561197960489046
76561197960489048
76561197960489049
76561197960489050
76561197960489051
76561197960489053
76561197960489055
76561197960489056
76561197960489057
76561197960489058
76561197960489059
76561197960489060
76561197960489061
76561197960489062
76561197960489063
76561197960489064
76561197960489065
76561197960489066
76561197960489067
76561197960489068
76561197960489069
76561197960489070
76561197960489071
76561197960489072
76561197960489073
76561197960489074
76561197960489077
76561197960489078
76561197960489079
76561197960489081
76561197960489082
76561197960489084
76561197960489085
76561197960489086
76561197960489087
76561197960489088
76561197960489089
76561197960489090
76561197960489091
76561197960489092
76561197960489094
76561197960489096
76561197960489097
76561197960489098
76561197960489099
76561197960489100
76561197960489101
76561197960489103
76561197960489106
76561197960489107
76561197960489108
76561197960489109
76561197960489110
76561197960489111
76561197960489112
76561197960489114
76561197960489115
76561197960489117
76561197960489118
76561197960489121
76561197960489122
76561197960489124
76561197960489125
76561197960489126
76561197960489128
76561197960489129
76561197960489130
76561197960489131
76561197960489132
76561197960489133
76561197960489135
76561197960489137
76561197960489139
76561197960489141
76561197960489142
76561197960489143
76561197960489144
76561197960489145
76561197960489146
76561197960489147
76561197960489151
76561197960489152
76561197960489153
76561197960489154
76561197960489155
76561197960489156
76561197960489157
76561197960489158
76561197960489159
76561197960489160
76561197960489161
76561197960489162
76561197960489165
76561197960489169
76561197960489170
76561197960489171
76561197960489173
76561197960489174
76561197960489175
76561197960489176
76561197960489178
76561197960489179
76561197960489182
76561197960489183
76561197960489184
76561197960489185
76561197960489186
76561197960489187
76561197960489190
76561197960489191
76561197960489193
76561197960489194
76561197960489195
76561197960489197
76561197960489198
76561197960489199
76561197960489200
76561197960489201
76561197960489202
76561197960489203
76561197960489204
76561197960489205
76561197960489206
76561197960489208
76561197960489209
76561197960489212
76561197960489213
76561197960489214
76561197960489217
76561197960489219
76561197960489220
76561197960489221
76561197960489222
76561197960489223
76561197960489224
76561197960489226
76561197960489227
76561197960489228
76561197960489229
76561197960489230
76561197960489231
76561197960489232
76561197960489233
76561197960489237
76561197960489238
76561197960489239
76561197960489241
76561197960489242
76561197960489243
76561197960489244
76561197960489246
76561197960489247
76561197960489248
76561197960489250
76561197960489253
76561197960489254
76561197960489255
76561197960489256
76561197960489258
76561197960489259
76561197960489260
76561197960489261
76561197960489262
76561197960489263
76561197960489264
76561197960489265
76561197960489266
76561197960489267
76561197960489268
76561197960489269
76561197960489270
76561197960489271
76561197960489272
76561197960489273
76561197960489274
76561197960489275
76561197960489276
76561197960489277
76561197960489278
76561197960489279
76561197960489280
76561197960489281
76561197960489283
76561197960489284
76561197960489285
76561197960489286
76561197960489287
76561197960489288
76561197960489289
76561197960489290
76561197960489291
76561197960489294
76561197960489296
76561197960489297
76561197960489298
76561197960489299
76561197960489301
76561197960489302
76561197960489303
76561197960489304
76561197960489305
76561197960489306
76561197960489307
76561197960489309
76561197960489310
76561197960489312
76561197960489313
76561197960489316
76561197960489318
76561197960489319
76561197960489321
76561197960489323
76561197960489324
76561197960489325
76561197960489327
76561197960489328
76561197960489330
76561197960489331
76561197960489332
76561197960489333
76561197960489335
76561197960489336
76561197960489338
76561197960489339
76561197960489343
76561197960489345
76561197960489347
76561197960489348
76561197960489349
76561197960489351
76561197960489353
76561197960489354
76561197960489355
76561197960489356
76561197960489358
76561197960489360
76561197960489361
76561197960489362
76561197960489363
76561197960489364
76561197960489365
76561197960489366
76561197960489367
76561197960489368
76561197960489371
76561197960489372
76561197960489373
76561197960489374
76561197960489375
76561197960489376
76561197960489377
76561197960489378
76561197960489379
76561197960489380
76561197960489381
76561197960489382
76561197960489383
76561197960489385
76561197960489386
76561197960489387
76561197960489388
76561197960489389
76561197960489390
76561197960489391
76561197960489393
76561197960489395
76561197960489396
76561197960489397
76561197960489398
76561197960489399
76561197960489400
76561197960489401
