76561197960690432
76561197960690433
76561197960690434
76561197960690438
76561197960690439
76561197960690441
76561197960690442
76561197960690443
76561197960690444
76561197960690445
76561197960690446
76561197960690447
76561197960690448
76561197960690449
76561197960690450
76561197960690451
76561197960690452
76561197960690453
76561197960690454
76561197960690456
76561197960690457
76561197960690458
76561197960690459
76561197960690460
76561197960690461
76561197960690463
76561197960690465
76561197960690466
76561197960690467
76561197960690468
76561197960690469
76561197960690470
76561197960690471
76561197960690475
76561197960690476
76561197960690477
76561197960690478
76561197960690479
76561197960690480
76561197960690481
76561197960690482
76561197960690483
76561197960690484
76561197960690485
76561197960690487
76561197960690488
76561197960690489
76561197960690490
76561197960690491
76561197960690493
76561197960690494
76561197960690495
76561197960690496
76561197960690498
76561197960690499
76561197960690500
76561197960690501
76561197960690503
76561197960690504
76561197960690505
76561197960690506
76561197960690507
76561197960690508
76561197960690509
76561197960690510
76561197960690511
76561197960690512
76561197960690513
76561197960690514
76561197960690516
76561197960690517
76561197960690519
76561197960690520
76561197960690521
76561197960690523
76561197960690524
76561197960690525
76561197960690526
76561197960690527
76561197960690528
76561197960690529
76561197960690530
76561197960690531
76561197960690532
76561197960690533
76561197960690534
76561197960690535
76561197960690536
76561197960690537
76561197960690538
76561197960690540
76561197960690541
76561197960690542
76561197960690543
76561197960690544
76561197960690545
76561197960690548
76561197960690550
76561197960690551
76561197960690553
76561197960690555
76561197960690558
76561197960690559
76561197960690560
76561197960690561
76561197960690564
76561197960690565
76561197960690566
76561197960690567
76561197960690568
76561197960690569
76561197960690571
76561197960690572
76561197960690573
76561197960690574
76561197960690575
76561197960690577
76561197960690579
76561197960690581
76561197960690582
76561197960690583
76561197960690585
76561197960690586
76561197960690588
76561197960690589
76561197960690590
76561197960690591
76561197960690594
76561197960690596
76561197960690597
76561197960690598
76561197960690599
76561197960690601
76561197960690604
76561197960690605
76561197960690606
76561197960690608
76561197960690610
76561197960690611
76561197960690612
76561197960690613
76561197960690614
76561197960690617
76561197960690618
76561197960690619
76561197960690620
76561197960690621
76561197960690622
76561197960690623
76561197960690624
76561197960690625
76561197960690626
76561197960690627
76561197960690628
76561197960690630
76561197960690631
76561197960690632
76561197960690633
76561197960690635
76561197960690636
76561197960690637
76561197960690638
76561197960690639
76561197960690640
76561197960690641
76561197960690642
76561197960690643
76561197960690646
76561197960690647
76561197960690648
76561197960690649
76561197960690651
76561197960690652
76561197960690653
76561197960690655
76561197960690656
76561197960690657
76561197960690658
76561197960690660
76561197960690661
76561197960690662
76561197960690663
76561197960690664
76561197960690665
76561197960690666
76561197960690670
76561197960690671
76561197960690672
76561197960690673
76561197960690674
76561197960690675
76561197960690676
76561197960690677
76561197960690678
76561197960690679
76561197960690681
76561197960690682
76561197960690683
76561197960690684
76561197960690685
76561197960690686
76561197960690687
76561197960690688
76561197960690689
76561197960690691
76561197960690693
76561197960690696
76561197960690697
76561197960690698
76561197960690699
76561197960690700
76561197960690701
76561197960690702
76561197960690703
76561197960690704
76561197960690705
76561197960690706
76561197960690707
76561197960690708
76561197960690709
76561197960690710
76561197960690711
76561197960690713
76561197960690714
76561197960690717
76561197960690718
76561197960690720
76561197960690722
76561197960690723
76561197960690724
76561197960690725
76561197960690726
76561197960690728
76561197960690729
76561197960690730
76561197960690731
76561197960690732
76561197960690733
76561197960690734
76561197960690735
76561197960690736
76561197960690737
76561197960690738
76561197960690739
76561197960690740
76561197960690741
76561197960690742
76561197960690744
76561197960690745
76561197960690746
76561197960690748
76561197960690749
76561197960690750
76561197960690751
76561197960690753
76561197960690754
76561197960690755
76561197960690756
76561197960690757
76561197960690758
76561197960690759
76561197960690760
76561197960690761
76561197960690762
76561197960690763
76561197960690764
76561197960690765
76561197960690766
76561197960690767
76561197960690768
76561197960690769
76561197960690770
76561197960690771
76561197960690772
76561197960690774
76561197960690775
76561197960690776
76561197960690777
76561197960690778
76561197960690779
76561197960690780
76561197960690781
76561197960690782
76561197960690784
76561197960690785
76561197960690786
76561197960690788
76561197960690789
76561197960690790
76561197960690792
76561197960690793
76561197960690794
76561197960690795
76561197960690796
76561197960690797
76561197960690799
76561197960690802
76561197960690803
76561197960690805
76561197960690806
76561197960690808
76561197960690810
76561197960690811
76561197960690812
76561197960690813
76561197960690814
76561197960690815
76561197960690816
76561197960690817
76561197960690818
76561197960690819
76561197960690820
76561197960690822
76561197960690823
76561197960690824
76561197960690825
76561197960690826
76561197960690827
76561197960690828
76561197960690831
76561197960690833
76561197960690835
76561197960690837
76561197960690838
76561197960690839
76561197960690840
76561197960690841
76561197960690842
76561197960690843
76561197960690845
76561197960690847
76561197960690849
76561197960690850
76561197960690853
76561197960690854
76561197960690855
76561197960690856
76561197960690857
76561197960690858
76561197960690859
76561197960690860
76561197960690861
76561197960690862
76561197960690863
76561197960690864
76561197960690865
76561197960690867
76561197960690869
76561197960690870
76561197960690871
76561197960690872
76561197960690874
76561197960690875
76561197960690878
76561197960690879
76561197960690880
76561197960690881
76561197960690883
76561197960690885
76561197960690886
76561197960690889
76561197960690890
76561197960690891
76561197960690892
76561197960690893
76561197960690895
76561197960690896
76561197960690897
76561197960690898
76561197960690899
76561197960690900
76561197960690901
76561197960690903
76561197960690904
76561197960690906
76561197960690907
76561197960690908
76561197960690909
76561197960690910
76561197960690911
76561197960690913
76561197960690914
76561197960690915
76561197960690916
76561197960690917
76561197960690918
76561197960690919
76561197960690920
76561197960690921
76561197960690922
76561197960690923
76561197960690925
76561197960690926
76561197960690927
76561197960690928
76561197960690930
76561197960690932
76561197960690933
76561197960690934
76561197960690935
76561197960690936
76561197960690937
76561197960690939
76561197960690941
76561197960690942
76561197960690946
76561197960690947
76561197960690949
76561197960690950
76561197960690951
76561197960690952
76561197960690953
76561197960690955
76561197960690956
76561197960690957
76561197960690958
76561197960690959
76561197960690960
76561197960690961
76561197960690962
76561197960690963
76561197960690964
76561197960690965
76561197960690966
76561197960690967
76561197960690968
76561197960690969
76561197960690970
76561197960690971
76561197960690972
76561197960690973
76561197960690974
76561197960690976
76561197960690977
76561197960690978
76561197960690979
76561197960690980
76561197960690981
76561197960690983
76561197960690984
76561197960690985
76561197960690986
76561197960690987
76561197960690989
76561197960690991
76561197960690992
76561197960690993
76561197960690994
76561197960690995
76561197960690996
76561197960690997
76561197960690998
76561197960690999
76561197960691001
76561197960691002
76561197960691003
76561197960691004
76561197960691005
76561197960691006
76561197960691008
76561197960691009
76561197960691010
76561197960691014
76561197960691015
76561197960691016
76561197960691017
76561197960691019
76561197960691020
76561197960691021
76561197960691022
76561197960691023
76561197960691025
76561197960691026
76561197960691029
76561197960691031
76561197960691032
76561197960691033
76561197960691035
76561197960691036
76561197960691037
76561197960691038
76561197960691040
76561197960691041
76561197960691042
76561197960691043
76561197960691044
76561197960691046
76561197960691047
76561197960691048
76561197960691049
76561197960691050
76561197960691051
76561197960691053
76561197960691054
76561197960691056
76561197960691057
76561197960691058
76561197960691059
76561197960691061
76561197960691062
76561197960691063
76561197960691065
76561197960691066
76561197960691067
76561197960691068
76561197960691069
76561197960691070
76561197960691071
76561197960691073
76561197960691074
76561197960691075
76561197960691076
76561197960691077
76561197960691078
76561197960691079
76561197960691081
76561197960691082
76561197960691083
76561197960691084
76561197960691085
76561197960691086
76561197960691088
76561197960691089
76561197960691091
76561197960691092
76561197960691093
76561197960691094
76561197960691095
76561197960691097
76561197960691098
76561197960691100
76561197960691101
76561197960691103
76561197960691104
76561197960691105
76561197960691106
76561197960691108
76561197960691109
76561197960691112
76561197960691114
76561197960691115
76561197960691116
76561197960691118
76561197960691121
76561197960691122
76561197960691125
76561197960691126
76561197960691128
76561197960691129
76561197960691130
76561197960691131
76561197960691132
76561197960691133
76561197960691134
76561197960691136
76561197960691139
76561197960691140
76561197960691141
76561197960691142
76561197960691143
76561197960691145
76561197960691148
76561197960691149
76561197960691150
76561197960691151
76561197960691153
76561197960691154
76561197960691155
76561197960691156
76561197960691157
76561197960691158
76561197960691159
76561197960691160
76561197960691161
76561197960691163
76561197960691166
76561197960691169
76561197960691170
76561197960691173
76561197960691175
76561197960691176
76561197960691178
76561197960691179
76561197960691180
76561197960691181
76561197960691182
76561197960691183
76561197960691185
76561197960691186
76561197960691187
76561197960691189
76561197960691190
76561197960691191
76561197960691192
76561197960691193
76561197960691195
76561197960691196
76561197960691197
76561197960691198
76561197960691199
76561197960691200
76561197960691201
76561197960691203
76561197960691207
76561197960691208
76561197960691209
76561197960691210
76561197960691212
76561197960691213
76561197960691214
76561197960691215
76561197960691216
76561197960691217
76561197960691218
76561197960691219
76561197960691220
76561197960691221
76561197960691224
76561197960691225
76561197960691226
76561197960691228
76561197960691229
76561197960691230
76561197960691231
76561197960691232
76561197960691235
76561197960691237
76561197960691238
76561197960691240
76561197960691241
76561197960691243
76561197960691244
76561197960691247
76561197960691248
76561197960691249
76561197960691251
76561197960691253
76561197960691255
76561197960691257
76561197960691258
76561197960691259
76561197960691262
76561197960691264
76561197960691265
76561197960691266
76561197960691267
76561197960691269
76561197960691270
76561197960691272
76561197960691275
76561197960691276
76561197960691277
76561197960691279
76561197960691283
76561197960691284
76561197960691285
76561197960691286
76561197960691287
76561197960691288
76561197960691289
76561197960691290
76561197960691291
76561197960691294
76561197960691295
76561197960691296
76561197960691297
76561197960691301
76561197960691302
76561197960691303
76561197960691304
76561197960691305
76561197960691307
76561197960691308
76561197960691309
76561197960691310
76561197960691311
76561197960691312
76561197960691313
76561197960691314
76561197960691315
76561197960691316
76561197960691318
76561197960691319
76561197960691322
76561197960691323
76561197960691324
76561197960691326
76561197960691327
76561197960691329
76561197960691331
76561197960691333
76561197960691334
76561197960691335
76561197960691338
76561197960691339
76561197960691340
76561197960691341
76561197960691343
76561197960691344
76561197960691345
76561197960691346
76561197960691348
76561197960691350
76561197960691351
76561197960691352
76561197960691356
76561197960691357
76561197960691358
76561197960691359
76561197960691360
76561197960691362
76561197960691364
76561197960691365
76561197960691366
76561197960691367
76561197960691369
76561197960691370
76561197960691371
76561197960691372
76561197960691373
76561197960691374
76561197960691375
76561197960691377
76561197960691378
76561197960691379
76561197960691380
76561197960691381
76561197960691382
76561197960691383
76561197960691385
76561197960691386
76561197960691390
76561197960691392
76561197960691397
76561197960691398
76561197960691400
76561197960691401
76561197960691402
76561197960691403
76561197960691405
76561197960691408
76561197960691409
76561197960691410
76561197960691411
76561197960691415
76561197960691416
76561197960691419
76561197960691420
76561197960691421
76561197960691424
76561197960691425
76561197960691426
76561197960691428
76561197960691430
76561197960691431
76561197960691432
76561197960691433
76561197960691434
76561197960691436
76561197960691437
76561197960691438
76561197960691440
76561197960691441
76561197960691442
76561197960691444
76561197960691445
76561197960691446
76561197960691447
76561197960691448
76561197960691449
76561197960691450
76561197960691451
76561197960691452
76561197960691453
76561197960691454
76561197960691455
76561197960691456
76561197960691457
76561197960691458
76561197960691459
76561197960691460
76561197960691461
76561197960691464
76561197960691465
76561197960691467
76561197960691468
76561197960691469
76561197960691471
76561197960691473
76561197960691474
76561197960691475
76561197960691476
76561197960691477
76561197960691478
76561197960691481
76561197960691483
76561197960691484
76561197960691485
76561197960691486
76561197960691487
76561197960691488
76561197960691489
76561197960691490
76561197960691491
76561197960691494
76561197960691495
76561197960691496
76561197960691497
76561197960691498
76561197960691499
76561197960691501
76561197960691502
76561197960691503
76561197960691504
76561197960691505
76561197960691507
76561197960691509
76561197960691510
76561197960691511
76561197960691512
76561197960691514
76561197960691515
76561197960691516
76561197960691518
76561197960691519
76561197960691523
76561197960691524
76561197960691525
76561197960691527
76561197960691529
76561197960691530
76561197960691531
76561197960691532
76561197960691534
76561197960691535
76561197960691536
76561197960691537
76561197960691539
76561197960691543
76561197960691544
76561197960691545
76561197960691546
76561197960691547
76561197960691548
76561197960691549
76561197960691550
76561197960691554
76561197960691555
76561197960691556
76561197960691557
76561197960691558
76561197960691559
76561197960691560
76561197960691561
76561197960691562
76561197960691564
76561197960691565
76561197960691568
76561197960691569
76561197960691570
76561197960691571
76561197960691572
76561197960691576
76561197960691577
76561197960691578
76561197960691579
76561197960691580
76561197960691582
76561197960691583
76561197960691585
76561197960691586
76561197960691587
76561197960691591
76561197960691592
76561197960691593
76561197960691594
76561197960691595
76561197960691597
76561197960691599
76561197960691601
76561197960691602
76561197960691603
76561197960691604
76561197960691605
76561197960691606
76561197960691607
76561197960691608
76561197960691609
76561197960691611
76561197960691612
76561197960691613
76561197960691614
76561197960691615
76561197960691616
76561197960691617
76561197960691618
76561197960691619
76561197960691620
76561197960691621
76561197960691622
76561197960691623
76561197960691626
76561197960691628
76561197960691629
76561197960691631
76561197960691632
76561197960691633
76561197960691634
76561197960691635
76561197960691636
76561197960691637
76561197960691638
76561197960691639
76561197960691640
76561197960691641
76561197960691642
76561197960691643
76561197960691644
76561197960691646
76561197960691651
76561197960691653
76561197960691655
76561197960691656
76561197960691657
76561197960691658
76561197960691660
76561197960691661
76561197960691662
76561197960691664
76561197960691665
76561197960691666
76561197960691667
76561197960691669
76561197960691670
76561197960691672
76561197960691674
76561197960691675
76561197960691676
76561197960691678
76561197960691679
76561197960691681
76561197960691683
76561197960691684
76561197960691687
76561197960691689
76561197960691690
76561197960691691
76561197960691694
76561197960691695
76561197960691696
76561197960691697
76561197960691698
76561197960691699
76561197960691700
76561197960691702
76561197960691703
76561197960691705
76561197960691707
76561197960691708
76561197960691709
76561197960691711
76561197960691712
76561197960691714
76561197960691715
76561197960691719
76561197960691720
76561197960691721
76561197960691722
76561197960691724
76561197960691727
76561197960691729
76561197960691730
76561197960691731
76561197960691732
76561197960691733
76561197960691735
76561197960691736
76561197960691737
76561197960691738
76561197960691739
76561197960691740
76561197960691742
76561197960691744
76561197960691746
76561197960691747
76561197960691748
76561197960691750
76561197960691751
76561197960691752
76561197960691753
76561197960691754
76561197960691755
76561197960691756
76561197960691757
76561197960691758
76561197960691759
76561197960691762
76561197960691765
76561197960691766
76561197960691769
