76561197960744438
76561197960744442
76561197960744443
76561197960744444
76561197960744449
76561197960744452
76561197960744453
76561197960744455
76561197960744460
76561197960744465
76561197960744468
76561197960744470
76561197960744472
76561197960744473
76561197960744476
76561197960744477
76561197960744480
76561197960744481
76561197960744483
76561197960744485
76561197960744487
76561197960744489
76561197960744498
76561197960744510
76561197960744513
76561197960744517
76561197960744526
76561197960744531
76561197960744532
76561197960744538
76561197960744545
76561197960744546
76561197960744547
76561197960744548
76561197960744553
76561197960744554
76561197960744565
76561197960744567
76561197960744568
76561197960744570
76561197960744571
76561197960744573
76561197960744574
76561197960744576
76561197960744578
76561197960744581
76561197960744584
76561197960744585
76561197960744587
76561197960744590
76561197960744591
76561197960744592
76561197960744594
76561197960744601
76561197960744603
76561197960744606
76561197960744610
76561197960744611
76561197960744616
76561197960744618
76561197960744620
76561197960744621
76561197960744622
76561197960744629
76561197960744632
76561197960744633
76561197960744635
76561197960744639
76561197960744642
76561197960744643
76561197960744644
76561197960744646
76561197960744649
76561197960744650
76561197960744658
76561197960744659
76561197960744667
76561197960744670
76561197960744672
76561197960744673
76561197960744674
76561197960744675
76561197960744676
76561197960744678
76561197960744679
76561197960744682
76561197960744683
76561197960744684
76561197960744686
76561197960744692
76561197960744696
76561197960744697
76561197960744698
76561197960744705
76561197960744707
76561197960744713
76561197960744719
76561197960744721
76561197960744727
76561197960744729
76561197960744730
76561197960744731
76561197960744732
76561197960744733
76561197960744735
76561197960744738
76561197960744741
76561197960744742
76561197960744743
76561197960744745
76561197960744750
76561197960744752
76561197960744753
76561197960744754
76561197960744755
76561197960744761
76561197960744762
76561197960744765
76561197960744766
76561197960744767
76561197960744774
76561197960744777
76561197960744778
76561197960744779
76561197960744780
76561197960744781
76561197960744782
76561197960744788
76561197960744789
76561197960744791
76561197960744794
76561197960744795
76561197960744796
76561197960744797
76561197960744802
76561197960744807
76561197960744813
76561197960744817
76561197960744820
76561197960744825
76561197960744826
76561197960744827
76561197960744829
76561197960744835
76561197960744839
76561197960744840
76561197960744841
76561197960744843
76561197960744844
76561197960744845
76561197960744848
76561197960744853
76561197960744855
76561197960744856
76561197960744857
76561197960744858
76561197960744860
76561197960744861
76561197960744862
76561197960744864
76561197960744866
76561197960744868
76561197960744880
76561197960744882
76561197960744884
76561197960744885
76561197960744890
76561197960744894
76561197960744895
76561197960744897
76561197960744899
76561197960744902
76561197960744904
76561197960744907
76561197960744909
76561197960744916
76561197960744918
76561197960744920
76561197960744921
76561197960744922
76561197960744923
76561197960744925
76561197960744927
76561197960744928
76561197960744932
76561197960744934
76561197960744937
76561197960744938
76561197960744943
76561197960744944
76561197960744947
76561197960744949
76561197960744953
76561197960744954
76561197960744955
76561197960744956
76561197960744957
76561197960744962
76561197960744963
76561197960744970
76561197960744974
76561197960744979
76561197960744981
76561197960744982
76561197960744983
76561197960744984
76561197960744987
76561197960744988
76561197960744992
76561197960744994
76561197960744995
76561197960744998
76561197960745000
76561197960745004
76561197960745005
76561197960745006
76561197960745007
76561197960745009
76561197960745015
76561197960745017
76561197960745021
76561197960745023
76561197960745025
76561197960745027
76561197960745030
76561197960745033
76561197960745036
76561197960745040
76561197960745042
76561197960745043
76561197960745046
76561197960745049
76561197960745052
76561197960745055
76561197960745058
76561197960745060
76561197960745063
76561197960745065
76561197960745070
76561197960745072
76561197960745074
76561197960745077
76561197960745078
76561197960745080
76561197960745081
76561197960745084
76561197960745089
76561197960745090
76561197960745100
76561197960745102
76561197960745105
76561197960745115
76561197960745116
76561197960745117
76561197960745118
76561197960745120
76561197960745123
76561197960745126
76561197960745127
76561197960745131
76561197960745132
76561197960745133
76561197960745134
76561197960745135
76561197960745137
76561197960745139
76561197960745141
76561197960745143
76561197960745145
76561197960745147
76561197960745148
76561197960745158
76561197960745160
76561197960745170
76561197960745171
76561197960745175
76561197960745176
76561197960745181
76561197960745182
76561197960745184
76561197960745186
76561197960745191
76561197960745193
76561197960745194
76561197960745198
76561197960745200
76561197960745201
76561197960745205
76561197960745209
76561197960745210
76561197960745214
76561197960745222
76561197960745223
76561197960745235
76561197960745236
76561197960745237
76561197960745239
76561197960745240
76561197960745241
76561197960745245
76561197960745247
76561197960745249
76561197960745251
76561197960745252
76561197960745255
76561197960745260
76561197960745263
76561197960745265
76561197960745266
76561197960745269
76561197960745271
76561197960745275
76561197960745281
76561197960745282
76561197960745284
76561197960745287
76561197960745294
76561197960745300
76561197960745303
76561197960745306
76561197960745307
76561197960745309
76561197960745310
76561197960745318
76561197960745319
76561197960745320
76561197960745322
76561197960745324
76561197960745328
76561197960745329
76561197960745332
76561197960745334
76561197960745335
76561197960745339
76561197960745343
76561197960745345
76561197960745355
76561197960745360
76561197960745361
76561197960745362
76561197960745369
76561197960745372
76561197960745374
76561197960745375
76561197960745377
76561197960745378
76561197960745379
76561197960745386
76561197960745388
76561197960745392
76561197960745395
76561197960745396
76561197960745401
76561197960745402
76561197960745405
76561197960745408
76561197960745409
76561197960745410
76561197960745411
76561197960745412
76561197960745416
76561197960745417
76561197960745421
76561197960745422
76561197960745430
76561197960745434
76561197960745437
76561197960745439
76561197960745441
76561197960745447
76561197960745450
76561197960745451
76561197960745456
76561197960745457
76561197960745458
76561197960745464
76561197960745471
76561197960745477
76561197960745479
76561197960745480
76561197960745481
76561197960745486
76561197960745487
76561197960745489
76561197960745491
76561197960745492
76561197960745494
76561197960745495
76561197960745496
76561197960745507
76561197960745508
76561197960745510
76561197960745511
76561197960745514
76561197960745515
76561197960745516
76561197960745520
76561197960745521
76561197960745522
76561197960745523
76561197960745526
76561197960745528
76561197960745529
76561197960745530
76561197960745532
76561197960745533
76561197960745534
76561197960745537
76561197960745538
76561197960745539
76561197960745546
76561197960745547
76561197960745548
76561197960745549
76561197960745550
76561197960745554
76561197960745555
76561197960745557
76561197960745559
76561197960745561
76561197960745566
76561197960745571
76561197960745572
76561197960745574
76561197960745577
76561197960745578
76561197960745582
76561197960745583
76561197960745584
76561197960745585
76561197960745587
76561197960745591
76561197960745596
76561197960745598
76561197960745599
76561197960745600
76561197960745618
76561197960745619
76561197960745620
76561197960745621
76561197960745633
76561197960745634
76561197960745636
76561197960745637
76561197960745639
76561197960745641
76561197960745642
76561197960745643
76561197960745644
76561197960745648
76561197960745649
76561197960745651
76561197960745654
76561197960745659
76561197960745661
76561197960745665
76561197960745668
76561197960745671
76561197960745679
76561197960745682
76561197960745683
76561197960745686
76561197960745687
76561197960745695
76561197960745696
76561197960745699
76561197960745702
76561197960745720
76561197960745724
76561197960745725
76561197960745727
76561197960745728
76561197960745734
76561197960745739
76561197960745744
76561197960745750
76561197960745751
76561197960745756
76561197960745757
76561197960745759
76561197960745761
76561197960745762
76561197960745764
76561197960745767
76561197960745772
76561197960745777
76561197960745781
76561197960745783
76561197960745784
76561197960745787
76561197960745792
76561197960745798
76561197960745803
76561197960745807
76561197960745808
76561197960745809
76561197960745813
76561197960745818
76561197960745819
76561197960745820
76561197960745822
76561197960745834
76561197960745836
76561197960745839
76561197960745843
76561197960745846
76561197960745850
76561197960745855
76561197960745860
76561197960745861
76561197960745868
76561197960745884
76561197960745885
76561197960745886
76561197960745888
76561197960745890
76561197960745892
76561197960745893
76561197960745894
76561197960745895
76561197960745896
76561197960745900
76561197960745902
76561197960745904
76561197960745907
76561197960745911
76561197960745919
76561197960745921
76561197960745935
76561197960745936
76561197960745937
76561197960745938
76561197960745942
76561197960745943
76561197960745950
76561197960745951
76561197960745952
76561197960745953
76561197960745956
76561197960745957
76561197960745960
76561197960745964
76561197960745967
76561197960745969
76561197960745975
76561197960745978
76561197960745981
76561197960745986
76561197960745990
76561197960745991
76561197960745994
76561197960746011
76561197960746015
76561197960746016
76561197960746017
76561197960746020
76561197960746022
76561197960746023
76561197960746028
76561197960746030
76561197960746034
76561197960746036
76561197960746037
76561197960746046
76561197960746052
76561197960746056
76561197960746058
76561197960746065
76561197960746066
76561197960746073
76561197960746081
76561197960746085
76561197960746088
76561197960746097
76561197960746098
76561197960746102
76561197960746103
76561197960746104
76561197960746106
76561197960746110
76561197960746112
76561197960746113
76561197960746115
76561197960746118
76561197960746128
76561197960746136
76561197960746137
76561197960746139
76561197960746141
76561197960746142
76561197960746145
76561197960746148
76561197960746154
76561197960746155
76561197960746161
76561197960746162
76561197960746165
76561197960746166
76561197960746170
76561197960746171
76561197960746175
76561197960746176
76561197960746180
76561197960746183
76561197960746188
76561197960746190
76561197960746193
76561197960746194
76561197960746196
76561197960746198
76561197960746199
76561197960746200
76561197960746202
76561197960746213
76561197960746214
76561197960746216
76561197960746220
76561197960746221
76561197960746222
76561197960746224
76561197960746226
76561197960746227
76561197960746232
76561197960746238
76561197960746243
76561197960746245
76561197960746247
76561197960746252
76561197960746253
76561197960746255
76561197960746261
76561197960746277
76561197960746278
76561197960746280
76561197960746284
76561197960746285
76561197960746286
76561197960746288
76561197960746289
76561197960746292
76561197960746293
76561197960746296
76561197960746312
76561197960746314
76561197960746320
76561197960746321
76561197960746322
76561197960746329
76561197960746332
76561197960746337
76561197960746340
76561197960746342
76561197960746343
76561197960746344
76561197960746347
76561197960746348
76561197960746351
76561197960746352
76561197960746353
76561197960746354
76561197960746358
76561197960746360
76561197960746362
76561197960746363
76561197960746364
76561197960746365
76561197960746366
76561197960746369
76561197960746370
76561197960746372
76561197960746378
76561197960746381
76561197960746383
76561197960746384
76561197960746386
76561197960746388
76561197960746389
76561197960746391
76561197960746392
76561197960746393
76561197960746395
76561197960746397
76561197960746403
76561197960746405
76561197960746410
76561197960746413
76561197960746414
76561197960746415
76561197960746421
76561197960746423
76561197960746424
76561197960746425
76561197960746429
76561197960746432
76561197960746433
76561197960746436
76561197960746437
76561197960746439
76561197960746441
76561197960746445
76561197960746448
76561197960746451
76561197960746452
76561197960746453
76561197960746454
76561197960746455
76561197960746456
76561197960746459
76561197960746460
76561197960746464
76561197960746465
76561197960746467
76561197960746468
76561197960746470
76561197960746474
76561197960746476
76561197960746483
76561197960746492
76561197960746498
76561197960746499
76561197960746500
76561197960746502
76561197960746505
76561197960746506
76561197960746507
76561197960746512
76561197960746517
76561197960746519
76561197960746527
76561197960746534
76561197960746542
76561197960746550
76561197960746553
76561197960746556
76561197960746557
76561197960746560
76561197960746561
76561197960746562
76561197960746569
76561197960746570
76561197960746571
76561197960746574
76561197960746578
76561197960746580
76561197960746585
76561197960746586
76561197960746589
76561197960746590
76561197960746599
76561197960746601
76561197960746607
76561197960746610
76561197960746611
76561197960746612
76561197960746613
76561197960746615
76561197960746621
76561197960746622
76561197960746625
76561197960746627
76561197960746628
76561197960746629
76561197960746631
76561197960746632
76561197960746633
76561197960746636
76561197960746641
76561197960746644
76561197960746650
76561197960746652
76561197960746658
76561197960746659
76561197960746660
76561197960746666
76561197960746667
76561197960746668
76561197960746671
76561197960746673
76561197960746677
76561197960746683
76561197960746685
76561197960746688
76561197960746689
76561197960746690
76561197960746691
76561197960746693
76561197960746694
76561197960746695
76561197960746696
76561197960746700
76561197960746701
76561197960746707
76561197960746710
76561197960746711
76561197960746712
76561197960746714
76561197960746716
76561197960746720
76561197960746721
76561197960746727
76561197960746729
76561197960746731
76561197960746732
76561197960746736
76561197960746737
76561197960746740
76561197960746745
76561197960746746
76561197960746751
76561197960746752
76561197960746761
76561197960746767
76561197960746768
76561197960746772
76561197960746774
76561197960746775
76561197960746777
76561197960746778
76561197960746785
76561197960746791
76561197960746792
76561197960746796
76561197960746805
76561197960746809
76561197960746810
76561197960746811
76561197960746812
76561197960746819
76561197960746820
76561197960746822
76561197960746823
76561197960746824
76561197960746825
76561197960746826
76561197960746827
76561197960746832
76561197960746834
76561197960746836
76561197960746838
76561197960746844
76561197960746848
76561197960746854
76561197960746856
76561197960746859
76561197960746864
76561197960746865
76561197960746869
76561197960746870
76561197960746877
76561197960746881
76561197960746882
76561197960746883
76561197960746886
76561197960746887
76561197960746905
76561197960746910
76561197960746917
76561197960746921
76561197960746924
76561197960746927
76561197960746930
76561197960746932
76561197960746939
76561197960746941
76561197960746942
76561197960746947
76561197960746953
76561197960746960
76561197960746963
76561197960746971
76561197960746976
76561197960746977
76561197960746979
76561197960746981
76561197960746984
76561197960746986
76561197960746990
76561197960746991
76561197960746996
76561197960747002
76561197960747005
76561197960747006
76561197960747008
76561197960747009
76561197960747011
76561197960747012
76561197960747013
76561197960747020
76561197960747022
76561197960747023
76561197960747027
76561197960747028
76561197960747029
76561197960747033
76561197960747035
76561197960747037
76561197960747045
76561197960747048
76561197960747055
76561197960747061
76561197960747064
76561197960747066
76561197960747069
76561197960747070
76561197960747071
76561197960747084
76561197960747085
76561197960747086
76561197960747091
76561197960747094
76561197960747095
76561197960747097
76561197960747105
76561197960747109
76561197960747117
76561197960747118
76561197960747119
76561197960747123
76561197960747124
76561197960747125
76561197960747126
76561197960747127
76561197960747129
76561197960747130
76561197960747133
76561197960747139
76561197960747142
76561197960747144
76561197960747146
76561197960747147
76561197960747151
76561197960747157
76561197960747165
76561197960747168
76561197960747171
76561197960747174
76561197960747175
76561197960747181
76561197960747184
76561197960747186
76561197960747187
76561197960747203
76561197960747205
76561197960747206
76561197960747213
76561197960747214
76561197960747218
76561197960747220
76561197960747225
76561197960747228
76561197960747230
76561197960747231
76561197960747232
76561197960747239
76561197960747241
76561197960747245
76561197960747252
76561197960747254
76561197960747257
76561197960747258
76561197960747260
76561197960747264
76561197960747265
76561197960747266
76561197960747267
76561197960747278
76561197960747279
76561197960747280
76561197960747281
76561197960747282
76561197960747283
76561197960747284
76561197960747287
76561197960747288
76561197960747289
76561197960747292
76561197960747293
76561197960747296
76561197960747300
76561197960747301
76561197960747302
76561197960747304
76561197960747305
76561197960747306
76561197960747308
76561197960747311
76561197960747316
76561197960747320
76561197960747322
76561197960747325
76561197960747326
76561197960747327
76561197960747331
76561197960747337
76561197960747338
76561197960747347
76561197960747348
76561197960747351
76561197960747352
76561197960747355
