76561197960290762
76561197960290763
76561197960290764
76561197960290765
76561197960290766
76561197960290767
76561197960290768
76561197960290769
76561197960290771
76561197960290772
76561197960290773
76561197960290774
76561197960290775
76561197960290776
76561197960290777
76561197960290778
76561197960290779
76561197960290780
76561197960290781
76561197960290782
76561197960290783
76561197960290784
76561197960290785
76561197960290786
76561197960290787
76561197960290788
76561197960290789
76561197960290790
76561197960290791
76561197960290792
76561197960290793
76561197960290794
76561197960290795
76561197960290796
76561197960290797
76561197960290798
76561197960290799
76561197960290800
76561197960290801
76561197960290802
76561197960290803
76561197960290804
76561197960290805
76561197960290806
76561197960290807
76561197960290808
76561197960290809
76561197960290810
76561197960290811
76561197960290812
76561197960290813
76561197960290814
76561197960290815
76561197960290816
76561197960290817
76561197960290818
76561197960290819
76561197960290820
76561197960290823
76561197960290824
76561197960290825
76561197960290826
76561197960290827
76561197960290829
76561197960290830
76561197960290831
76561197960290832
76561197960290833
76561197960290834
76561197960290836
76561197960290838
76561197960290839
76561197960290840
76561197960290841
76561197960290842
76561197960290843
76561197960290845
76561197960290846
76561197960290847
76561197960290848
76561197960290849
76561197960290850
76561197960290851
76561197960290852
76561197960290853
76561197960290854
76561197960290856
76561197960290858
76561197960290859
76561197960290860
76561197960290861
76561197960290867
76561197960290871
76561197960290916
76561197960290928
76561197960290934
76561197960290949
76561197960290952
76561197960290953
76561197960290954
76561197960290955
76561197960290956
76561197960290957
76561197960290958
76561197960290959
76561197960290960
76561197960290961
76561197960290962
76561197960290963
76561197960290964
76561197960290965
76561197960290966
76561197960290967
76561197960290968
76561197960290969
76561197960290970
76561197960290971
76561197960290972
76561197960290973
76561197960290974
76561197960290975
76561197960290976
76561197960290977
76561197960290978
76561197960290980
76561197960290981
76561197960290982
76561197960290983
76561197960290984
76561197960290985
76561197960290986
76561197960290987
76561197960290988
76561197960290989
76561197960290990
76561197960290991
76561197960290992
76561197960290993
76561197960290994
76561197960290995
76561197960290996
76561197960290997
76561197960290998
76561197960291000
76561197960291002
76561197960291003
76561197960291004
76561197960291005
76561197960291006
76561197960291007
76561197960291009
76561197960291010
76561197960291011
76561197960291012
76561197960291013
76561197960291014
76561197960291015
76561197960291016
76561197960291017
76561197960291018
76561197960291019
76561197960291020
76561197960291021
76561197960291022
76561197960291023
76561197960291024
76561197960291025
76561197960291026
76561197960291027
76561197960291028
76561197960291029
76561197960291030
76561197960291031
76561197960291032
76561197960291033
76561197960291034
76561197960291035
76561197960291037
76561197960291038
76561197960291039
76561197960291040
76561197960291041
76561197960291042
76561197960291043
76561197960291044
76561197960291045
76561197960291046
76561197960291047
76561197960291048
76561197960291049
76561197960291050
76561197960291051
76561197960291052
76561197960291053
76561197960291054
76561197960291055
76561197960291056
76561197960291057
76561197960291058
76561197960291059
76561197960291060
76561197960291061
76561197960291063
76561197960291064
76561197960291065
76561197960291066
76561197960291067
76561197960291068
76561197960291069
76561197960291070
76561197960291071
76561197960291072
76561197960291073
76561197960291074
76561197960291075
76561197960291077
76561197960291078
76561197960291079
76561197960291080
76561197960291081
76561197960291082
76561197960291083
76561197960291084
76561197960291085
76561197960291086
76561197960291087
76561197960291088
76561197960291089
76561197960291090
76561197960291091
76561197960291092
76561197960291093
76561197960291094
76561197960291095
76561197960291096
76561197960291097
76561197960291098
76561197960291099
76561197960291100
76561197960291101
76561197960291103
76561197960291104
76561197960291105
76561197960291106
76561197960291107
76561197960291108
76561197960291109
76561197960291111
76561197960291112
76561197960291115
76561197960291116
76561197960291117
76561197960291118
76561197960291119
76561197960291120
76561197960291121
76561197960291123
76561197960291124
76561197960291125
76561197960291126
76561197960291127
76561197960291128
76561197960291129
76561197960291130
76561197960291132
76561197960291133
76561197960291134
76561197960291135
76561197960291136
76561197960291137
76561197960291138
76561197960291139
76561197960291140
76561197960291141
76561197960291142
76561197960291143
76561197960291144
76561197960291146
76561197960291147
76561197960291148
76561197960291150
76561197960291151
76561197960291152
76561197960291153
76561197960291154
76561197960291155
76561197960291156
76561197960291157
76561197960291158
76561197960291159
76561197960291160
76561197960291161
76561197960291162
76561197960291163
76561197960291164
76561197960291166
76561197960291167
76561197960291169
76561197960291170
76561197960291171
76561197960291172
76561197960291173
76561197960291174
76561197960291175
76561197960291176
76561197960291178
76561197960291179
76561197960291180
76561197960291181
76561197960291182
76561197960291183
76561197960291184
76561197960291185
76561197960291186
76561197960291187
76561197960291188
76561197960291189
76561197960291190
76561197960291191
76561197960291192
76561197960291193
76561197960291194
76561197960291195
76561197960291196
76561197960291197
76561197960291198
76561197960291199
76561197960291200
76561197960291201
76561197960291202
76561197960291203
76561197960291204
76561197960291205
76561197960291206
76561197960291207
76561197960291208
76561197960291210
76561197960291211
76561197960291212
76561197960291213
76561197960291214
76561197960291215
76561197960291216
76561197960291217
76561197960291218
76561197960291220
76561197960291221
76561197960291222
76561197960291223
76561197960291224
76561197960291225
76561197960291226
76561197960291227
76561197960291228
76561197960291229
76561197960291230
76561197960291231
76561197960291232
76561197960291233
76561197960291234
76561197960291235
76561197960291236
76561197960291237
76561197960291238
76561197960291239
76561197960291240
76561197960291241
76561197960291242
76561197960291243
76561197960291244
76561197960291245
76561197960291246
76561197960291247
76561197960291248
76561197960291249
76561197960291250
76561197960291251
76561197960291252
76561197960291255
76561197960291257
76561197960291258
76561197960291259
76561197960291260
76561197960291261
76561197960291262
76561197960291263
76561197960291264
76561197960291265
76561197960291267
76561197960291268
76561197960291269
76561197960291270
76561197960291271
76561197960291272
76561197960291273
76561197960291274
76561197960291275
76561197960291276
76561197960291277
76561197960291278
76561197960291279
76561197960291280
76561197960291281
76561197960291282
76561197960291283
76561197960291284
76561197960291285
76561197960291286
76561197960291287
76561197960291288
76561197960291289
76561197960291290
76561197960291291
76561197960291292
76561197960291293
76561197960291294
76561197960291295
76561197960291296
76561197960291297
76561197960291298
76561197960291299
76561197960291300
76561197960291301
76561197960291302
76561197960291304
76561197960291305
76561197960291306
76561197960291307
76561197960291308
76561197960291309
76561197960291310
76561197960291311
76561197960291312
76561197960291313
76561197960291314
76561197960291315
76561197960291316
76561197960291317
76561197960291318
76561197960291319
76561197960291320
76561197960291321
76561197960291322
76561197960291323
76561197960291324
76561197960291325
76561197960291326
76561197960291327
76561197960291328
76561197960291329
76561197960291330
76561197960291331
76561197960291332
76561197960291333
76561197960291334
76561197960291336
76561197960291337
76561197960291338
76561197960291339
76561197960291340
76561197960291341
76561197960291342
76561197960291343
76561197960291344
76561197960291345
76561197960291346
76561197960291347
76561197960291348
76561197960291349
76561197960291350
76561197960291351
76561197960291352
76561197960291353
76561197960291354
76561197960291355
76561197960291356
76561197960291357
76561197960291358
76561197960291360
76561197960291361
76561197960291362
76561197960291363
76561197960291364
76561197960291365
76561197960291366
76561197960291367
76561197960291368
76561197960291369
76561197960291370
76561197960291371
76561197960291372
76561197960291373
76561197960291375
76561197960291376
76561197960291377
76561197960291378
76561197960291379
76561197960291381
76561197960291382
76561197960291383
76561197960291384
76561197960291385
76561197960291386
76561197960291387
76561197960291388
76561197960291389
76561197960291390
76561197960291392
76561197960291393
76561197960291394
76561197960291395
76561197960291396
76561197960291397
76561197960291398
76561197960291400
76561197960291401
76561197960291402
76561197960291403
76561197960291404
76561197960291405
76561197960291406
76561197960291407
76561197960291409
76561197960291410
76561197960291411
76561197960291412
76561197960291413
76561197960291414
76561197960291416
76561197960291417
76561197960291418
76561197960291419
76561197960291420
76561197960291421
76561197960291422
76561197960291423
76561197960291424
76561197960291425
76561197960291426
76561197960291427
76561197960291428
76561197960291429
76561197960291430
76561197960291431
76561197960291432
76561197960291433
76561197960291435
76561197960291437
76561197960291438
76561197960291439
76561197960291440
76561197960291441
76561197960291442
76561197960291443
76561197960291444
76561197960291445
76561197960291446
76561197960291447
76561197960291448
76561197960291449
76561197960291450
76561197960291451
76561197960291452
76561197960291453
76561197960291454
76561197960291455
76561197960291456
76561197960291457
76561197960291458
76561197960291459
76561197960291460
76561197960291461
76561197960291462
76561197960291463
76561197960291465
76561197960291466
76561197960291467
76561197960291469
76561197960291470
76561197960291471
76561197960291472
76561197960291473
76561197960291474
76561197960291475
76561197960291476
76561197960291477
76561197960291478
76561197960291479
76561197960291480
76561197960291481
76561197960291482
76561197960291483
76561197960291484
76561197960291485
76561197960291486
76561197960291487
76561197960291488
76561197960291489
76561197960291490
76561197960291491
76561197960291492
76561197960291493
76561197960291495
76561197960291496
76561197960291497
76561197960291498
76561197960291499
76561197960291500
76561197960291501
76561197960291502
76561197960291503
76561197960291504
76561197960291505
76561197960291506
76561197960291507
76561197960291508
76561197960291509
76561197960291510
76561197960291511
76561197960291513
76561197960291514
76561197960291515
76561197960291516
76561197960291517
76561197960291518
76561197960291519
76561197960291520
76561197960291521
76561197960291522
76561197960291523
76561197960291524
76561197960291525
76561197960291526
76561197960291527
76561197960291530
76561197960291531
76561197960291532
76561197960291533
76561197960291534
76561197960291535
76561197960291536
76561197960291537
76561197960291538
76561197960291539
76561197960291540
76561197960291541
76561197960291542
76561197960291543
76561197960291544
76561197960291545
76561197960291546
76561197960291547
76561197960291548
76561197960291549
76561197960291550
76561197960291551
76561197960291552
76561197960291553
76561197960291554
76561197960291555
76561197960291556
76561197960291557
76561197960291559
76561197960291560
76561197960291561
76561197960291562
76561197960291563
76561197960291564
76561197960291565
76561197960291567
76561197960291568
76561197960291570
76561197960291572
76561197960291573
76561197960291575
76561197960291576
76561197960291577
76561197960291578
76561197960291580
76561197960291581
76561197960291582
76561197960291583
76561197960291584
76561197960291585
76561197960291586
76561197960291587
76561197960291588
76561197960291590
76561197960291591
76561197960291592
76561197960291593
76561197960291594
76561197960291595
76561197960291596
76561197960291597
76561197960291598
76561197960291599
76561197960291600
76561197960291601
76561197960291602
76561197960291603
76561197960291604
76561197960291605
76561197960291608
76561197960291609
76561197960291610
76561197960291611
76561197960291612
76561197960291614
76561197960291615
76561197960291616
76561197960291617
76561197960291618
76561197960291621
76561197960291622
76561197960291623
76561197960291624
76561197960291625
76561197960291626
76561197960291627
76561197960291628
76561197960291630
76561197960291631
76561197960291632
76561197960291633
76561197960291634
76561197960291635
76561197960291636
76561197960291637
76561197960291638
76561197960291639
76561197960291640
76561197960291641
76561197960291643
76561197960291644
76561197960291645
76561197960291646
76561197960291647
76561197960291648
76561197960291649
76561197960291650
76561197960291651
76561197960291652
76561197960291654
76561197960291655
76561197960291656
76561197960291657
76561197960291658
76561197960291659
76561197960291660
76561197960291662
76561197960291664
76561197960291665
76561197960291666
76561197960291667
76561197960291668
76561197960291669
76561197960291670
76561197960291671
76561197960291672
76561197960291673
76561197960291674
76561197960291675
76561197960291676
76561197960291677
76561197960291678
76561197960291679
76561197960291680
76561197960291681
76561197960291682
76561197960291683
76561197960291684
76561197960291686
76561197960291687
76561197960291689
76561197960291690
76561197960291691
76561197960291693
76561197960291694
76561197960291695
76561197960291696
76561197960291697
76561197960291698
76561197960291699
76561197960291700
76561197960291702
76561197960291703
76561197960291704
76561197960291705
76561197960291706
76561197960291707
76561197960291708
76561197960291709
76561197960291710
76561197960291711
76561197960291712
76561197960291713
76561197960291714
76561197960291715
76561197960291716
76561197960291717
76561197960291718
76561197960291719
76561197960291720
76561197960291721
76561197960291722
76561197960291723
76561197960291724
76561197960291725
76561197960291726
76561197960291727
76561197960291729
76561197960291730
76561197960291731
76561197960291732
76561197960291733
76561197960291734
76561197960291735
76561197960291736
76561197960291737
76561197960291738
76561197960291739
76561197960291740
76561197960291741
76561197960291742
76561197960291743
76561197960291744
76561197960291746
76561197960291747
76561197960291748
76561197960291749
76561197960291750
76561197960291751
76561197960291752
76561197960291753
76561197960291754
76561197960291755
76561197960291756
76561197960291757
76561197960291758
76561197960291759
76561197960291760
76561197960291761
76561197960291762
76561197960291765
76561197960291766
76561197960291767
76561197960291768
76561197960291769
76561197960291770
76561197960291771
76561197960291772
76561197960291773
76561197960291774
76561197960291775
76561197960291776
76561197960291777
76561197960291778
76561197960291779
76561197960291781
76561197960291782
76561197960291783
76561197960291784
76561197960291785
76561197960291786
76561197960291787
76561197960291788
76561197960291789
76561197960291790
76561197960291791
76561197960291794
76561197960291795
76561197960291796
76561197960291797
76561197960291798
76561197960291799
76561197960291800
76561197960291801
76561197960291802
76561197960291803
76561197960291804
76561197960291805
76561197960291806
76561197960291807
76561197960291808
76561197960291809
76561197960291810
76561197960291812
76561197960291813
76561197960291814
76561197960291815
76561197960291816
76561197960291817
76561197960291818
76561197960291819
76561197960291820
76561197960291821
76561197960291822
76561197960291823
76561197960291824
76561197960291825
76561197960291826
76561197960291827
76561197960291828
76561197960291829
76561197960291830
76561197960291831
76561197960291833
76561197960291834
76561197960291835
76561197960291836
76561197960291837
76561197960291838
76561197960291840
76561197960291841
76561197960291842
76561197960291843
76561197960291844
76561197960291845
76561197960291847
76561197960291848
76561197960291849
76561197960291851
76561197960291852
76561197960291853
76561197960291854
76561197960291855
76561197960291856
76561197960291857
76561197960291858
76561197960291859
76561197960291860
76561197960291861
76561197960291862
76561197960291864
76561197960291865
76561197960291866
76561197960291867
76561197960291868
76561197960291869
76561197960291870
76561197960291871
76561197960291872
76561197960291873
76561197960291874
76561197960291875
76561197960291877
76561197960291878
76561197960291879
76561197960291880
76561197960291881
76561197960291882
76561197960291883
76561197960291884
76561197960291885
76561197960291886
76561197960291887
76561197960291888
76561197960291889
76561197960291891
76561197960291892
76561197960291893
76561197960291894
76561197960291895
76561197960291896
76561197960291897
76561197960291898
76561197960291901
76561197960291902
76561197960291903
76561197960291904
76561197960291905
76561197960291906
76561197960291907
76561197960291908
76561197960291909
76561197960291910
76561197960291911
76561197960291912
76561197960291914
76561197960291915
76561197960291918
76561197960291919
76561197960291921
76561197960291923
76561197960291924
76561197960291925
76561197960291926
76561197960291927
76561197960291928
76561197960291929
76561197960291930
76561197960291931
76561197960291932
76561197960291933
76561197960291934
76561197960291935
76561197960291936
76561197960291937
76561197960291938
