76561197960918422
76561197960918477
76561197960918478
76561197960918480
76561197960918483
76561197960918484
76561197960918485
76561197960918486
76561197960918487
76561197960918488
76561197960918492
76561197960918493
76561197960918494
76561197960918496
76561197960918498
76561197960918502
76561197960918503
76561197960918505
76561197960918506
76561197960918508
76561197960918510
76561197960918515
76561197960918517
76561197960918519
76561197960918521
76561197960918523
76561197960918525
76561197960918527
76561197960918528
76561197960918529
76561197960918530
76561197960918532
76561197960918535
76561197960918536
76561197960918537
76561197960918538
76561197960918539
76561197960918541
76561197960918543
76561197960918546
76561197960918547
76561197960918548
76561197960918549
76561197960918550
76561197960918551
76561197960918553
76561197960918555
76561197960918561
76561197960918564
76561197960918566
76561197960918570
76561197960918571
76561197960918572
76561197960918575
76561197960918581
76561197960918582
76561197960918584
76561197960918586
76561197960918589
76561197960918590
76561197960918592
76561197960918593
76561197960918594
76561197960918595
76561197960918596
76561197960918598
76561197960918599
76561197960918602
76561197960918604
76561197960918605
76561197960918606
76561197960918614
76561197960918616
76561197960918620
76561197960918625
76561197960918630
76561197960918632
76561197960918633
76561197960918634
76561197960918638
76561197960918640
76561197960918641
76561197960918642
76561197960918643
76561197960918646
76561197960918648
76561197960918650
76561197960918654
76561197960918655
76561197960918656
76561197960918657
76561197960918659
76561197960918662
76561197960918663
76561197960918664
76561197960918673
76561197960918675
76561197960918677
76561197960918681
76561197960918682
76561197960918686
76561197960918687
76561197960918691
76561197960918692
76561197960918694
76561197960918696
76561197960918697
76561197960918701
76561197960918706
76561197960918709
76561197960918710
76561197960918711
76561197960918714
76561197960918715
76561197960918717
76561197960918718
76561197960918719
76561197960918721
76561197960918725
76561197960918729
76561197960918731
76561197960918733
76561197960918735
76561197960918736
76561197960918738
76561197960918739
76561197960918742
76561197960918747
76561197960918749
76561197960918750
76561197960918751
76561197960918752
76561197960918753
76561197960918756
76561197960918757
76561197960918759
76561197960918761
76561197960918762
76561197960918764
76561197960918766
76561197960918767
76561197960918771
76561197960918776
76561197960918777
76561197960918781
76561197960918782
76561197960918783
76561197960918784
76561197960918786
76561197960918787
76561197960918788
76561197960918790
76561197960918793
76561197960918794
76561197960918795
76561197960918801
76561197960918803
76561197960918810
76561197960918812
76561197960918815
76561197960918816
76561197960918817
76561197960918819
76561197960918820
76561197960918823
76561197960918824
76561197960918829
76561197960918830
76561197960918834
76561197960918837
76561197960918840
76561197960918842
76561197960918843
76561197960918846
76561197960918850
76561197960918851
76561197960918854
76561197960918859
76561197960918861
76561197960918866
76561197960918867
76561197960918872
76561197960918873
76561197960918874
76561197960918876
76561197960918877
76561197960918881
76561197960918888
76561197960918889
76561197960918890
76561197960918891
76561197960918896
76561197960918897
76561197960918899
76561197960918900
76561197960918903
76561197960918906
76561197960918908
76561197960918909
76561197960918910
76561197960918911
76561197960918914
76561197960918915
76561197960918918
76561197960918919
76561197960918922
76561197960918924
76561197960918931
76561197960918934
76561197960918936
76561197960918937
76561197960918940
76561197960918942
76561197960918946
76561197960918947
76561197960918948
76561197960918949
76561197960918952
76561197960918954
76561197960918955
76561197960918958
76561197960918959
76561197960918960
76561197960918961
76561197960918962
76561197960918966
76561197960918968
76561197960918972
76561197960918974
76561197960918976
76561197960918978
76561197960918981
76561197960918982
76561197960918986
76561197960918987
76561197960918989
76561197960918990
76561197960918992
76561197960918994
76561197960918998
76561197960918999
76561197960919001
76561197960919002
76561197960919005
76561197960919007
76561197960919008
76561197960919009
76561197960919010
76561197960919016
76561197960919020
76561197960919021
76561197960919023
76561197960919028
76561197960919029
76561197960919030
76561197960919031
76561197960919032
76561197960919033
76561197960919034
76561197960919035
76561197960919036
76561197960919038
76561197960919040
76561197960919041
76561197960919042
76561197960919049
76561197960919054
76561197960919057
76561197960919059
76561197960919060
76561197960919062
76561197960919064
76561197960919066
76561197960919068
76561197960919070
76561197960919071
76561197960919072
76561197960919074
76561197960919075
76561197960919077
76561197960919079
76561197960919080
76561197960919081
76561197960919083
76561197960919085
76561197960919086
76561197960919087
76561197960919088
76561197960919089
76561197960919090
76561197960919094
76561197960919097
76561197960919098
76561197960919101
76561197960919102
76561197960919103
76561197960919104
76561197960919105
76561197960919107
76561197960919112
76561197960919115
76561197960919116
76561197960919117
76561197960919122
76561197960919125
76561197960919126
76561197960919128
76561197960919134
76561197960919135
76561197960919136
76561197960919137
76561197960919140
76561197960919141
76561197960919142
76561197960919143
76561197960919146
76561197960919149
76561197960919150
76561197960919151
76561197960919152
76561197960919155
76561197960919158
76561197960919161
76561197960919165
76561197960919166
76561197960919167
76561197960919168
76561197960919170
76561197960919171
76561197960919172
76561197960919176
76561197960919177
76561197960919178
76561197960919181
76561197960919183
76561197960919186
76561197960919187
76561197960919188
76561197960919189
76561197960919190
76561197960919193
76561197960919196
76561197960919197
76561197960919199
76561197960919200
76561197960919203
76561197960919207
76561197960919208
76561197960919209
76561197960919213
76561197960919214
76561197960919218
76561197960919220
76561197960919224
76561197960919226
76561197960919230
76561197960919231
76561197960919233
76561197960919234
76561197960919236
76561197960919238
76561197960919240
76561197960919244
76561197960919245
76561197960919246
76561197960919248
76561197960919250
76561197960919252
76561197960919257
76561197960919258
76561197960919259
76561197960919260
76561197960919262
76561197960919264
76561197960919265
76561197960919267
76561197960919268
76561197960919270
76561197960919271
76561197960919272
76561197960919274
76561197960919275
76561197960919280
76561197960919282
76561197960919285
76561197960919286
76561197960919287
76561197960919292
76561197960919293
76561197960919294
76561197960919296
76561197960919298
76561197960919302
76561197960919304
76561197960919305
76561197960919306
76561197960919307
76561197960919309
76561197960919310
76561197960919311
76561197960919313
76561197960919314
76561197960919315
76561197960919316
76561197960919317
76561197960919318
76561197960919320
76561197960919323
76561197960919324
76561197960919325
76561197960919326
76561197960919330
76561197960919331
76561197960919336
76561197960919337
76561197960919339
76561197960919340
76561197960919343
76561197960919348
76561197960919350
76561197960919354
76561197960919358
76561197960919359
76561197960919360
76561197960919361
76561197960919362
76561197960919363
76561197960919365
76561197960919366
76561197960919368
76561197960919369
76561197960919372
76561197960919374
76561197960919376
76561197960919385
76561197960919386
76561197960919389
76561197960919390
76561197960919394
76561197960919399
76561197960919400
76561197960919404
76561197960919406
76561197960919407
76561197960919408
76561197960919411
76561197960919412
76561197960919415
76561197960919416
76561197960919417
76561197960919418
76561197960919420
76561197960919428
76561197960919429
76561197960919430
76561197960919431
76561197960919434
76561197960919436
76561197960919438
76561197960919439
76561197960919440
76561197960919442
76561197960919443
76561197960919445
76561197960919446
76561197960919448
76561197960919449
76561197960919450
76561197960919451
76561197960919452
76561197960919456
76561197960919458
76561197960919460
76561197960919464
76561197960919465
76561197960919466
76561197960919467
76561197960919470
76561197960919471
76561197960919472
76561197960919474
76561197960919475
76561197960919480
76561197960919481
76561197960919483
76561197960919485
76561197960919486
76561197960919489
76561197960919490
76561197960919493
76561197960919494
76561197960919495
76561197960919497
76561197960919502
76561197960919503
76561197960919504
76561197960919506
76561197960919508
76561197960919510
76561197960919514
76561197960919515
76561197960919518
76561197960919520
76561197960919525
76561197960919527
76561197960919529
76561197960919530
76561197960919531
76561197960919532
76561197960919534
76561197960919535
76561197960919536
76561197960919538
76561197960919539
76561197960919540
76561197960919541
76561197960919544
76561197960919546
76561197960919549
76561197960919550
76561197960919554
76561197960919556
76561197960919557
76561197960919562
76561197960919564
76561197960919568
76561197960919572
76561197960919578
76561197960919579
76561197960919582
76561197960919584
76561197960919588
76561197960919590
76561197960919592
76561197960919598
76561197960919602
76561197960919603
76561197960919604
76561197960919606
76561197960919607
76561197960919608
76561197960919610
76561197960919611
76561197960919612
76561197960919614
76561197960919616
76561197960919618
76561197960919620
76561197960919621
76561197960919622
76561197960919623
76561197960919624
76561197960919626
76561197960919628
76561197960919629
76561197960919632
76561197960919634
76561197960919636
76561197960919639
76561197960919640
76561197960919642
76561197960919647
76561197960919650
76561197960919652
76561197960919653
76561197960919654
76561197960919658
76561197960919661
76561197960919665
76561197960919671
76561197960919672
76561197960919673
76561197960919674
76561197960919675
76561197960919678
76561197960919680
76561197960919682
76561197960919683
76561197960919686
76561197960919688
76561197960919689
76561197960919690
76561197960919697
76561197960919699
76561197960919700
76561197960919703
76561197960919704
76561197960919706
76561197960919708
76561197960919709
76561197960919711
76561197960919713
76561197960919714
76561197960919715
76561197960919716
76561197960919717
76561197960919719
76561197960919720
76561197960919724
76561197960919727
76561197960919729
76561197960919730
76561197960919732
76561197960919733
76561197960919734
76561197960919737
76561197960919738
76561197960919740
76561197960919742
76561197960919743
76561197960919744
76561197960919746
76561197960919748
76561197960919749
76561197960919750
76561197960919753
76561197960919756
76561197960919758
76561197960919763
76561197960919767
76561197960919770
76561197960919771
76561197960919772
76561197960919774
76561197960919775
76561197960919776
76561197960919778
76561197960919779
76561197960919781
76561197960919783
76561197960919784
76561197960919785
76561197960919786
76561197960919789
76561197960919790
76561197960919792
76561197960919793
76561197960919794
76561197960919795
76561197960919796
76561197960919797
76561197960919800
76561197960919802
76561197960919804
76561197960919805
76561197960919808
76561197960919810
76561197960919812
76561197960919813
76561197960919815
76561197960919816
76561197960919819
76561197960919822
76561197960919824
76561197960919825
76561197960919830
76561197960919831
76561197960919836
76561197960919837
76561197960919839
76561197960919841
76561197960919844
76561197960919847
76561197960919848
76561197960919849
76561197960919850
76561197960919851
76561197960919852
76561197960919853
76561197960919856
76561197960919857
76561197960919858
76561197960919860
76561197960919861
76561197960919862
76561197960919863
76561197960919864
76561197960919868
76561197960919870
76561197960919871
76561197960919872
76561197960919873
76561197960919874
76561197960919876
76561197960919879
76561197960919880
76561197960919884
76561197960919885
76561197960919886
76561197960919887
76561197960919888
76561197960919889
76561197960919892
76561197960919893
76561197960919894
76561197960919896
76561197960919898
76561197960919900
76561197960919903
76561197960919904
76561197960919905
76561197960919908
76561197960919909
76561197960919911
76561197960919912
76561197960919913
76561197960919914
76561197960919915
76561197960919919
76561197960919921
76561197960919922
76561197960919926
76561197960919928
76561197960919930
76561197960919932
76561197960919935
76561197960919936
76561197960919937
76561197960919938
76561197960919940
76561197960919942
76561197960919945
76561197960919946
76561197960919947
76561197960919948
76561197960919949
76561197960919950
76561197960919951
76561197960919954
76561197960919955
76561197960919956
76561197960919958
76561197960919960
76561197960919961
76561197960919962
76561197960919964
76561197960919966
76561197960919967
76561197960919968
76561197960919969
76561197960919970
76561197960919974
76561197960919976
76561197960919977
76561197960919978
76561197960919980
76561197960919981
76561197960919983
76561197960919985
76561197960919986
76561197960919987
76561197960919989
76561197960919990
76561197960919991
76561197960919992
76561197960919993
76561197960919994
76561197960919997
76561197960919998
76561197960920000
76561197960920004
76561197960920005
76561197960920006
76561197960920008
76561197960920009
76561197960920011
76561197960920012
76561197960920013
76561197960920014
76561197960920015
76561197960920016
76561197960920017
76561197960920018
76561197960920019
76561197960920020
76561197960920022
76561197960920023
76561197960920025
76561197960920026
76561197960920028
76561197960920030
76561197960920031
76561197960920032
76561197960920034
76561197960920035
76561197960920036
76561197960920037
76561197960920038
76561197960920039
76561197960920040
76561197960920044
76561197960920045
76561197960920046
76561197960920047
76561197960920048
76561197960920049
76561197960920051
76561197960920052
76561197960920053
76561197960920055
76561197960920056
76561197960920059
76561197960920060
76561197960920062
76561197960920068
76561197960920069
76561197960920070
76561197960920071
76561197960920072
76561197960920073
76561197960920076
76561197960920080
76561197960920084
76561197960920087
76561197960920088
76561197960920089
76561197960920090
76561197960920091
76561197960920092
76561197960920093
76561197960920096
76561197960920101
76561197960920102
76561197960920104
76561197960920105
76561197960920106
76561197960920110
76561197960920111
76561197960920112
76561197960920115
76561197960920116
76561197960920117
76561197960920120
76561197960920121
76561197960920122
76561197960920123
76561197960920124
76561197960920127
76561197960920128
76561197960920129
76561197960920131
76561197960920132
76561197960920133
76561197960920136
76561197960920137
76561197960920139
76561197960920140
76561197960920142
76561197960920144
76561197960920146
76561197960920147
76561197960920148
76561197960920152
76561197960920154
76561197960920161
76561197960920162
76561197960920163
76561197960920165
76561197960920166
76561197960920167
76561197960920170
76561197960920171
76561197960920174
76561197960920176
76561197960920178
76561197960920180
76561197960920181
76561197960920182
76561197960920183
76561197960920185
76561197960920187
76561197960920189
76561197960920192
76561197960920193
76561197960920194
76561197960920196
76561197960920199
76561197960920200
76561197960920201
76561197960920202
76561197960920205
76561197960920206
76561197960920208
76561197960920211
76561197960920212
76561197960920215
76561197960920217
76561197960920219
76561197960920220
76561197960920222
76561197960920223
76561197960920226
76561197960920228
76561197960920231
76561197960920232
76561197960920236
76561197960920237
76561197960920238
76561197960920239
76561197960920240
76561197960920244
76561197960920246
76561197960920248
76561197960920249
76561197960920254
76561197960920256
76561197960920260
76561197960920264
76561197960920266
76561197960920267
76561197960920270
76561197960920273
76561197960920274
76561197960920276
76561197960920279
76561197960920282
76561197960920283
76561197960920284
76561197960920286
76561197960920287
76561197960920291
76561197960920292
76561197960920294
76561197960920297
76561197960920301
76561197960920302
76561197960920303
76561197960920305
76561197960920306
76561197960920310
76561197960920312
76561197960920316
76561197960920320
76561197960920322
76561197960920323
76561197960920324
76561197960920327
76561197960920328
76561197960920329
76561197960920332
76561197960920333
76561197960920334
76561197960920335
76561197960920336
76561197960920337
76561197960920340
76561197960920341
76561197960920342
76561197960920344
76561197960920345
76561197960920346
76561197960920348
76561197960920350
76561197960920351
76561197960920353
76561197960920354
76561197960920355
76561197960920356
76561197960920359
76561197960920360
76561197960920361
76561197960920362
76561197960920364
76561197960920365
76561197960920366
76561197960920368
76561197960920369
76561197960920370
76561197960920372
76561197960920374
76561197960920375
76561197960920376
76561197960920378
76561197960920382
76561197960920383
76561197960920386
76561197960920387
76561197960920388
76561197960920389
76561197960920390
76561197960920393
76561197960920396
76561197960920397
76561197960920398
76561197960920399
76561197960920400
76561197960920401
76561197960920403
76561197960920406
76561197960920407
76561197960920408
76561197960920409
76561197960920410
76561197960920411
76561197960920412
76561197960920413
76561197960920414
76561197960920419
76561197960920421
76561197960920422
