76561197960674922
76561197960674923
76561197960674925
76561197960674926
76561197960674928
76561197960674929
76561197960674930
76561197960674931
76561197960674932
76561197960674933
76561197960674934
76561197960674936
76561197960674937
76561197960674938
76561197960674939
76561197960674941
76561197960674942
76561197960674945
76561197960674946
76561197960674947
76561197960674948
76561197960674951
76561197960674952
76561197960674953
76561197960674955
76561197960674956
76561197960674957
76561197960674958
76561197960674959
76561197960674960
76561197960674961
76561197960674963
76561197960674964
76561197960674966
76561197960674969
76561197960674971
76561197960674972
76561197960674973
76561197960674975
76561197960674976
76561197960674977
76561197960674980
76561197960674981
76561197960674982
76561197960674983
76561197960674984
76561197960674985
76561197960674987
76561197960674988
76561197960674989
76561197960674990
76561197960674992
76561197960674995
76561197960674997
76561197960674998
76561197960675001
76561197960675002
76561197960675004
76561197960675006
76561197960675007
76561197960675008
76561197960675009
76561197960675010
76561197960675011
76561197960675012
76561197960675013
76561197960675015
76561197960675016
76561197960675017
76561197960675018
76561197960675021
76561197960675022
76561197960675023
76561197960675024
76561197960675026
76561197960675027
76561197960675028
76561197960675029
76561197960675030
76561197960675031
76561197960675032
76561197960675033
76561197960675034
76561197960675035
76561197960675036
76561197960675037
76561197960675038
76561197960675039
76561197960675040
76561197960675041
76561197960675042
76561197960675043
76561197960675044
76561197960675045
76561197960675046
76561197960675047
76561197960675048
76561197960675050
76561197960675051
76561197960675052
76561197960675053
76561197960675054
76561197960675055
76561197960675056
76561197960675058
76561197960675060
76561197960675061
76561197960675062
76561197960675063
76561197960675064
76561197960675066
76561197960675067
76561197960675068
76561197960675070
76561197960675071
76561197960675072
76561197960675073
76561197960675076
76561197960675077
76561197960675078
76561197960675079
76561197960675080
76561197960675082
76561197960675083
76561197960675086
76561197960675087
76561197960675088
76561197960675089
76561197960675090
76561197960675091
76561197960675092
76561197960675093
76561197960675094
76561197960675095
76561197960675096
76561197960675097
76561197960675099
76561197960675100
76561197960675101
76561197960675102
76561197960675103
76561197960675104
76561197960675105
76561197960675106
76561197960675107
76561197960675108
76561197960675109
76561197960675111
76561197960675112
76561197960675115
76561197960675116
76561197960675117
76561197960675119
76561197960675120
76561197960675121
76561197960675122
76561197960675123
76561197960675124
76561197960675126
76561197960675127
76561197960675128
76561197960675129
76561197960675130
76561197960675131
76561197960675133
76561197960675134
76561197960675135
76561197960675136
76561197960675137
76561197960675138
76561197960675140
76561197960675141
76561197960675142
76561197960675143
76561197960675144
76561197960675145
76561197960675148
76561197960675149
76561197960675150
76561197960675152
76561197960675154
76561197960675155
76561197960675156
76561197960675158
76561197960675159
76561197960675161
76561197960675162
76561197960675163
76561197960675164
76561197960675165
76561197960675166
76561197960675167
76561197960675168
76561197960675169
76561197960675171
76561197960675172
76561197960675173
76561197960675175
76561197960675176
76561197960675177
76561197960675178
76561197960675179
76561197960675180
76561197960675181
76561197960675182
76561197960675183
76561197960675184
76561197960675185
76561197960675188
76561197960675190
76561197960675191
76561197960675192
76561197960675193
76561197960675194
76561197960675195
76561197960675199
76561197960675200
76561197960675201
76561197960675202
76561197960675203
76561197960675204
76561197960675205
76561197960675206
76561197960675208
76561197960675209
76561197960675210
76561197960675211
76561197960675212
76561197960675214
76561197960675215
76561197960675216
76561197960675217
76561197960675218
76561197960675219
76561197960675220
76561197960675221
76561197960675222
76561197960675223
76561197960675225
76561197960675226
76561197960675227
76561197960675228
76561197960675231
76561197960675232
76561197960675233
76561197960675234
76561197960675235
76561197960675236
76561197960675237
76561197960675238
76561197960675239
76561197960675240
76561197960675241
76561197960675243
76561197960675245
76561197960675246
76561197960675248
76561197960675249
76561197960675250
76561197960675251
76561197960675252
76561197960675253
76561197960675254
76561197960675255
76561197960675256
76561197960675258
76561197960675259
76561197960675260
76561197960675261
76561197960675265
76561197960675266
76561197960675267
76561197960675269
76561197960675270
76561197960675271
76561197960675272
76561197960675273
76561197960675276
76561197960675277
76561197960675278
76561197960675279
76561197960675280
76561197960675281
76561197960675282
76561197960675284
76561197960675285
76561197960675286
76561197960675287
76561197960675288
76561197960675289
76561197960675290
76561197960675291
76561197960675292
76561197960675293
76561197960675294
76561197960675295
76561197960675296
76561197960675297
76561197960675298
76561197960675299
76561197960675301
76561197960675302
76561197960675303
76561197960675304
76561197960675305
76561197960675308
76561197960675309
76561197960675310
76561197960675311
76561197960675312
76561197960675313
76561197960675314
76561197960675316
76561197960675318
76561197960675319
76561197960675320
76561197960675322
76561197960675323
76561197960675325
76561197960675326
76561197960675327
76561197960675328
76561197960675329
76561197960675330
76561197960675331
76561197960675332
76561197960675334
76561197960675335
76561197960675337
76561197960675338
76561197960675339
76561197960675341
76561197960675342
76561197960675344
76561197960675345
76561197960675346
76561197960675349
76561197960675350
76561197960675352
76561197960675353
76561197960675355
76561197960675357
76561197960675359
76561197960675360
76561197960675362
76561197960675365
76561197960675368
76561197960675370
76561197960675371
76561197960675372
76561197960675373
76561197960675374
76561197960675375
76561197960675377
76561197960675378
76561197960675379
76561197960675380
76561197960675381
76561197960675382
76561197960675384
76561197960675385
76561197960675386
76561197960675387
76561197960675388
76561197960675390
76561197960675391
76561197960675392
76561197960675393
76561197960675394
76561197960675395
76561197960675396
76561197960675398
76561197960675400
76561197960675401
76561197960675402
76561197960675403
76561197960675404
76561197960675406
76561197960675407
76561197960675409
76561197960675410
76561197960675411
76561197960675412
76561197960675414
76561197960675415
76561197960675416
76561197960675417
76561197960675418
76561197960675419
76561197960675420
76561197960675421
76561197960675422
76561197960675424
76561197960675425
76561197960675427
76561197960675428
76561197960675430
76561197960675431
76561197960675432
76561197960675433
76561197960675435
76561197960675436
76561197960675438
76561197960675439
76561197960675441
76561197960675442
76561197960675443
76561197960675444
76561197960675445
76561197960675446
76561197960675448
76561197960675449
76561197960675450
76561197960675451
76561197960675453
76561197960675454
76561197960675455
76561197960675456
76561197960675458
76561197960675460
76561197960675461
76561197960675463
76561197960675465
76561197960675467
76561197960675468
76561197960675469
76561197960675470
76561197960675471
76561197960675472
76561197960675474
76561197960675475
76561197960675476
76561197960675477
76561197960675479
76561197960675480
76561197960675481
76561197960675482
76561197960675483
76561197960675484
76561197960675485
76561197960675486
76561197960675487
76561197960675488
76561197960675490
76561197960675492
76561197960675494
76561197960675495
76561197960675496
76561197960675499
76561197960675501
76561197960675503
76561197960675504
76561197960675505
76561197960675507
76561197960675508
76561197960675509
76561197960675511
76561197960675513
76561197960675514
76561197960675515
76561197960675516
76561197960675517
76561197960675518
76561197960675519
76561197960675520
76561197960675523
76561197960675525
76561197960675526
76561197960675527
76561197960675528
76561197960675529
76561197960675530
76561197960675531
76561197960675532
76561197960675533
76561197960675534
76561197960675606
76561197960675608
76561197960675612
76561197960675613
76561197960675614
76561197960675615
76561197960675616
76561197960675617
76561197960675618
76561197960675619
76561197960675620
76561197960675621
76561197960675622
76561197960675623
76561197960675624
76561197960675625
76561197960675626
76561197960675628
76561197960675629
76561197960675630
76561197960675632
76561197960675633
76561197960675634
76561197960675635
76561197960675637
76561197960675639
76561197960675640
76561197960675642
76561197960675643
76561197960675644
76561197960675645
76561197960675647
76561197960675649
76561197960675651
76561197960675652
76561197960675653
76561197960675654
76561197960675656
76561197960675657
76561197960675658
76561197960675659
76561197960675660
76561197960675661
76561197960675662
76561197960675664
76561197960675665
76561197960675666
76561197960675668
76561197960675671
76561197960675672
76561197960675673
76561197960675674
76561197960675675
76561197960675676
76561197960675677
76561197960675678
76561197960675679
76561197960675680
76561197960675681
76561197960675682
76561197960675683
76561197960675684
76561197960675685
76561197960675686
76561197960675687
76561197960675689
76561197960675690
76561197960675692
76561197960675693
76561197960675694
76561197960675695
76561197960675696
76561197960675698
76561197960675699
76561197960675700
76561197960675701
76561197960675703
76561197960675704
76561197960675705
76561197960675706
76561197960675707
76561197960675708
76561197960675709
76561197960675710
76561197960675711
76561197960675712
76561197960675714
76561197960675715
76561197960675716
76561197960675717
76561197960675718
76561197960675719
76561197960675720
76561197960675721
76561197960675723
76561197960675724
76561197960675725
76561197960675726
76561197960675727
76561197960675728
76561197960675729
76561197960675730
76561197960675731
76561197960675732
76561197960675733
76561197960675734
76561197960675735
76561197960675736
76561197960675737
76561197960675738
76561197960675739
76561197960675740
76561197960675741
76561197960675742
76561197960675743
76561197960675744
76561197960675746
76561197960675747
76561197960675748
76561197960675751
76561197960675752
76561197960675753
76561197960675754
76561197960675755
76561197960675756
76561197960675757
76561197960675758
76561197960675759
76561197960675760
76561197960675761
76561197960675762
76561197960675763
76561197960675764
76561197960675765
76561197960675766
76561197960675767
76561197960675768
76561197960675769
76561197960675770
76561197960675771
76561197960675772
76561197960675773
76561197960675775
76561197960675776
76561197960675777
76561197960675778
76561197960675779
76561197960675781
76561197960675782
76561197960675783
76561197960675784
76561197960675785
76561197960675787
76561197960675788
76561197960675789
76561197960675790
76561197960675791
76561197960675792
76561197960675794
76561197960675795
76561197960675796
76561197960675799
76561197960675800
76561197960675801
76561197960675803
76561197960675805
76561197960675806
76561197960675808
76561197960675809
76561197960675810
76561197960675811
76561197960675814
76561197960675816
76561197960675817
76561197960675818
76561197960675819
76561197960675820
76561197960675821
76561197960675822
76561197960675823
76561197960675824
76561197960675825
76561197960675826
76561197960675827
76561197960675829
76561197960675830
76561197960675831
76561197960675832
76561197960675833
76561197960675834
76561197960675835
76561197960675837
76561197960675838
76561197960675839
76561197960675840
76561197960675841
76561197960675842
76561197960675844
76561197960675845
76561197960675846
76561197960675848
76561197960675850
76561197960675852
76561197960675854
76561197960675856
76561197960675857
76561197960675858
76561197960675859
76561197960675861
76561197960675862
76561197960675863
76561197960675865
76561197960675866
76561197960675867
76561197960675869
76561197960675870
76561197960675871
76561197960675872
76561197960675873
76561197960675875
76561197960675876
76561197960675877
76561197960675879
76561197960675880
76561197960675881
76561197960675884
76561197960675885
76561197960675888
76561197960675889
76561197960675891
76561197960675892
76561197960675893
76561197960675894
76561197960675895
76561197960675896
76561197960675899
76561197960675900
76561197960675901
76561197960675902
76561197960675903
76561197960675904
76561197960675905
76561197960675906
76561197960675907
76561197960675908
76561197960675909
76561197960675910
76561197960675911
76561197960675912
76561197960675913
76561197960675914
76561197960675915
76561197960675916
76561197960675917
76561197960675918
76561197960675919
76561197960675921
76561197960675922
76561197960675923
76561197960675925
76561197960675927
76561197960675928
76561197960675929
76561197960675930
76561197960675931
76561197960675932
76561197960675933
76561197960675934
76561197960675935
76561197960675936
76561197960675938
76561197960675939
76561197960675945
76561197960675946
76561197960675947
76561197960675948
76561197960675949
76561197960675951
76561197960675952
76561197960675953
76561197960675954
76561197960675955
76561197960675956
76561197960675957
76561197960675958
76561197960675959
76561197960675960
76561197960675962
76561197960675963
76561197960675964
76561197960675965
76561197960675966
76561197960675968
76561197960675970
76561197960675971
76561197960675972
76561197960675974
76561197960675975
76561197960675976
76561197960675978
76561197960675979
76561197960675980
76561197960675981
76561197960675982
76561197960675983
76561197960675985
76561197960675988
76561197960675989
76561197960675990
76561197960675991
76561197960675992
76561197960675993
76561197960675994
76561197960675997
76561197960675998
76561197960675999
76561197960676000
76561197960676001
76561197960676002
76561197960676003
76561197960676005
76561197960676006
76561197960676007
76561197960676008
76561197960676009
76561197960676010
76561197960676011
76561197960676013
76561197960676015
76561197960676016
76561197960676017
76561197960676018
76561197960676019
76561197960676021
76561197960676022
76561197960676023
76561197960676024
76561197960676025
76561197960676026
76561197960676027
76561197960676028
76561197960676029
76561197960676030
76561197960676031
76561197960676032
76561197960676033
76561197960676034
76561197960676036
76561197960676037
76561197960676038
76561197960676039
76561197960676040
76561197960676041
76561197960676042
76561197960676043
76561197960676045
76561197960676047
76561197960676048
76561197960676049
76561197960676050
76561197960676051
76561197960676052
76561197960676053
76561197960676056
76561197960676057
76561197960676058
76561197960676059
76561197960676060
76561197960676061
76561197960676062
76561197960676064
76561197960676066
76561197960676070
76561197960676072
76561197960676073
76561197960676074
76561197960676075
76561197960676077
76561197960676078
76561197960676079
76561197960676081
76561197960676082
76561197960676083
76561197960676084
76561197960676085
76561197960676086
76561197960676087
76561197960676088
76561197960676089
76561197960676090
76561197960676091
76561197960676092
76561197960676093
76561197960676095
76561197960676096
76561197960676097
76561197960676098
76561197960676099
76561197960676100
76561197960676101
76561197960676102
76561197960676103
76561197960676105
76561197960676107
76561197960676108
76561197960676109
76561197960676111
76561197960676112
76561197960676113
76561197960676114
76561197960676115
76561197960676117
76561197960676118
76561197960676119
76561197960676120
76561197960676121
76561197960676122
76561197960676123
76561197960676124
76561197960676125
76561197960676126
76561197960676127
76561197960676128
76561197960676130
76561197960676131
76561197960676132
76561197960676134
76561197960676135
76561197960676136
76561197960676137
76561197960676139
76561197960676140
76561197960676141
76561197960676142
76561197960676143
76561197960676145
76561197960676146
76561197960676147
76561197960676149
76561197960676150
76561197960676151
76561197960676152
76561197960676153
76561197960676154
76561197960676155
76561197960676156
76561197960676157
76561197960676158
76561197960676159
76561197960676162
76561197960676163
76561197960676164
76561197960676165
76561197960676166
76561197960676167
76561197960676168
76561197960676169
76561197960676170
76561197960676171
76561197960676172
76561197960676173
76561197960676174
76561197960676175
76561197960676176
76561197960676177
76561197960676178
76561197960676179
76561197960676180
76561197960676181
76561197960676182
76561197960676183
76561197960676185
76561197960676186
76561197960676187
76561197960676190
76561197960676191
76561197960676193
76561197960676195
76561197960676196
76561197960676197
76561197960676198
76561197960676202
76561197960676203
76561197960676204
76561197960676205
76561197960676206
76561197960676208
76561197960676209
76561197960676210
76561197960676211
76561197960676212
76561197960676213
76561197960676214
76561197960676215
76561197960676216
76561197960676217
76561197960676218
76561197960676219
76561197960676220
76561197960676221
76561197960676222
76561197960676224
76561197960676225
76561197960676226
76561197960676227
76561197960676229
76561197960676231
76561197960676232
76561197960676233
76561197960676234
76561197960676235
76561197960676236
76561197960676237
76561197960676238
76561197960676239
76561197960676240
76561197960676241
76561197960676242
76561197960676243
76561197960676244
76561197960676246
76561197960676247
76561197960676248
76561197960676249
