76561197961522087
76561197961522088
76561197961522089
76561197961522095
76561197961522096
76561197961522104
76561197961522105
76561197961522108
76561197961522109
76561197961522111
76561197961522112
76561197961522115
76561197961522118
76561197961522122
76561197961522126
76561197961522133
76561197961522136
76561197961522143
76561197961522145
76561197961522148
76561197961522150
76561197961522151
76561197961522152
76561197961522154
76561197961522155
76561197961522156
76561197961522160
76561197961522168
76561197961522170
76561197961522171
76561197961522173
76561197961522176
76561197961522179
76561197961522181
76561197961522185
76561197961522187
76561197961522188
76561197961522189
76561197961522190
76561197961522192
76561197961522195
76561197961522200
76561197961522201
76561197961522204
76561197961522208
76561197961522210
76561197961522212
76561197961522213
76561197961522214
76561197961522216
76561197961522217
76561197961522218
76561197961522220
76561197961522221
76561197961522222
76561197961522224
76561197961522227
76561197961522228
76561197961522235
76561197961522236
76561197961522240
76561197961522244
76561197961522246
76561197961522249
76561197961522251
76561197961522255
76561197961522257
76561197961522258
76561197961522264
76561197961522265
76561197961522267
76561197961522269
76561197961522271
76561197961522272
76561197961522276
76561197961522277
76561197961522278
76561197961522280
76561197961522282
76561197961522283
76561197961522284
76561197961522289
76561197961522290
76561197961522292
76561197961522293
76561197961522294
76561197961522296
76561197961522299
76561197961522300
76561197961522301
76561197961522303
76561197961522305
76561197961522307
76561197961522310
76561197961522311
76561197961522312
76561197961522316
76561197961522320
76561197961522321
76561197961522323
76561197961522324
76561197961522327
76561197961522330
76561197961522333
76561197961522334
76561197961522338
76561197961522341
76561197961522342
76561197961522343
76561197961522344
76561197961522347
76561197961522348
76561197961522349
76561197961522350
76561197961522351
76561197961522352
76561197961522355
76561197961522357
76561197961522360
76561197961522362
76561197961522365
76561197961522368
76561197961522369
76561197961522370
76561197961522373
76561197961522376
76561197961522377
76561197961522378
76561197961522379
76561197961522381
76561197961522384
76561197961522386
76561197961522391
76561197961522392
76561197961522394
76561197961522396
76561197961522397
76561197961522399
76561197961522402
76561197961522404
76561197961522405
76561197961522406
76561197961522408
76561197961522411
76561197961522412
76561197961522413
76561197961522414
76561197961522415
76561197961522416
76561197961522417
76561197961522418
76561197961522420
76561197961522421
76561197961522423
76561197961522426
76561197961522427
76561197961522428
76561197961522431
76561197961522432
76561197961522433
76561197961522439
76561197961522442
76561197961522445
76561197961522446
76561197961522451
76561197961522453
76561197961522454
76561197961522455
76561197961522457
76561197961522460
76561197961522461
76561197961522464
76561197961522465
76561197961522466
76561197961522468
76561197961522469
76561197961522470
76561197961522473
76561197961522474
76561197961522475
76561197961522476
76561197961522477
76561197961522480
76561197961522482
76561197961522484
76561197961522486
76561197961522488
76561197961522489
76561197961522491
76561197961522492
76561197961522493
76561197961522494
76561197961522495
76561197961522496
76561197961522497
76561197961522498
76561197961522499
76561197961522502
76561197961522503
76561197961522504
76561197961522505
76561197961522506
76561197961522507
76561197961522508
76561197961522513
76561197961522514
76561197961522517
76561197961522518
76561197961522519
76561197961522521
76561197961522524
76561197961522532
76561197961522534
76561197961522536
76561197961522539
76561197961522541
76561197961522543
76561197961522544
76561197961522546
76561197961522547
76561197961522550
76561197961522551
76561197961522552
76561197961522553
76561197961522554
76561197961522556
76561197961522557
76561197961522560
76561197961522561
76561197961522562
76561197961522563
76561197961522564
76561197961522565
76561197961522566
76561197961522567
76561197961522568
76561197961522569
76561197961522570
76561197961522571
76561197961522572
76561197961522573
76561197961522574
76561197961522576
76561197961522578
76561197961522580
76561197961522582
76561197961522583
76561197961522584
76561197961522587
76561197961522592
76561197961522593
76561197961522595
76561197961522598
76561197961522599
76561197961522606
76561197961522612
76561197961522613
76561197961522614
76561197961522615
76561197961522616
76561197961522619
76561197961522620
76561197961522624
76561197961522626
76561197961522627
76561197961522630
76561197961522632
76561197961522635
76561197961522640
76561197961522642
76561197961522645
76561197961522646
76561197961522652
76561197961522653
76561197961522654
76561197961522658
76561197961522659
76561197961522660
76561197961522665
76561197961522666
76561197961522667
76561197961522668
76561197961522669
76561197961522670
76561197961522675
76561197961522676
76561197961522678
76561197961522679
76561197961522684
76561197961522685
76561197961522689
76561197961522695
76561197961522696
76561197961522697
76561197961522698
76561197961522701
76561197961522703
76561197961522706
76561197961522709
76561197961522710
76561197961522717
76561197961522718
76561197961522721
76561197961522722
76561197961522724
76561197961522726
76561197961522730
76561197961522734
76561197961522737
76561197961522738
76561197961522740
76561197961522743
76561197961522744
76561197961522745
76561197961522747
76561197961522748
76561197961522750
76561197961522751
76561197961522754
76561197961522755
76561197961522760
76561197961522765
76561197961522769
76561197961522772
76561197961522773
76561197961522774
76561197961522775
76561197961522783
76561197961522784
76561197961522786
76561197961522787
76561197961522789
76561197961522792
76561197961522793
76561197961522794
76561197961522797
76561197961522799
76561197961522800
76561197961522801
76561197961522805
76561197961522806
76561197961522808
76561197961522811
76561197961522815
76561197961522816
76561197961522818
76561197961522819
76561197961522820
76561197961522821
76561197961522822
76561197961522825
76561197961522826
76561197961522828
76561197961522830
76561197961522832
76561197961522835
76561197961522836
76561197961522837
76561197961522838
76561197961522840
76561197961522841
76561197961522842
76561197961522843
76561197961522844
76561197961522845
76561197961522851
76561197961522853
76561197961522855
76561197961522857
76561197961522858
76561197961522860
76561197961522864
76561197961522865
76561197961522867
76561197961522868
76561197961522869
76561197961522870
76561197961522871
76561197961522872
76561197961522874
76561197961522878
76561197961522881
76561197961522883
76561197961522885
76561197961522886
76561197961522892
76561197961522893
76561197961522894
76561197961522896
76561197961522898
76561197961522901
76561197961522904
76561197961522907
76561197961522908
76561197961522911
76561197961522914
76561197961522916
76561197961522917
76561197961522918
76561197961522919
76561197961522923
76561197961522924
76561197961522925
76561197961522926
76561197961522927
76561197961522928
76561197961522929
76561197961522932
76561197961522933
76561197961522935
76561197961522938
76561197961522940
76561197961522942
76561197961522944
76561197961522948
76561197961522950
76561197961522953
76561197961522955
76561197961522956
76561197961522962
76561197961522965
76561197961522970
76561197961522977
76561197961523005
76561197961523014
76561197961523055
76561197961523074
76561197961523084
76561197961523085
76561197961523086
76561197961523087
76561197961523090
76561197961523093
76561197961523099
76561197961523101
76561197961523104
76561197961523110
76561197961523115
76561197961523117
76561197961523120
76561197961523122
76561197961523125
76561197961523128
76561197961523129
76561197961523135
76561197961523136
76561197961523137
76561197961523138
76561197961523143
76561197961523146
76561197961523148
76561197961523152
76561197961523153
76561197961523154
76561197961523155
76561197961523157
76561197961523160
76561197961523162
76561197961523163
76561197961523164
76561197961523165
76561197961523166
76561197961523167
76561197961523171
76561197961523172
76561197961523175
76561197961523176
76561197961523177
76561197961523178
76561197961523179
76561197961523181
76561197961523182
76561197961523183
76561197961523185
76561197961523186
76561197961523189
76561197961523193
76561197961523195
76561197961523196
76561197961523198
76561197961523200
76561197961523201
76561197961523202
76561197961523203
76561197961523208
76561197961523209
76561197961523217
76561197961523226
76561197961523229
76561197961523230
76561197961523231
76561197961523232
76561197961523234
76561197961523237
76561197961523238
76561197961523239
76561197961523240
76561197961523241
76561197961523242
76561197961523243
76561197961523250
76561197961523251
76561197961523252
76561197961523253
76561197961523256
76561197961523257
76561197961523259
76561197961523261
76561197961523270
76561197961523272
76561197961523276
76561197961523277
76561197961523279
76561197961523280
76561197961523281
76561197961523283
76561197961523284
76561197961523285
76561197961523288
76561197961523289
76561197961523290
76561197961523291
76561197961523294
76561197961523296
76561197961523297
76561197961523304
76561197961523305
76561197961523306
76561197961523308
76561197961523311
76561197961523312
76561197961523315
76561197961523318
76561197961523319
76561197961523322
76561197961523323
76561197961523324
76561197961523328
76561197961523329
76561197961523331
76561197961523335
76561197961523337
76561197961523339
76561197961523340
76561197961523341
76561197961523342
76561197961523345
76561197961523346
76561197961523347
76561197961523348
76561197961523350
76561197961523355
76561197961523359
76561197961523363
76561197961523364
76561197961523368
76561197961523370
76561197961523372
76561197961523374
76561197961523375
76561197961523378
76561197961523379
76561197961523380
76561197961523381
76561197961523382
76561197961523383
76561197961523385
76561197961523386
76561197961523389
76561197961523390
76561197961523392
76561197961523394
76561197961523395
76561197961523399
76561197961523400
76561197961523405
76561197961523409
76561197961523410
76561197961523411
76561197961523413
76561197961523416
76561197961523417
76561197961523418
76561197961523421
76561197961523422
76561197961523423
76561197961523424
76561197961523425
76561197961523426
76561197961523428
76561197961523431
76561197961523432
76561197961523433
76561197961523436
76561197961523440
76561197961523443
76561197961523450
76561197961523452
76561197961523455
76561197961523458
76561197961523459
76561197961523466
76561197961523469
76561197961523470
76561197961523472
76561197961523473
76561197961523474
76561197961523475
76561197961523477
76561197961523478
76561197961523479
76561197961523482
76561197961523483
76561197961523487
76561197961523488
76561197961523491
76561197961523493
76561197961523494
76561197961523495
76561197961523498
76561197961523504
76561197961523510
76561197961523511
76561197961523513
76561197961523515
76561197961523516
76561197961523518
76561197961523519
76561197961523521
76561197961523522
76561197961523525
76561197961523526
76561197961523528
76561197961523534
76561197961523536
76561197961523537
76561197961523541
76561197961523542
76561197961523544
76561197961523545
76561197961523547
76561197961523549
76561197961523554
76561197961523557
76561197961523563
76561197961523565
76561197961523566
76561197961523568
76561197961523570
76561197961523572
76561197961523573
76561197961523574
76561197961523575
76561197961523576
76561197961523581
76561197961523582
76561197961523583
76561197961523584
76561197961523587
76561197961523589
76561197961523590
76561197961523591
76561197961523597
76561197961523600
76561197961523602
76561197961523606
76561197961523608
76561197961523609
76561197961523611
76561197961523612
76561197961523614
76561197961523615
76561197961523617
76561197961523619
76561197961523620
76561197961523622
76561197961523624
76561197961523625
76561197961523626
76561197961523627
76561197961523629
76561197961523631
76561197961523635
76561197961523637
76561197961523639
76561197961523640
76561197961523641
76561197961523643
76561197961523644
76561197961523645
76561197961523646
76561197961523650
76561197961523657
76561197961523659
76561197961523661
76561197961523662
76561197961523663
76561197961523665
76561197961523669
76561197961523671
76561197961523675
76561197961523677
76561197961523683
76561197961523686
76561197961523688
76561197961523689
76561197961523690
76561197961523691
76561197961523694
76561197961523696
76561197961523697
76561197961523699
76561197961523700
76561197961523705
76561197961523708
76561197961523710
76561197961523712
76561197961523713
76561197961523714
76561197961523715
76561197961523718
76561197961523719
76561197961523723
76561197961523727
76561197961523728
76561197961523731
76561197961523734
76561197961523737
76561197961523738
76561197961523742
76561197961523743
76561197961523744
76561197961523747
76561197961523748
76561197961523749
76561197961523750
76561197961523752
76561197961523753
76561197961523754
76561197961523756
76561197961523758
76561197961523759
76561197961523765
76561197961523766
76561197961523767
76561197961523773
76561197961523774
76561197961523775
76561197961523776
76561197961523779
76561197961523780
76561197961523784
76561197961523786
76561197961523787
76561197961523789
76561197961523790
76561197961523794
76561197961523795
76561197961523796
76561197961523797
76561197961523799
76561197961523802
76561197961523803
76561197961523805
76561197961523806
76561197961523807
76561197961523811
76561197961523812
76561197961523813
76561197961523816
76561197961523817
76561197961523821
76561197961523822
76561197961523825
76561197961523829
76561197961523830
76561197961523834
76561197961523838
76561197961523844
76561197961523846
76561197961523847
76561197961523850
76561197961523859
76561197961523860
76561197961523861
76561197961523864
76561197961523867
76561197961523868
76561197961523869
76561197961523870
76561197961523871
76561197961523874
76561197961523875
76561197961523878
76561197961523879
76561197961523883
76561197961523884
76561197961523886
76561197961523887
76561197961523890
76561197961523892
76561197961523894
76561197961523898
76561197961523899
76561197961523900
76561197961523901
76561197961523903
76561197961523908
76561197961523909
76561197961523915
76561197961523916
76561197961523919
76561197961523920
76561197961523922
76561197961523923
76561197961523924
76561197961523928
76561197961523929
76561197961523933
76561197961523934
76561197961523935
76561197961523936
76561197961523937
76561197961523938
76561197961523940
76561197961523941
76561197961523943
76561197961523944
76561197961523945
76561197961523950
76561197961523951
76561197961523952
76561197961523955
76561197961523957
76561197961523958
76561197961523962
76561197961523963
76561197961523967
76561197961523968
76561197961523969
76561197961523970
76561197961523971
76561197961523972
76561197961523973
76561197961523975
76561197961523976
76561197961523978
76561197961523980
76561197961523981
76561197961523983
76561197961523984
76561197961523985
76561197961523987
76561197961523988
76561197961523990
76561197961523991
76561197961523994
76561197961523998
76561197961524000
76561197961524001
76561197961524002
76561197961524003
76561197961524006
76561197961524007
76561197961524008
76561197961524010
76561197961524015
76561197961524016
76561197961524019
76561197961524025
76561197961524026
76561197961524028
76561197961524029
76561197961524030
76561197961524033
76561197961524034
76561197961524035
76561197961524037
76561197961524039
76561197961524047
76561197961524048
76561197961524050
76561197961524051
76561197961524053
76561197961524056
76561197961524057
76561197961524058
76561197961524059
76561197961524065
76561197961524066
76561197961524068
76561197961524071
76561197961524072
76561197961524073
76561197961524075
76561197961524079
76561197961524080
76561197961524083
76561197961524084
76561197961524087
76561197961524088
76561197961524091
76561197961524092
76561197961524093
76561197961524098
76561197961524099
76561197961524100
76561197961524102
76561197961524103
76561197961524107
76561197961524108
76561197961524109
76561197961524114
76561197961524115
76561197961524118
76561197961524120
76561197961524122
76561197961524125
76561197961524126
76561197961524128
76561197961524130
76561197961524131
76561197961524133
76561197961524136
76561197961524138
76561197961524143
76561197961524145
76561197961524146
76561197961524147
76561197961524148
76561197961524149
76561197961524150
76561197961524152
76561197961524153
76561197961524154
76561197961524159
76561197961524160
76561197961524161
76561197961524162
76561197961524163
76561197961524166
76561197961524171
76561197961524172
76561197961524173
76561197961524174
76561197961524176
76561197961524179
76561197961524180
76561197961524182
76561197961524186
76561197961524187
76561197961524189
76561197961524191
76561197961524197
76561197961524198
76561197961524199
76561197961524200
76561197961524201
76561197961524202
76561197961524203
76561197961524205
76561197961524211
76561197961524212
76561197961524213
76561197961524215
76561197961524216
76561197961524217
76561197961524218
76561197961524222
76561197961524224
76561197961524225
76561197961524227
76561197961524231
76561197961524234
76561197961524235
76561197961524236
76561197961524237
76561197961524239
76561197961524240
76561197961524242
76561197961524243
76561197961524244
76561197961524251
76561197961524252
76561197961524255
76561197961524256
76561197961524258
76561197961524261
76561197961524262
76561197961524265
76561197961524267
76561197961524270
76561197961524271
76561197961524272
76561197961524273
76561197961524274
76561197961524275
76561197961524277
76561197961524279
76561197961524281
