76561197960573194
76561197960573195
76561197960573196
76561197960573198
76561197960573201
76561197960573202
76561197960573203
76561197960573204
76561197960573206
76561197960573207
76561197960573208
76561197960573210
76561197960573211
76561197960573212
76561197960573214
76561197960573215
76561197960573216
76561197960573217
76561197960573218
76561197960573219
76561197960573220
76561197960573221
76561197960573222
76561197960573223
76561197960573226
76561197960573227
76561197960573229
76561197960573231
76561197960573232
76561197960573233
76561197960573234
76561197960573235
76561197960573237
76561197960573238
76561197960573239
76561197960573240
76561197960573242
76561197960573244
76561197960573246
76561197960573247
76561197960573248
76561197960573249
76561197960573252
76561197960573253
76561197960573254
76561197960573255
76561197960573256
76561197960573257
76561197960573260
76561197960573261
76561197960573262
76561197960573263
76561197960573264
76561197960573267
76561197960573268
76561197960573269
76561197960573270
76561197960573271
76561197960573272
76561197960573274
76561197960573275
76561197960573276
76561197960573277
76561197960573278
76561197960573279
76561197960573280
76561197960573281
76561197960573282
76561197960573283
76561197960573284
76561197960573285
76561197960573286
76561197960573287
76561197960573288
76561197960573289
76561197960573290
76561197960573291
76561197960573292
76561197960573295
76561197960573296
76561197960573297
76561197960573298
76561197960573299
76561197960573300
76561197960573301
76561197960573302
76561197960573306
76561197960573307
76561197960573308
76561197960573311
76561197960573312
76561197960573314
76561197960573315
76561197960573316
76561197960573317
76561197960573318
76561197960573319
76561197960573320
76561197960573321
76561197960573323
76561197960573324
76561197960573325
76561197960573326
76561197960573327
76561197960573329
76561197960573333
76561197960573334
76561197960573335
76561197960573337
76561197960573339
76561197960573344
76561197960573348
76561197960573349
76561197960573351
76561197960573353
76561197960573354
76561197960573355
76561197960573356
76561197960573357
76561197960573358
76561197960573359
76561197960573360
76561197960573362
76561197960573363
76561197960573365
76561197960573366
76561197960573367
76561197960573368
76561197960573369
76561197960573370
76561197960573371
76561197960573372
76561197960573373
76561197960573374
76561197960573375
76561197960573377
76561197960573378
76561197960573379
76561197960573380
76561197960573382
76561197960573383
76561197960573384
76561197960573385
76561197960573387
76561197960573388
76561197960573389
76561197960573390
76561197960573391
76561197960573392
76561197960573393
76561197960573394
76561197960573395
76561197960573396
76561197960573400
76561197960573401
76561197960573402
76561197960573403
76561197960573405
76561197960573407
76561197960573408
76561197960573409
76561197960573410
76561197960573411
76561197960573412
76561197960573413
76561197960573414
76561197960573415
76561197960573417
76561197960573419
76561197960573420
76561197960573421
76561197960573423
76561197960573424
76561197960573425
76561197960573426
76561197960573427
76561197960573429
76561197960573430
76561197960573431
76561197960573432
76561197960573433
76561197960573434
76561197960573435
76561197960573436
76561197960573437
76561197960573438
76561197960573439
76561197960573440
76561197960573442
76561197960573443
76561197960573445
76561197960573446
76561197960573447
76561197960573448
76561197960573449
76561197960573450
76561197960573453
76561197960573454
76561197960573455
76561197960573457
76561197960573458
76561197960573459
76561197960573460
76561197960573461
76561197960573463
76561197960573464
76561197960573465
76561197960573466
76561197960573468
76561197960573469
76561197960573470
76561197960573471
76561197960573473
76561197960573474
76561197960573475
76561197960573476
76561197960573478
76561197960573480
76561197960573481
76561197960573482
76561197960573484
76561197960573486
76561197960573487
76561197960573488
76561197960573489
76561197960573490
76561197960573491
76561197960573492
76561197960573495
76561197960573498
76561197960573499
76561197960573500
76561197960573501
76561197960573506
76561197960573507
76561197960573508
76561197960573509
76561197960573510
76561197960573511
76561197960573513
76561197960573514
76561197960573515
76561197960573516
76561197960573517
76561197960573518
76561197960573519
76561197960573521
76561197960573522
76561197960573524
76561197960573525
76561197960573526
76561197960573528
76561197960573529
76561197960573530
76561197960573531
76561197960573532
76561197960573533
76561197960573535
76561197960573536
76561197960573537
76561197960573538
76561197960573540
76561197960573543
76561197960573544
76561197960573545
76561197960573546
76561197960573547
76561197960573548
76561197960573549
76561197960573550
76561197960573551
76561197960573552
76561197960573553
76561197960573554
76561197960573555
76561197960573557
76561197960573558
76561197960573559
76561197960573560
76561197960573561
76561197960573562
76561197960573563
76561197960573564
76561197960573565
76561197960573566
76561197960573567
76561197960573568
76561197960573569
76561197960573570
76561197960573571
76561197960573572
76561197960573574
76561197960573575
76561197960573576
76561197960573577
76561197960573580
76561197960573582
76561197960573583
76561197960573584
76561197960573585
76561197960573587
76561197960573590
76561197960573592
76561197960573593
76561197960573594
76561197960573595
76561197960573596
76561197960573597
76561197960573600
76561197960573601
76561197960573602
76561197960573603
76561197960573604
76561197960573606
76561197960573609
76561197960573610
76561197960573611
76561197960573612
76561197960573614
76561197960573615
76561197960573617
76561197960573618
76561197960573621
76561197960573622
76561197960573624
76561197960573625
76561197960573626
76561197960573629
76561197960573630
76561197960573631
76561197960573632
76561197960573633
76561197960573634
76561197960573635
76561197960573636
76561197960573637
76561197960573638
76561197960573641
76561197960573642
76561197960573643
76561197960573644
76561197960573646
76561197960573647
76561197960573648
76561197960573651
76561197960573653
76561197960573654
76561197960573655
76561197960573658
76561197960573659
76561197960573660
76561197960573661
76561197960573663
76561197960573664
76561197960573665
76561197960573666
76561197960573667
76561197960573669
76561197960573670
76561197960573674
76561197960573675
76561197960573677
76561197960573681
76561197960573682
76561197960573683
76561197960573685
76561197960573686
76561197960573688
76561197960573690
76561197960573691
76561197960573692
76561197960573693
76561197960573694
76561197960573695
76561197960573697
76561197960573699
76561197960573700
76561197960573701
76561197960573703
76561197960573708
76561197960573709
76561197960573711
76561197960573712
76561197960573713
76561197960573715
76561197960573716
76561197960573718
76561197960573719
76561197960573720
76561197960573721
76561197960573723
76561197960573724
76561197960573725
76561197960573726
76561197960573728
76561197960573729
76561197960573731
76561197960573733
76561197960573736
76561197960573737
76561197960573738
76561197960573739
76561197960573741
76561197960573742
76561197960573743
76561197960573745
76561197960573746
76561197960573747
76561197960573748
76561197960573749
76561197960573750
76561197960573751
76561197960573752
76561197960573754
76561197960573756
76561197960573757
76561197960573758
76561197960573759
76561197960573761
76561197960573762
76561197960573763
76561197960573764
76561197960573765
76561197960573766
76561197960573767
76561197960573768
76561197960573769
76561197960573770
76561197960573772
76561197960573773
76561197960573775
76561197960573776
76561197960573777
76561197960573778
76561197960573779
76561197960573780
76561197960573781
76561197960573782
76561197960573784
76561197960573786
76561197960573787
76561197960573788
76561197960573790
76561197960573791
76561197960573792
76561197960573793
76561197960573794
76561197960573796
76561197960573797
76561197960573798
76561197960573799
76561197960573800
76561197960573801
76561197960573802
76561197960573803
76561197960573804
76561197960573805
76561197960573806
76561197960573807
76561197960573808
76561197960573809
76561197960573810
76561197960573811
76561197960573812
76561197960573813
76561197960573814
76561197960573815
76561197960573816
76561197960573817
76561197960573820
76561197960573821
76561197960573822
76561197960573823
76561197960573824
76561197960573825
76561197960573826
76561197960573827
76561197960573828
76561197960573829
76561197960573830
76561197960573831
76561197960573832
76561197960573833
76561197960573835
76561197960573836
76561197960573837
76561197960573838
76561197960573839
76561197960573840
76561197960573841
76561197960573844
76561197960573845
76561197960573846
76561197960573847
76561197960573848
76561197960573849
76561197960573850
76561197960573851
76561197960573852
76561197960573853
76561197960573855
76561197960573858
76561197960573859
76561197960573860
76561197960573861
76561197960573862
76561197960573863
76561197960573865
76561197960573866
76561197960573867
76561197960573868
76561197960573869
76561197960573871
76561197960573872
76561197960573874
76561197960573875
76561197960573876
76561197960573877
76561197960573879
76561197960573880
76561197960573881
76561197960573882
76561197960573883
76561197960573884
76561197960573886
76561197960573888
76561197960573889
76561197960573891
76561197960573894
76561197960573895
76561197960573896
76561197960573897
76561197960573898
76561197960573899
76561197960573900
76561197960573901
76561197960573902
76561197960573904
76561197960573905
76561197960573911
76561197960573912
76561197960573913
76561197960573914
76561197960573915
76561197960573916
76561197960573917
76561197960573918
76561197960573919
76561197960573920
76561197960573921
76561197960573922
76561197960573923
76561197960573924
76561197960573925
76561197960573926
76561197960573927
76561197960573928
76561197960573929
76561197960573930
76561197960573931
76561197960573932
76561197960573933
76561197960573934
76561197960573935
76561197960573936
76561197960573937
76561197960573938
76561197960573939
76561197960573943
76561197960573945
76561197960573947
76561197960573949
76561197960573950
76561197960573951
76561197960573952
76561197960573955
76561197960573956
76561197960573957
76561197960573958
76561197960573962
76561197960573963
76561197960573964
76561197960573965
76561197960573966
76561197960573967
76561197960573969
76561197960573972
76561197960573973
76561197960573974
76561197960573975
76561197960573976
76561197960573977
76561197960573979
76561197960573980
76561197960573981
76561197960573983
76561197960573984
76561197960573986
76561197960573987
76561197960573988
76561197960573989
76561197960573990
76561197960573991
76561197960573992
76561197960573993
76561197960573994
76561197960573997
76561197960573998
76561197960573999
76561197960574000
76561197960574002
76561197960574004
76561197960574005
76561197960574006
76561197960574008
76561197960574009
76561197960574010
76561197960574011
76561197960574012
76561197960574013
76561197960574014
76561197960574015
76561197960574016
76561197960574017
76561197960574018
76561197960574019
76561197960574020
76561197960574021
76561197960574024
76561197960574027
76561197960574028
76561197960574029
76561197960574030
76561197960574032
76561197960574033
76561197960574035
76561197960574036
76561197960574038
76561197960574039
76561197960574040
76561197960574041
76561197960574043
76561197960574044
76561197960574045
76561197960574046
76561197960574047
76561197960574049
76561197960574050
76561197960574051
76561197960574052
76561197960574053
76561197960574054
76561197960574055
76561197960574058
76561197960574059
76561197960574060
76561197960574061
76561197960574062
76561197960574063
76561197960574064
76561197960574065
76561197960574066
76561197960574067
76561197960574068
76561197960574070
76561197960574071
76561197960574072
76561197960574073
76561197960574076
76561197960574077
76561197960574078
76561197960574079
76561197960574080
76561197960574083
76561197960574084
76561197960574085
76561197960574087
76561197960574088
76561197960574089
76561197960574092
76561197960574093
76561197960574094
76561197960574096
76561197960574098
76561197960574099
76561197960574100
76561197960574101
76561197960574102
76561197960574103
76561197960574104
76561197960574105
76561197960574106
76561197960574108
76561197960574110
76561197960574112
76561197960574113
76561197960574114
76561197960574115
76561197960574116
76561197960574117
76561197960574118
76561197960574119
76561197960574120
76561197960574121
76561197960574124
76561197960574126
76561197960574127
76561197960574128
76561197960574130
76561197960574131
76561197960574133
76561197960574135
76561197960574136
76561197960574137
76561197960574138
76561197960574139
76561197960574140
76561197960574142
76561197960574144
76561197960574145
76561197960574146
76561197960574147
76561197960574148
76561197960574150
76561197960574151
76561197960574153
76561197960574154
76561197960574155
76561197960574157
76561197960574158
76561197960574162
76561197960574163
76561197960574165
76561197960574166
76561197960574167
76561197960574168
76561197960574169
76561197960574170
76561197960574171
76561197960574172
76561197960574173
76561197960574174
76561197960574175
76561197960574176
76561197960574177
76561197960574178
76561197960574180
76561197960574181
76561197960574185
76561197960574186
76561197960574187
76561197960574189
76561197960574191
76561197960574192
76561197960574193
76561197960574197
76561197960574198
76561197960574199
76561197960574201
76561197960574202
76561197960574203
76561197960574205
76561197960574207
76561197960574208
76561197960574210
76561197960574211
76561197960574213
76561197960574214
76561197960574215
76561197960574216
76561197960574217
76561197960574218
76561197960574219
76561197960574220
76561197960574221
76561197960574222
76561197960574223
76561197960574224
76561197960574225
76561197960574226
76561197960574228
76561197960574229
76561197960574230
76561197960574231
76561197960574232
76561197960574235
76561197960574237
76561197960574239
76561197960574240
76561197960574241
76561197960574242
76561197960574243
76561197960574247
76561197960574248
76561197960574249
76561197960574250
76561197960574253
76561197960574255
76561197960574256
76561197960574261
76561197960574262
76561197960574263
76561197960574264
76561197960574265
76561197960574266
76561197960574267
76561197960574268
76561197960574270
76561197960574271
76561197960574274
76561197960574275
76561197960574276
76561197960574277
76561197960574279
76561197960574281
76561197960574282
76561197960574283
76561197960574284
76561197960574287
76561197960574289
76561197960574290
76561197960574291
76561197960574292
76561197960574295
76561197960574296
76561197960574299
76561197960574301
76561197960574303
76561197960574304
76561197960574306
76561197960574308
76561197960574309
76561197960574310
76561197960574311
76561197960574312
76561197960574313
76561197960574314
76561197960574315
76561197960574317
76561197960574319
76561197960574320
76561197960574321
76561197960574322
76561197960574324
76561197960574325
76561197960574326
76561197960574327
76561197960574328
76561197960574329
76561197960574330
76561197960574331
76561197960574332
76561197960574333
76561197960574334
76561197960574336
76561197960574337
76561197960574338
76561197960574339
76561197960574340
76561197960574341
76561197960574343
76561197960574344
76561197960574345
76561197960574346
76561197960574349
76561197960574350
76561197960574351
76561197960574352
76561197960574354
76561197960574355
76561197960574356
76561197960574358
76561197960574359
76561197960574360
76561197960574361
76561197960574363
76561197960574368
76561197960574369
76561197960574370
76561197960574371
76561197960574372
76561197960574373
76561197960574375
76561197960574378
76561197960574379
76561197960574380
76561197960574381
76561197960574382
76561197960574385
76561197960574386
76561197960574388
76561197960574390
76561197960574391
76561197960574392
76561197960574393
76561197960574394
76561197960574395
76561197960574396
76561197960574397
76561197960574398
76561197960574400
76561197960574401
76561197960574403
76561197960574404
76561197960574406
76561197960574407
76561197960574408
76561197960574409
76561197960574412
76561197960574413
76561197960574415
76561197960574416
76561197960574417
76561197960574418
76561197960574419
76561197960574420
76561197960574421
76561197960574422
76561197960574423
76561197960574424
76561197960574425
76561197960574427
76561197960574429
76561197960574430
76561197960574431
76561197960574432
76561197960574434
76561197960574435
76561197960574436
76561197960574437
76561197960574439
76561197960574440
76561197960574441
76561197960574442
76561197960574443
76561197960574444
76561197960574445
76561197960574447
76561197960574448
76561197960574449
76561197960574450
76561197960574453
76561197960574455
76561197960574456
76561197960574457
76561197960574458
76561197960574459
76561197960574460
76561197960574461
76561197960574465
76561197960574466
76561197960574467
76561197960574468
76561197960574469
76561197960574470
76561197960574471
76561197960574472
76561197960574474
76561197960574475
76561197960574476
76561197960574477
76561197960574478
76561197960574479
76561197960574481
76561197960574482
76561197960574483
76561197960574485
76561197960574486
76561197960574487
76561197960574490
76561197960574493
76561197960574494
76561197960574495
76561197960574496
76561197960574497
76561197960574498
76561197960574500
76561197960574501
76561197960574503
76561197960574504
76561197960574505
76561197960574507
76561197960574508
76561197960574509
76561197960574513
76561197960574514
76561197960574517
76561197960574518
76561197960574519
76561197960574520
76561197960574521
76561197960574523
76561197960574524
76561197960574525
76561197960574527
76561197960574528
76561197960574531
76561197960574535
76561197960574537
76561197960574538
