76561197961787035
76561197961787036
76561197961787037
76561197961787038
76561197961787039
76561197961787040
76561197961787041
76561197961787043
76561197961787044
76561197961787048
76561197961787049
76561197961787050
76561197961787051
76561197961787053
76561197961787055
76561197961787056
76561197961787057
76561197961787058
76561197961787059
76561197961787060
76561197961787061
76561197961787062
76561197961787064
76561197961787065
76561197961787068
76561197961787070
76561197961787071
76561197961787072
76561197961787073
76561197961787074
76561197961787075
76561197961787076
76561197961787077
76561197961787080
76561197961787081
76561197961787083
76561197961787084
76561197961787085
76561197961787087
76561197961787088
76561197961787090
76561197961787091
76561197961787092
76561197961787094
76561197961787095
76561197961787096
76561197961787097
76561197961787098
76561197961787100
76561197961787102
76561197961787105
76561197961787106
76561197961787107
76561197961787108
76561197961787109
76561197961787110
76561197961787111
76561197961787112
76561197961787113
76561197961787115
76561197961787117
76561197961787120
76561197961787121
76561197961787122
76561197961787123
76561197961787124
76561197961787125
76561197961787126
76561197961787127
76561197961787128
76561197961787130
76561197961787131
76561197961787134
76561197961787135
76561197961787136
76561197961787137
76561197961787138
76561197961787140
76561197961787141
76561197961787142
76561197961787145
76561197961787146
76561197961787147
76561197961787148
76561197961787149
76561197961787152
76561197961787153
76561197961787154
76561197961787155
76561197961787156
76561197961787157
76561197961787158
76561197961787160
76561197961787161
76561197961787162
76561197961787163
76561197961787164
76561197961787167
76561197961787169
76561197961787172
76561197961787173
76561197961787174
76561197961787175
76561197961787176
76561197961787178
76561197961787179
76561197961787180
76561197961787182
76561197961787183
76561197961787186
76561197961787187
76561197961787188
76561197961787189
76561197961787190
76561197961787194
76561197961787195
76561197961787197
76561197961787198
76561197961787199
76561197961787200
76561197961787201
76561197961787203
76561197961787204
76561197961787205
76561197961787207
76561197961787208
76561197961787209
76561197961787210
76561197961787212
76561197961787213
76561197961787214
76561197961787216
76561197961787217
76561197961787218
76561197961787219
76561197961787221
76561197961787223
76561197961787224
76561197961787225
76561197961787226
76561197961787229
76561197961787230
76561197961787231
76561197961787232
76561197961787235
76561197961787236
76561197961787239
76561197961787240
76561197961787241
76561197961787242
76561197961787243
76561197961787244
76561197961787245
76561197961787246
76561197961787248
76561197961787249
76561197961787251
76561197961787252
76561197961787254
76561197961787257
76561197961787258
76561197961787260
76561197961787261
76561197961787264
76561197961787265
76561197961787270
76561197961787271
76561197961787273
76561197961787276
76561197961787279
76561197961787280
76561197961787281
76561197961787282
76561197961787288
76561197961787289
76561197961787290
76561197961787291
76561197961787293
76561197961787294
76561197961787296
76561197961787298
76561197961787299
76561197961787301
76561197961787302
76561197961787303
76561197961787304
76561197961787305
76561197961787306
76561197961787307
76561197961787308
76561197961787309
76561197961787310
76561197961787311
76561197961787314
76561197961787320
76561197961787331
76561197961787346
76561197961787348
76561197961787363
76561197961787379
76561197961787452
76561197961787463
76561197961787482
76561197961787494
76561197961787518
76561197961787593
76561197961787617
76561197961787622
76561197961787624
76561197961787625
76561197961787626
76561197961787627
76561197961787628
76561197961787629
76561197961787630
76561197961787631
76561197961787632
76561197961787637
76561197961787638
76561197961787639
76561197961787640
76561197961787641
76561197961787642
76561197961787643
76561197961787644
76561197961787645
76561197961787646
76561197961787648
76561197961787649
76561197961787651
76561197961787652
76561197961787654
76561197961787657
76561197961787658
76561197961787661
76561197961787663
76561197961787664
76561197961787665
76561197961787666
76561197961787667
76561197961787668
76561197961787670
76561197961787671
76561197961787673
76561197961787674
76561197961787675
76561197961787676
76561197961787678
76561197961787680
76561197961787682
76561197961787683
76561197961787684
76561197961787685
76561197961787686
76561197961787688
76561197961787689
76561197961787690
76561197961787691
76561197961787693
76561197961787694
76561197961787696
76561197961787700
76561197961787702
76561197961787703
76561197961787706
76561197961787707
76561197961787708
76561197961787709
76561197961787712
76561197961787713
76561197961787714
76561197961787715
76561197961787716
76561197961787717
76561197961787721
76561197961787722
76561197961787723
76561197961787725
76561197961787726
76561197961787728
76561197961787729
76561197961787730
76561197961787731
76561197961787732
76561197961787733
76561197961787734
76561197961787735
76561197961787738
76561197961787739
76561197961787740
76561197961787742
76561197961787743
76561197961787744
76561197961787746
76561197961787747
76561197961787748
76561197961787749
76561197961787750
76561197961787751
76561197961787752
76561197961787753
76561197961787756
76561197961787757
76561197961787758
76561197961787759
76561197961787760
76561197961787762
76561197961787764
76561197961787766
76561197961787767
76561197961787768
76561197961787769
76561197961787770
76561197961787771
76561197961787772
76561197961787774
76561197961787775
76561197961787776
76561197961787778
76561197961787780
76561197961787781
76561197961787782
76561197961787783
76561197961787784
76561197961787785
76561197961787786
76561197961787787
76561197961787790
76561197961787791
76561197961787793
76561197961787794
76561197961787795
76561197961787796
76561197961787798
76561197961787799
76561197961787800
76561197961787801
76561197961787803
76561197961787804
76561197961787805
76561197961787807
76561197961787809
76561197961787812
76561197961787813
76561197961787814
76561197961787816
76561197961787817
76561197961787820
76561197961787821
76561197961787824
76561197961787825
76561197961787826
76561197961787827
76561197961787828
76561197961787830
76561197961787831
76561197961787834
76561197961787836
76561197961787837
76561197961787838
76561197961787840
76561197961787841
76561197961787843
76561197961787844
76561197961787846
76561197961787848
76561197961787849
76561197961787850
76561197961787851
76561197961787854
76561197961787855
76561197961787857
76561197961787859
76561197961787860
76561197961787861
76561197961787862
76561197961787863
76561197961787864
76561197961787865
76561197961787866
76561197961787867
76561197961787868
76561197961787869
76561197961787872
76561197961787874
76561197961787877
76561197961787878
76561197961787880
76561197961787881
76561197961787882
76561197961787883
76561197961787884
76561197961787887
76561197961787888
76561197961787889
76561197961787890
76561197961787891
76561197961787895
76561197961787897
76561197961787898
76561197961787899
76561197961787901
76561197961787904
76561197961787906
76561197961787907
76561197961787908
76561197961787909
76561197961787911
76561197961787914
76561197961787917
76561197961787918
76561197961787920
76561197961787922
76561197961787924
76561197961787926
76561197961787928
76561197961787930
76561197961787931
76561197961787932
76561197961787933
76561197961787935
76561197961787936
76561197961787938
76561197961787939
76561197961787940
76561197961787941
76561197961787942
76561197961787944
76561197961787946
76561197961787947
76561197961787950
76561197961787951
76561197961787953
76561197961787954
76561197961787955
76561197961787956
76561197961787957
76561197961787958
76561197961787959
76561197961787961
76561197961787965
76561197961787966
76561197961787967
76561197961787969
76561197961787971
76561197961787973
76561197961787974
76561197961787975
76561197961787976
76561197961787978
76561197961787980
76561197961787982
76561197961787984
76561197961787986
76561197961787988
76561197961787992
76561197961787994
76561197961787995
76561197961787996
76561197961787999
76561197961788000
76561197961788001
76561197961788003
76561197961788004
76561197961788005
76561197961788007
76561197961788009
76561197961788012
76561197961788013
76561197961788014
76561197961788016
76561197961788017
76561197961788019
76561197961788020
76561197961788021
76561197961788022
76561197961788024
76561197961788026
76561197961788027
76561197961788028
76561197961788029
76561197961788030
76561197961788031
76561197961788032
76561197961788033
76561197961788035
76561197961788037
76561197961788038
76561197961788040
76561197961788042
76561197961788043
76561197961788045
76561197961788049
76561197961788053
76561197961788054
76561197961788055
76561197961788059
76561197961788062
76561197961788063
76561197961788064
76561197961788065
76561197961788066
76561197961788067
76561197961788072
76561197961788073
76561197961788074
76561197961788075
76561197961788076
76561197961788077
76561197961788080
76561197961788081
76561197961788082
76561197961788083
76561197961788084
76561197961788085
76561197961788088
76561197961788091
76561197961788092
76561197961788093
76561197961788095
76561197961788096
76561197961788097
76561197961788098
76561197961788100
76561197961788101
76561197961788102
76561197961788103
76561197961788104
76561197961788106
76561197961788107
76561197961788109
76561197961788110
76561197961788111
76561197961788112
76561197961788113
76561197961788114
76561197961788115
76561197961788116
76561197961788117
76561197961788119
76561197961788121
76561197961788122
76561197961788123
76561197961788124
76561197961788125
76561197961788126
76561197961788130
76561197961788134
76561197961788135
76561197961788136
76561197961788137
76561197961788139
76561197961788140
76561197961788142
76561197961788143
76561197961788144
76561197961788145
76561197961788146
76561197961788147
76561197961788148
76561197961788149
76561197961788150
76561197961788152
76561197961788153
76561197961788156
76561197961788157
76561197961788158
76561197961788160
76561197961788161
76561197961788162
76561197961788163
76561197961788167
76561197961788169
76561197961788172
76561197961788174
76561197961788175
76561197961788176
76561197961788178
76561197961788179
76561197961788182
76561197961788184
76561197961788185
76561197961788186
76561197961788187
76561197961788189
76561197961788193
76561197961788198
76561197961788201
76561197961788202
76561197961788203
76561197961788204
76561197961788207
76561197961788208
76561197961788209
76561197961788210
76561197961788211
76561197961788212
76561197961788213
76561197961788214
76561197961788215
76561197961788216
76561197961788217
76561197961788218
76561197961788219
76561197961788220
76561197961788221
76561197961788222
76561197961788223
76561197961788224
76561197961788225
76561197961788226
76561197961788227
76561197961788228
76561197961788229
76561197961788230
76561197961788233
76561197961788234
76561197961788235
76561197961788237
76561197961788238
76561197961788240
76561197961788241
76561197961788242
76561197961788243
76561197961788245
76561197961788247
76561197961788248
76561197961788249
76561197961788250
76561197961788251
76561197961788253
76561197961788254
76561197961788256
76561197961788257
76561197961788258
76561197961788259
76561197961788260
76561197961788261
76561197961788262
76561197961788263
76561197961788264
76561197961788265
76561197961788266
76561197961788268
76561197961788269
76561197961788270
76561197961788271
76561197961788272
76561197961788275
76561197961788277
76561197961788278
76561197961788279
76561197961788280
76561197961788282
76561197961788283
76561197961788284
76561197961788285
76561197961788286
76561197961788287
76561197961788288
76561197961788289
76561197961788290
76561197961788291
76561197961788293
76561197961788296
76561197961788298
76561197961788300
76561197961788301
76561197961788302
76561197961788303
76561197961788304
76561197961788305
76561197961788306
76561197961788309
76561197961788310
76561197961788311
76561197961788312
76561197961788314
76561197961788316
76561197961788317
76561197961788318
76561197961788319
76561197961788321
76561197961788322
76561197961788323
76561197961788324
76561197961788327
76561197961788329
76561197961788331
76561197961788332
76561197961788333
76561197961788334
76561197961788335
76561197961788337
76561197961788340
76561197961788341
76561197961788343
76561197961788344
76561197961788345
76561197961788347
76561197961788348
76561197961788349
76561197961788350
76561197961788351
76561197961788352
76561197961788353
76561197961788354
76561197961788355
76561197961788356
76561197961788357
76561197961788358
76561197961788359
76561197961788360
76561197961788361
76561197961788362
76561197961788363
76561197961788364
76561197961788365
76561197961788366
76561197961788367
76561197961788368
76561197961788369
76561197961788370
76561197961788371
76561197961788372
76561197961788373
76561197961788375
76561197961788376
76561197961788377
76561197961788379
76561197961788380
76561197961788382
76561197961788384
76561197961788385
76561197961788386
76561197961788388
76561197961788390
76561197961788391
76561197961788392
76561197961788393
76561197961788394
76561197961788395
76561197961788396
76561197961788397
76561197961788399
76561197961788400
76561197961788401
76561197961788402
76561197961788403
76561197961788405
76561197961788406
76561197961788407
76561197961788408
76561197961788409
76561197961788410
76561197961788411
76561197961788412
76561197961788413
76561197961788416
76561197961788417
76561197961788420
76561197961788421
76561197961788422
76561197961788424
76561197961788425
76561197961788427
76561197961788428
76561197961788430
76561197961788431
76561197961788432
76561197961788433
76561197961788434
76561197961788436
76561197961788437
76561197961788439
76561197961788441
76561197961788442
76561197961788444
76561197961788446
76561197961788448
76561197961788450
76561197961788451
76561197961788452
76561197961788453
76561197961788455
76561197961788457
76561197961788459
76561197961788460
76561197961788463
76561197961788465
76561197961788466
76561197961788467
76561197961788468
76561197961788469
76561197961788470
76561197961788471
76561197961788473
76561197961788474
76561197961788475
76561197961788477
76561197961788479
76561197961788480
76561197961788482
76561197961788484
76561197961788485
76561197961788486
76561197961788487
76561197961788488
76561197961788489
76561197961788490
76561197961788493
76561197961788495
76561197961788499
76561197961788500
76561197961788501
76561197961788502
76561197961788503
76561197961788505
76561197961788506
76561197961788507
76561197961788511
76561197961788512
76561197961788513
76561197961788514
76561197961788517
76561197961788519
76561197961788521
76561197961788522
76561197961788523
76561197961788524
76561197961788525
76561197961788526
76561197961788527
76561197961788528
76561197961788531
76561197961788532
76561197961788534
76561197961788535
76561197961788536
76561197961788537
76561197961788538
76561197961788539
76561197961788540
76561197961788541
76561197961788542
76561197961788543
76561197961788544
76561197961788545
76561197961788546
76561197961788550
76561197961788551
76561197961788553
76561197961788554
76561197961788555
76561197961788557
76561197961788558
76561197961788559
76561197961788560
76561197961788562
76561197961788563
76561197961788565
76561197961788566
76561197961788568
76561197961788569
76561197961788570
76561197961788572
76561197961788573
76561197961788574
76561197961788576
76561197961788577
76561197961788578
76561197961788579
76561197961788580
76561197961788582
76561197961788584
76561197961788585
76561197961788588
76561197961788589
76561197961788590
76561197961788591
76561197961788592
76561197961788593
76561197961788594
76561197961788596
76561197961788597
76561197961788598
76561197961788599
76561197961788600
76561197961788602
76561197961788603
76561197961788607
76561197961788608
76561197961788612
76561197961788615
76561197961788618
76561197961788620
76561197961788621
76561197961788623
76561197961788624
76561197961788625
76561197961788628
76561197961788629
76561197961788630
76561197961788633
76561197961788634
76561197961788635
76561197961788636
76561197961788638
76561197961788641
76561197961788642
76561197961788644
76561197961788645
76561197961788648
76561197961788649
76561197961788652
76561197961788653
76561197961788654
76561197961788655
76561197961788656
76561197961788657
76561197961788659
76561197961788660
76561197961788664
76561197961788665
76561197961788666
76561197961788667
76561197961788668
76561197961788669
76561197961788670
76561197961788672
76561197961788673
76561197961788674
76561197961788675
76561197961788678
76561197961788680
76561197961788681
76561197961788682
76561197961788686
76561197961788687
76561197961788688
76561197961788689
76561197961788690
76561197961788691
76561197961788692
76561197961788693
76561197961788694
76561197961788696
76561197961788698
76561197961788699
76561197961788700
76561197961788701
76561197961788702
76561197961788703
76561197961788704
76561197961788705
76561197961788708
76561197961788710
76561197961788712
76561197961788716
76561197961788719
76561197961788720
76561197961788721
76561197961788723
76561197961788724
76561197961788725
76561197961788726
76561197961788728
76561197961788730
76561197961788731
76561197961788732
76561197961788733
76561197961788735
76561197961788736
76561197961788737
76561197961788739
76561197961788740
76561197961788741
76561197961788743
76561197961788744
76561197961788745
76561197961788746
76561197961788747
76561197961788748
76561197961788749
76561197961788750
76561197961788754
76561197961788755
76561197961788756
76561197961788757
76561197961788759
76561197961788760
76561197961788761
76561197961788762
76561197961788764
76561197961788766
76561197961788767
76561197961788768
76561197961788770
76561197961788772
76561197961788773
