76561197960521721
76561197960521724
76561197960521725
76561197960521727
76561197960521728
76561197960521729
76561197960521731
76561197960521732
76561197960521733
76561197960521734
76561197960521736
76561197960521737
76561197960521739
76561197960521740
76561197960521741
76561197960521744
76561197960521747
76561197960521748
76561197960521749
76561197960521750
76561197960521753
76561197960521755
76561197960521757
76561197960521758
76561197960521759
76561197960521760
76561197960521762
76561197960521764
76561197960521767
76561197960521768
76561197960521769
76561197960521772
76561197960521774
76561197960521775
76561197960521776
76561197960521777
76561197960521778
76561197960521779
76561197960521781
76561197960521783
76561197960521784
76561197960521786
76561197960521787
76561197960521788
76561197960521789
76561197960521790
76561197960521793
76561197960521794
76561197960521796
76561197960521798
76561197960521799
76561197960521804
76561197960521805
76561197960521807
76561197960521810
76561197960521815
76561197960521817
76561197960521818
76561197960521819
76561197960521820
76561197960521821
76561197960521822
76561197960521823
76561197960521824
76561197960521825
76561197960521826
76561197960521828
76561197960521829
76561197960521830
76561197960521831
76561197960521832
76561197960521833
76561197960521837
76561197960521838
76561197960521840
76561197960521841
76561197960521842
76561197960521843
76561197960521844
76561197960521845
76561197960521846
76561197960521849
76561197960521852
76561197960521853
76561197960521854
76561197960521856
76561197960521857
76561197960521858
76561197960521859
76561197960521862
76561197960521863
76561197960521865
76561197960521866
76561197960521867
76561197960521869
76561197960521870
76561197960521871
76561197960521872
76561197960521873
76561197960521874
76561197960521876
76561197960521879
76561197960521880
76561197960521881
76561197960521882
76561197960521883
76561197960521886
76561197960521887
76561197960521888
76561197960521890
76561197960521893
76561197960521894
76561197960521895
76561197960521897
76561197960521898
76561197960521900
76561197960521902
76561197960521903
76561197960521904
76561197960521905
76561197960521906
76561197960521907
76561197960521908
76561197960521911
76561197960521915
76561197960521916
76561197960521917
76561197960521919
76561197960521920
76561197960521921
76561197960521922
76561197960521923
76561197960521924
76561197960521925
76561197960521926
76561197960521927
76561197960521930
76561197960521932
76561197960521933
76561197960521934
76561197960521935
76561197960521936
76561197960521937
76561197960521939
76561197960521940
76561197960521941
76561197960521943
76561197960521944
76561197960521946
76561197960521947
76561197960521949
76561197960521950
76561197960521952
76561197960521953
76561197960521955
76561197960521956
76561197960521957
76561197960521959
76561197960521961
76561197960521962
76561197960521963
76561197960521966
76561197960521967
76561197960521968
76561197960521971
76561197960521972
76561197960521974
76561197960521975
76561197960521977
76561197960521978
76561197960521979
76561197960521980
76561197960521981
76561197960521982
76561197960521983
76561197960521987
76561197960521988
76561197960521989
76561197960521993
76561197960521994
76561197960521995
76561197960521996
76561197960521997
76561197960521998
76561197960521999
76561197960522000
76561197960522001
76561197960522002
76561197960522003
76561197960522004
76561197960522005
76561197960522007
76561197960522008
76561197960522010
76561197960522011
76561197960522012
76561197960522013
76561197960522015
76561197960522016
76561197960522017
76561197960522018
76561197960522019
76561197960522020
76561197960522021
76561197960522023
76561197960522025
76561197960522026
76561197960522030
76561197960522031
76561197960522032
76561197960522035
76561197960522036
76561197960522038
76561197960522040
76561197960522043
76561197960522046
76561197960522048
76561197960522049
76561197960522050
76561197960522051
76561197960522052
76561197960522053
76561197960522054
76561197960522056
76561197960522058
76561197960522061
76561197960522062
76561197960522064
76561197960522065
76561197960522069
76561197960522071
76561197960522072
76561197960522073
76561197960522076
76561197960522079
76561197960522080
76561197960522082
76561197960522083
76561197960522084
76561197960522085
76561197960522086
76561197960522087
76561197960522088
76561197960522089
76561197960522090
76561197960522091
76561197960522092
76561197960522093
76561197960522096
76561197960522097
76561197960522098
76561197960522099
76561197960522100
76561197960522101
76561197960522102
76561197960522104
76561197960522105
76561197960522106
76561197960522108
76561197960522110
76561197960522111
76561197960522112
76561197960522113
76561197960522115
76561197960522116
76561197960522117
76561197960522118
76561197960522119
76561197960522124
76561197960522125
76561197960522126
76561197960522128
76561197960522129
76561197960522130
76561197960522131
76561197960522132
76561197960522133
76561197960522134
76561197960522135
76561197960522139
76561197960522140
76561197960522142
76561197960522143
76561197960522144
76561197960522145
76561197960522146
76561197960522148
76561197960522149
76561197960522151
76561197960522153
76561197960522154
76561197960522155
76561197960522156
76561197960522157
76561197960522160
76561197960522161
76561197960522162
76561197960522166
76561197960522167
76561197960522168
76561197960522169
76561197960522172
76561197960522173
76561197960522175
76561197960522176
76561197960522178
76561197960522180
76561197960522182
76561197960522183
76561197960522184
76561197960522188
76561197960522190
76561197960522191
76561197960522192
76561197960522193
76561197960522194
76561197960522196
76561197960522197
76561197960522198
76561197960522199
76561197960522200
76561197960522201
76561197960522203
76561197960522204
76561197960522206
76561197960522207
76561197960522209
76561197960522210
76561197960522213
76561197960522214
76561197960522219
76561197960522220
76561197960522221
76561197960522222
76561197960522223
76561197960522225
76561197960522226
76561197960522228
76561197960522230
76561197960522231
76561197960522232
76561197960522233
76561197960522234
76561197960522235
76561197960522236
76561197960522237
76561197960522238
76561197960522240
76561197960522241
76561197960522242
76561197960522244
76561197960522245
76561197960522246
76561197960522247
76561197960522249
76561197960522250
76561197960522252
76561197960522253
76561197960522254
76561197960522255
76561197960522256
76561197960522258
76561197960522259
76561197960522260
76561197960522261
76561197960522262
76561197960522263
76561197960522265
76561197960522266
76561197960522267
76561197960522268
76561197960522270
76561197960522271
76561197960522272
76561197960522273
76561197960522274
76561197960522275
76561197960522278
76561197960522279
76561197960522281
76561197960522283
76561197960522284
76561197960522285
76561197960522287
76561197960522289
76561197960522290
76561197960522292
76561197960522295
76561197960522296
76561197960522297
76561197960522299
76561197960522301
76561197960522303
76561197960522305
76561197960522306
76561197960522307
76561197960522310
76561197960522312
76561197960522313
76561197960522314
76561197960522316
76561197960522320
76561197960522321
76561197960522323
76561197960522324
76561197960522325
76561197960522326
76561197960522327
76561197960522328
76561197960522331
76561197960522332
76561197960522334
76561197960522335
76561197960522337
76561197960522339
76561197960522342
76561197960522345
76561197960522346
76561197960522347
76561197960522348
76561197960522350
76561197960522351
76561197960522352
76561197960522357
76561197960522359
76561197960522360
76561197960522362
76561197960522363
76561197960522364
76561197960522366
76561197960522367
76561197960522369
76561197960522370
76561197960522372
76561197960522374
76561197960522375
76561197960522379
76561197960522380
76561197960522382
76561197960522383
76561197960522385
76561197960522386
76561197960522387
76561197960522388
76561197960522389
76561197960522390
76561197960522391
76561197960522392
76561197960522394
76561197960522395
76561197960522396
76561197960522400
76561197960522401
76561197960522402
76561197960522403
76561197960522404
76561197960522405
76561197960522406
76561197960522409
76561197960522411
76561197960522412
76561197960522413
76561197960522414
76561197960522415
76561197960522418
76561197960522420
76561197960522421
76561197960522422
76561197960522423
76561197960522425
76561197960522428
76561197960522429
76561197960522430
76561197960522431
76561197960522434
76561197960522435
76561197960522437
76561197960522439
76561197960522441
76561197960522442
76561197960522443
76561197960522444
76561197960522445
76561197960522447
76561197960522448
76561197960522449
76561197960522450
76561197960522451
76561197960522452
76561197960522453
76561197960522454
76561197960522455
76561197960522456
76561197960522457
76561197960522462
76561197960522464
76561197960522466
76561197960522467
76561197960522468
76561197960522469
76561197960522470
76561197960522471
76561197960522472
76561197960522473
76561197960522474
76561197960522476
76561197960522477
76561197960522478
76561197960522479
76561197960522480
76561197960522481
76561197960522482
76561197960522487
76561197960522488
76561197960522491
76561197960522492
76561197960522493
76561197960522494
76561197960522496
76561197960522497
76561197960522499
76561197960522500
76561197960522501
76561197960522503
76561197960522504
76561197960522506
76561197960522507
76561197960522509
76561197960522510
76561197960522511
76561197960522513
76561197960522514
76561197960522515
76561197960522516
76561197960522517
76561197960522518
76561197960522519
76561197960522520
76561197960522521
76561197960522522
76561197960522523
76561197960522527
76561197960522528
76561197960522529
76561197960522533
76561197960522536
76561197960522537
76561197960522538
76561197960522540
76561197960522541
76561197960522542
76561197960522543
76561197960522545
76561197960522546
76561197960522548
76561197960522549
76561197960522550
76561197960522551
76561197960522552
76561197960522553
76561197960522554
76561197960522556
76561197960522557
76561197960522558
76561197960522559
76561197960522562
76561197960522563
76561197960522564
76561197960522566
76561197960522567
76561197960522569
76561197960522571
76561197960522572
76561197960522573
76561197960522575
76561197960522576
76561197960522577
76561197960522578
76561197960522580
76561197960522581
76561197960522584
76561197960522585
76561197960522586
76561197960522587
76561197960522588
76561197960522590
76561197960522592
76561197960522593
76561197960522596
76561197960522597
76561197960522598
76561197960522599
76561197960522600
76561197960522601
76561197960522602
76561197960522603
76561197960522604
76561197960522605
76561197960522606
76561197960522607
76561197960522609
76561197960522610
76561197960522611
76561197960522612
76561197960522613
76561197960522614
76561197960522616
76561197960522617
76561197960522619
76561197960522620
76561197960522621
76561197960522623
76561197960522624
76561197960522625
76561197960522628
76561197960522630
76561197960522632
76561197960522633
76561197960522636
76561197960522637
76561197960522639
76561197960522644
76561197960522646
76561197960522648
76561197960522649
76561197960522651
76561197960522658
76561197960522659
76561197960522660
76561197960522661
76561197960522662
76561197960522664
76561197960522665
76561197960522666
76561197960522667
76561197960522668
76561197960522670
76561197960522671
76561197960522672
76561197960522673
76561197960522674
76561197960522675
76561197960522676
76561197960522677
76561197960522678
76561197960522679
76561197960522680
76561197960522681
76561197960522682
76561197960522685
76561197960522686
76561197960522687
76561197960522691
76561197960522692
76561197960522698
76561197960522699
76561197960522700
76561197960522701
76561197960522702
76561197960522703
76561197960522704
76561197960522705
76561197960522707
76561197960522709
76561197960522710
76561197960522711
76561197960522712
76561197960522715
76561197960522719
76561197960522720
76561197960522721
76561197960522722
76561197960522723
76561197960522724
76561197960522726
76561197960522727
76561197960522728
76561197960522729
76561197960522731
76561197960522734
76561197960522737
76561197960522740
76561197960522742
76561197960522743
76561197960522744
76561197960522745
76561197960522746
76561197960522747
76561197960522748
76561197960522749
76561197960522751
76561197960522753
76561197960522754
76561197960522756
76561197960522757
76561197960522758
76561197960522759
76561197960522760
76561197960522761
76561197960522762
76561197960522763
76561197960522764
76561197960522766
76561197960522768
76561197960522769
76561197960522770
76561197960522771
76561197960522772
76561197960522773
76561197960522774
76561197960522775
76561197960522776
76561197960522778
76561197960522779
76561197960522780
76561197960522781
76561197960522782
76561197960522784
76561197960522788
76561197960522789
76561197960522790
76561197960522792
76561197960522794
76561197960522796
76561197960522797
76561197960522798
76561197960522799
76561197960522800
76561197960522801
76561197960522802
76561197960522805
76561197960522806
76561197960522807
76561197960522808
76561197960522809
76561197960522810
76561197960522812
76561197960522813
76561197960522814
76561197960522815
76561197960522816
76561197960522817
76561197960522818
76561197960522820
76561197960522821
76561197960522822
76561197960522823
76561197960522825
76561197960522826
76561197960522827
76561197960522828
76561197960522830
76561197960522832
76561197960522834
76561197960522836
76561197960522838
76561197960522839
76561197960522840
76561197960522841
76561197960522844
76561197960522845
76561197960522847
76561197960522848
76561197960522849
76561197960522850
76561197960522851
76561197960522852
76561197960522853
76561197960522854
76561197960522855
76561197960522856
76561197960522857
76561197960522859
76561197960522860
76561197960522863
76561197960522864
76561197960522866
76561197960522871
76561197960522874
76561197960522875
76561197960522876
76561197960522878
76561197960522879
76561197960522880
76561197960522883
76561197960522884
76561197960522888
76561197960522889
76561197960522890
76561197960522891
76561197960522892
76561197960522893
76561197960522897
76561197960522898
76561197960522899
76561197960522900
76561197960522902
76561197960522903
76561197960522904
76561197960522905
76561197960522908
76561197960522911
76561197960522913
76561197960522914
76561197960522915
76561197960522916
76561197960522917
76561197960522918
76561197960522919
76561197960522922
76561197960522923
76561197960522924
76561197960522925
76561197960522926
76561197960522927
76561197960522928
76561197960522929
76561197960522930
76561197960522931
76561197960522932
76561197960522933
76561197960522934
76561197960522936
76561197960522937
76561197960522938
76561197960522939
76561197960522940
76561197960522942
76561197960522944
76561197960522946
76561197960522947
76561197960522949
76561197960522950
76561197960522951
76561197960522952
76561197960522954
76561197960522955
76561197960522956
76561197960522957
76561197960522958
76561197960522959
76561197960522961
76561197960522962
76561197960522964
76561197960522965
76561197960522966
76561197960522968
76561197960522969
76561197960522970
76561197960522971
76561197960522972
76561197960522973
76561197960522974
76561197960522975
76561197960522976
76561197960522977
76561197960522978
76561197960522980
76561197960522981
76561197960522982
76561197960522983
76561197960522984
76561197960522986
76561197960522988
76561197960522991
76561197960522992
76561197960522993
76561197960522995
76561197960522998
76561197960522999
76561197960523001
76561197960523007
76561197960523009
76561197960523012
76561197960523013
76561197960523014
76561197960523015
76561197960523016
76561197960523017
76561197960523018
76561197960523019
76561197960523020
76561197960523021
76561197960523022
76561197960523024
76561197960523027
76561197960523029
76561197960523030
76561197960523031
76561197960523032
76561197960523033
76561197960523034
76561197960523036
76561197960523039
76561197960523040
76561197960523041
76561197960523042
76561197960523046
76561197960523048
76561197960523049
76561197960523050
76561197960523051
76561197960523053
76561197960523054
76561197960523056
76561197960523058
76561197960523060
76561197960523062
76561197960523063
76561197960523064
76561197960523065
76561197960523067
76561197960523068
76561197960523071
76561197960523072
76561197960523075
76561197960523076
76561197960523078
76561197960523079
76561197960523081
76561197960523082
76561197960523083
76561197960523084
76561197960523085
76561197960523086
76561197960523088
76561197960523091
76561197960523092
76561197960523093
76561197960523095
76561197960523097
76561197960523098
76561197960523099
76561197960523100
76561197960523101
76561197960523105
76561197960523109
76561197960523110
76561197960523111
76561197960523113
76561197960523114
76561197960523115
76561197960523116
76561197960523118
76561197960523119
76561197960523120
76561197960523121
76561197960523122
76561197960523124
76561197960523125
76561197960523126
76561197960523127
76561197960523128
76561197960523130
76561197960523131
76561197960523132
76561197960523135
76561197960523138
76561197960523139
76561197960523140
76561197960523141
76561197960523142
76561197960523144
76561197960523145
76561197960523147
76561197960523148
76561197960523149
76561197960523150
76561197960523152
76561197960523153
76561197960523154
76561197960523156
76561197960523157
76561197960523158
76561197960523159
76561197960523160
76561197960523161
76561197960523162
76561197960523164
76561197960523165
76561197960523166
76561197960523167
76561197960523169
76561197960523170
76561197960523171
76561197960523173
76561197960523174
76561197960523175
76561197960523176
76561197960523177
76561197960523178
76561197960523180
76561197960523181
76561197960523182
76561197960523183
76561197960523185
76561197960523186
76561197960523187
76561197960523189
76561197960523190
