76561197960735478
76561197960735485
76561197960735487
76561197960735492
76561197960735497
76561197960735502
76561197960735503
76561197960735504
76561197960735506
76561197960735510
76561197960735513
76561197960735514
76561197960735520
76561197960735523
76561197960735525
76561197960735529
76561197960735530
76561197960735538
76561197960735539
76561197960735541
76561197960735546
76561197960735548
76561197960735551
76561197960735552
76561197960735555
76561197960735556
76561197960735568
76561197960735569
76561197960735571
76561197960735572
76561197960735580
76561197960735581
76561197960735585
76561197960735587
76561197960735590
76561197960735595
76561197960735597
76561197960735598
76561197960735600
76561197960735601
76561197960735603
76561197960735604
76561197960735611
76561197960735613
76561197960735618
76561197960735619
76561197960735623
76561197960735624
76561197960735625
76561197960735628
76561197960735629
76561197960735633
76561197960735634
76561197960735635
76561197960735636
76561197960735639
76561197960735641
76561197960735642
76561197960735643
76561197960735650
76561197960735652
76561197960735653
76561197960735654
76561197960735657
76561197960735659
76561197960735663
76561197960735665
76561197960735667
76561197960735669
76561197960735671
76561197960735673
76561197960735674
76561197960735679
76561197960735682
76561197960735683
76561197960735684
76561197960735687
76561197960735689
76561197960735691
76561197960735696
76561197960735701
76561197960735705
76561197960735706
76561197960735707
76561197960735708
76561197960735710
76561197960735717
76561197960735719
76561197960735723
76561197960735726
76561197960735731
76561197960735733
76561197960735734
76561197960735738
76561197960735739
76561197960735740
76561197960735743
76561197960735745
76561197960735751
76561197960735752
76561197960735753
76561197960735757
76561197960735759
76561197960735762
76561197960735763
76561197960735765
76561197960735766
76561197960735767
76561197960735770
76561197960735777
76561197960735778
76561197960735779
76561197960735781
76561197960735782
76561197960735783
76561197960735786
76561197960735789
76561197960735790
76561197960735791
76561197960735793
76561197960735795
76561197960735797
76561197960735799
76561197960735801
76561197960735802
76561197960735805
76561197960735807
76561197960735809
76561197960735811
76561197960735812
76561197960735814
76561197960735815
76561197960735817
76561197960735820
76561197960735826
76561197960735828
76561197960735832
76561197960735833
76561197960735835
76561197960735836
76561197960735837
76561197960735838
76561197960735841
76561197960735843
76561197960735845
76561197960735847
76561197960735849
76561197960735850
76561197960735852
76561197960735853
76561197960735857
76561197960735859
76561197960735861
76561197960735871
76561197960735873
76561197960735876
76561197960735886
76561197960735888
76561197960735891
76561197960735893
76561197960735898
76561197960735899
76561197960735900
76561197960735901
76561197960735903
76561197960735905
76561197960735906
76561197960735909
76561197960735914
76561197960735921
76561197960735922
76561197960735923
76561197960735930
76561197960735931
76561197960735932
76561197960735933
76561197960735935
76561197960735943
76561197960735944
76561197960735947
76561197960735948
76561197960735949
76561197960735950
76561197960735952
76561197960735954
76561197960735957
76561197960735958
76561197960735959
76561197960735964
76561197960735969
76561197960735971
76561197960735978
76561197960735979
76561197960735981
76561197960735983
76561197960735984
76561197960735985
76561197960735987
76561197960735989
76561197960735993
76561197960735994
76561197960735998
76561197960735999
76561197960736002
76561197960736003
76561197960736004
76561197960736007
76561197960736008
76561197960736011
76561197960736014
76561197960736015
76561197960736017
76561197960736020
76561197960736021
76561197960736022
76561197960736026
76561197960736027
76561197960736029
76561197960736032
76561197960736033
76561197960736039
76561197960736044
76561197960736046
76561197960736049
76561197960736055
76561197960736059
76561197960736061
76561197960736063
76561197960736067
76561197960736072
76561197960736077
76561197960736078
76561197960736079
76561197960736080
76561197960736084
76561197960736091
76561197960736093
76561197960736095
76561197960736098
76561197960736103
76561197960736104
76561197960736105
76561197960736111
76561197960736115
76561197960736118
76561197960736119
76561197960736124
76561197960736126
76561197960736127
76561197960736137
76561197960736138
76561197960736139
76561197960736140
76561197960736142
76561197960736143
76561197960736144
76561197960736145
76561197960736147
76561197960736148
76561197960736150
76561197960736151
76561197960736152
76561197960736155
76561197960736156
76561197960736158
76561197960736160
76561197960736161
76561197960736164
76561197960736169
76561197960736170
76561197960736171
76561197960736172
76561197960736175
76561197960736177
76561197960736178
76561197960736179
76561197960736180
76561197960736183
76561197960736184
76561197960736185
76561197960736187
76561197960736188
76561197960736209
76561197960736210
76561197960736212
76561197960736214
76561197960736220
76561197960736225
76561197960736232
76561197960736233
76561197960736235
76561197960736236
76561197960736238
76561197960736240
76561197960736241
76561197960736243
76561197960736247
76561197960736249
76561197960736250
76561197960736252
76561197960736254
76561197960736258
76561197960736260
76561197960736261
76561197960736263
76561197960736266
76561197960736269
76561197960736270
76561197960736275
76561197960736277
76561197960736281
76561197960736282
76561197960736288
76561197960736289
76561197960736296
76561197960736299
76561197960736302
76561197960736308
76561197960736309
76561197960736314
76561197960736316
76561197960736317
76561197960736320
76561197960736321
76561197960736322
76561197960736323
76561197960736326
76561197960736327
76561197960736333
76561197960736336
76561197960736341
76561197960736348
76561197960736351
76561197960736352
76561197960736358
76561197960736359
76561197960736361
76561197960736362
76561197960736373
76561197960736374
76561197960736378
76561197960736381
76561197960736382
76561197960736387
76561197960736389
76561197960736390
76561197960736392
76561197960736394
76561197960736397
76561197960736398
76561197960736400
76561197960736403
76561197960736405
76561197960736409
76561197960736410
76561197960736412
76561197960736415
76561197960736416
76561197960736421
76561197960736422
76561197960736426
76561197960736427
76561197960736428
76561197960736430
76561197960736434
76561197960736438
76561197960736442
76561197960736444
76561197960736446
76561197960736451
76561197960736453
76561197960736454
76561197960736456
76561197960736461
76561197960736465
76561197960736473
76561197960736474
76561197960736475
76561197960736476
76561197960736477
76561197960736480
76561197960736482
76561197960736484
76561197960736487
76561197960736492
76561197960736493
76561197960736496
76561197960736497
76561197960736499
76561197960736501
76561197960736502
76561197960736503
76561197960736507
76561197960736510
76561197960736513
76561197960736514
76561197960736516
76561197960736519
76561197960736523
76561197960736527
76561197960736528
76561197960736529
76561197960736531
76561197960736538
76561197960736539
76561197960736541
76561197960736544
76561197960736546
76561197960736547
76561197960736548
76561197960736550
76561197960736552
76561197960736554
76561197960736573
76561197960736575
76561197960736577
76561197960736578
76561197960736579
76561197960736580
76561197960736581
76561197960736589
76561197960736590
76561197960736593
76561197960736594
76561197960736596
76561197960736598
76561197960736599
76561197960736600
76561197960736602
76561197960736604
76561197960736605
76561197960736606
76561197960736608
76561197960736610
76561197960736611
76561197960736616
76561197960736617
76561197960736624
76561197960736625
76561197960736627
76561197960736628
76561197960736629
76561197960736639
76561197960736640
76561197960736647
76561197960736648
76561197960736654
76561197960736655
76561197960736662
76561197960736664
76561197960736665
76561197960736668
76561197960736674
76561197960736677
76561197960736679
76561197960736684
76561197960736689
76561197960736691
76561197960736692
76561197960736697
76561197960736699
76561197960736700
76561197960736702
76561197960736703
76561197960736704
76561197960736705
76561197960736707
76561197960736711
76561197960736716
76561197960736717
76561197960736720
76561197960736724
76561197960736727
76561197960736730
76561197960736732
76561197960736733
76561197960736738
76561197960736739
76561197960736742
76561197960736744
76561197960736745
76561197960736748
76561197960736752
76561197960736755
76561197960736756
76561197960736759
76561197960736760
76561197960736763
76561197960736764
76561197960736766
76561197960736767
76561197960736774
76561197960736775
76561197960736776
76561197960736777
76561197960736778
76561197960736779
76561197960736781
76561197960736783
76561197960736796
76561197960736798
76561197960736799
76561197960736800
76561197960736802
76561197960736803
76561197960736804
76561197960736805
76561197960736807
76561197960736809
76561197960736811
76561197960736812
76561197960736813
76561197960736817
76561197960736821
76561197960736824
76561197960736825
76561197960736826
76561197960736828
76561197960736830
76561197960736831
76561197960736832
76561197960736837
76561197960736838
76561197960736839
76561197960736842
76561197960736843
76561197960736844
76561197960736847
76561197960736848
76561197960736853
76561197960736854
76561197960736855
76561197960736858
76561197960736859
76561197960736864
76561197960736867
76561197960736868
76561197960736871
76561197960736872
76561197960736878
76561197960736880
76561197960736882
76561197960736884
76561197960736885
76561197960736887
76561197960736888
76561197960736896
76561197960736897
76561197960736898
76561197960736900
76561197960736901
76561197960736902
76561197960736904
76561197960736905
76561197960736906
76561197960736909
76561197960736915
76561197960736916
76561197960736918
76561197960736919
76561197960736921
76561197960736922
76561197960736924
76561197960736926
76561197960736928
76561197960736933
76561197960736934
76561197960736935
76561197960736936
76561197960736937
76561197960736938
76561197960736943
76561197960736947
76561197960736951
76561197960736953
76561197960736955
76561197960736963
76561197960736964
76561197960736965
76561197960736966
76561197960736971
76561197960736976
76561197960736977
76561197960736979
76561197960736985
76561197960736991
76561197960736992
76561197960736997
76561197960736998
76561197960736999
76561197960737002
76561197960737003
76561197960737007
76561197960737008
76561197960737011
76561197960737012
76561197960737013
76561197960737014
76561197960737018
76561197960737020
76561197960737021
76561197960737025
76561197960737029
76561197960737033
76561197960737036
76561197960737037
76561197960737047
76561197960737048
76561197960737049
76561197960737050
76561197960737054
76561197960737055
76561197960737059
76561197960737060
76561197960737062
76561197960737063
76561197960737065
76561197960737077
76561197960737078
76561197960737081
76561197960737086
76561197960737088
76561197960737090
76561197960737092
76561197960737094
76561197960737095
76561197960737099
76561197960737100
76561197960737102
76561197960737104
76561197960737107
76561197960737108
76561197960737110
76561197960737113
76561197960737115
76561197960737116
76561197960737117
76561197960737118
76561197960737119
76561197960737127
76561197960737131
76561197960737139
76561197960737141
76561197960737142
76561197960737143
76561197960737144
76561197960737150
76561197960737152
76561197960737154
76561197960737158
76561197960737159
76561197960737162
76561197960737165
76561197960737166
76561197960737171
76561197960737172
76561197960737178
76561197960737180
76561197960737181
76561197960737189
76561197960737190
76561197960737192
76561197960737194
76561197960737196
76561197960737198
76561197960737199
76561197960737201
76561197960737205
76561197960737208
76561197960737209
76561197960737210
76561197960737211
76561197960737214
76561197960737216
76561197960737221
76561197960737224
76561197960737225
76561197960737226
76561197960737229
76561197960737231
76561197960737232
76561197960737234
76561197960737239
76561197960737240
76561197960737245
76561197960737246
76561197960737247
76561197960737248
76561197960737249
76561197960737253
76561197960737255
76561197960737257
76561197960737262
76561197960737267
76561197960737268
76561197960737274
76561197960737278
76561197960737279
76561197960737284
76561197960737286
76561197960737288
76561197960737291
76561197960737292
76561197960737294
76561197960737295
76561197960737297
76561197960737299
76561197960737301
76561197960737302
76561197960737309
76561197960737314
76561197960737316
76561197960737318
76561197960737324
76561197960737326
76561197960737327
76561197960737328
76561197960737329
76561197960737330
76561197960737331
76561197960737332
76561197960737335
76561197960737338
76561197960737339
76561197960737340
76561197960737341
76561197960737343
76561197960737347
76561197960737349
76561197960737350
76561197960737351
76561197960737354
76561197960737358
76561197960737363
76561197960737366
76561197960737370
76561197960737373
76561197960737374
76561197960737376
76561197960737381
76561197960737382
76561197960737386
76561197960737388
76561197960737391
76561197960737394
76561197960737396
76561197960737398
76561197960737403
76561197960737408
76561197960737418
76561197960737420
76561197960737421
76561197960737422
76561197960737423
76561197960737425
76561197960737428
76561197960737429
76561197960737430
76561197960737433
76561197960737437
76561197960737439
76561197960737441
76561197960737444
76561197960737447
76561197960737455
76561197960737456
76561197960737459
76561197960737464
76561197960737466
76561197960737473
76561197960737474
76561197960737479
76561197960737481
76561197960737485
76561197960737488
76561197960737489
76561197960737491
76561197960737493
76561197960737509
76561197960737510
76561197960737514
76561197960737516
76561197960737519
76561197960737521
76561197960737525
76561197960737527
76561197960737529
76561197960737530
76561197960737532
76561197960737541
76561197960737543
76561197960737549
76561197960737558
76561197960737560
76561197960737563
76561197960737568
76561197960737569
76561197960737574
76561197960737576
76561197960737578
76561197960737580
76561197960737581
76561197960737584
76561197960737585
76561197960737597
76561197960737599
76561197960737602
76561197960737604
76561197960737607
76561197960737608
76561197960737609
76561197960737614
76561197960737617
76561197960737621
76561197960737625
76561197960737627
76561197960737633
76561197960737637
76561197960737638
76561197960737639
76561197960737641
76561197960737652
76561197960737655
76561197960737664
76561197960737666
76561197960737668
76561197960737670
76561197960737671
76561197960737673
76561197960737674
76561197960737675
76561197960737677
76561197960737684
76561197960737686
76561197960737690
76561197960737691
76561197960737694
76561197960737696
76561197960737701
76561197960737702
76561197960737705
76561197960737707
76561197960737718
76561197960737719
76561197960737721
76561197960737723
76561197960737727
76561197960737731
76561197960737733
76561197960737736
76561197960737739
76561197960737742
76561197960737743
76561197960737745
76561197960737746
76561197960737748
76561197960737750
76561197960737752
76561197960737754
76561197960737755
76561197960737756
76561197960737758
76561197960737762
76561197960737765
76561197960737770
76561197960737775
76561197960737777
76561197960737782
76561197960737787
76561197960737788
76561197960737791
76561197960737794
76561197960737798
76561197960737801
76561197960737802
76561197960737806
76561197960737808
76561197960737809
76561197960737810
76561197960737813
76561197960737814
76561197960737817
76561197960737818
76561197960737824
76561197960737828
76561197960737831
76561197960737834
76561197960737836
76561197960737839
76561197960737842
76561197960737843
76561197960737845
76561197960737849
76561197960737858
76561197960737861
76561197960737862
76561197960737870
76561197960737873
76561197960737884
76561197960737886
76561197960737888
76561197960737889
76561197960737893
76561197960737895
76561197960737901
76561197960737902
76561197960737904
76561197960737906
76561197960737908
76561197960737909
76561197960737912
76561197960737913
76561197960737915
76561197960737916
76561197960737921
76561197960737926
76561197960737933
76561197960737935
76561197960737936
76561197960737940
76561197960737944
76561197960737945
76561197960737948
76561197960737954
76561197960737959
76561197960737960
76561197960737963
76561197960737964
76561197960737965
76561197960737966
76561197960737967
76561197960737973
76561197960737974
76561197960737979
76561197960737981
76561197960737990
76561197960737992
76561197960737993
76561197960737995
76561197960737998
76561197960738000
76561197960738006
76561197960738007
76561197960738008
76561197960738010
76561197960738015
76561197960738016
76561197960738018
76561197960738021
76561197960738023
76561197960738033
76561197960738034
76561197960738040
76561197960738042
76561197960738044
76561197960738045
76561197960738048
76561197960738056
76561197960738058
76561197960738065
76561197960738067
76561197960738070
76561197960738071
76561197960738075
76561197960738082
76561197960738093
76561197960738094
76561197960738097
76561197960738098
76561197960738099
76561197960738101
76561197960738102
76561197960738103
76561197960738109
76561197960738112
76561197960738113
76561197960738115
76561197960738117
76561197960738120
76561197960738127
76561197960738128
76561197960738129
76561197960738130
76561197960738133
76561197960738140
76561197960738143
76561197960738144
76561197960738146
76561197960738154
76561197960738156
76561197960738158
76561197960738159
76561197960738160
76561197960738161
76561197960738163
76561197960738165
76561197960738167
76561197960738173
76561197960738177
76561197960738180
