76561197960673663
76561197960673664
76561197960673666
76561197960673667
76561197960673669
76561197960673670
76561197960673671
76561197960673672
76561197960673674
76561197960673675
76561197960673676
76561197960673677
76561197960673678
76561197960673681
76561197960673682
76561197960673686
76561197960673687
76561197960673690
76561197960673691
76561197960673692
76561197960673693
76561197960673694
76561197960673695
76561197960673696
76561197960673697
76561197960673698
76561197960673699
76561197960673700
76561197960673702
76561197960673703
76561197960673704
76561197960673705
76561197960673706
76561197960673707
76561197960673708
76561197960673709
76561197960673710
76561197960673712
76561197960673713
76561197960673714
76561197960673715
76561197960673716
76561197960673717
76561197960673718
76561197960673720
76561197960673722
76561197960673723
76561197960673724
76561197960673725
76561197960673726
76561197960673727
76561197960673730
76561197960673732
76561197960673733
76561197960673734
76561197960673735
76561197960673736
76561197960673737
76561197960673738
76561197960673739
76561197960673740
76561197960673741
76561197960673742
76561197960673743
76561197960673746
76561197960673748
76561197960673749
76561197960673750
76561197960673751
76561197960673752
76561197960673755
76561197960673756
76561197960673759
76561197960673760
76561197960673762
76561197960673763
76561197960673764
76561197960673765
76561197960673766
76561197960673767
76561197960673768
76561197960673769
76561197960673770
76561197960673772
76561197960673773
76561197960673775
76561197960673777
76561197960673778
76561197960673779
76561197960673780
76561197960673781
76561197960673782
76561197960673784
76561197960673786
76561197960673787
76561197960673788
76561197960673789
76561197960673792
76561197960673793
76561197960673794
76561197960673795
76561197960673796
76561197960673797
76561197960673798
76561197960673799
76561197960673800
76561197960673801
76561197960673802
76561197960673805
76561197960673806
76561197960673807
76561197960673808
76561197960673809
76561197960673810
76561197960673811
76561197960673812
76561197960673813
76561197960673814
76561197960673815
76561197960673816
76561197960673817
76561197960673818
76561197960673820
76561197960673821
76561197960673822
76561197960673823
76561197960673824
76561197960673827
76561197960673828
76561197960673829
76561197960673830
76561197960673831
76561197960673832
76561197960673834
76561197960673835
76561197960673837
76561197960673839
76561197960673840
76561197960673842
76561197960673843
76561197960673844
76561197960673845
76561197960673846
76561197960673847
76561197960673848
76561197960673849
76561197960673850
76561197960673851
76561197960673852
76561197960673853
76561197960673854
76561197960673855
76561197960673856
76561197960673857
76561197960673858
76561197960673859
76561197960673860
76561197960673861
76561197960673862
76561197960673863
76561197960673864
76561197960673865
76561197960673867
76561197960673868
76561197960673869
76561197960673870
76561197960673871
76561197960673872
76561197960673873
76561197960673874
76561197960673878
76561197960673882
76561197960673883
76561197960673886
76561197960673887
76561197960673888
76561197960673889
76561197960673890
76561197960673891
76561197960673892
76561197960673893
76561197960673894
76561197960673895
76561197960673896
76561197960673897
76561197960673898
76561197960673899
76561197960673901
76561197960673902
76561197960673903
76561197960673904
76561197960673905
76561197960673906
76561197960673909
76561197960673910
76561197960673911
76561197960673912
76561197960673913
76561197960673914
76561197960673915
76561197960673916
76561197960673919
76561197960673920
76561197960673922
76561197960673923
76561197960673924
76561197960673925
76561197960673926
76561197960673928
76561197960673930
76561197960673931
76561197960673934
76561197960673936
76561197960673937
76561197960673938
76561197960673939
76561197960673941
76561197960673942
76561197960673943
76561197960673944
76561197960673945
76561197960673946
76561197960673947
76561197960673948
76561197960673949
76561197960673950
76561197960673951
76561197960673952
76561197960673953
76561197960673954
76561197960673955
76561197960673956
76561197960673959
76561197960673960
76561197960673961
76561197960673962
76561197960673963
76561197960673964
76561197960673966
76561197960673967
76561197960673968
76561197960673970
76561197960673971
76561197960673972
76561197960673974
76561197960673975
76561197960673976
76561197960673977
76561197960673978
76561197960673979
76561197960673982
76561197960673983
76561197960673984
76561197960673985
76561197960673986
76561197960673987
76561197960673988
76561197960673989
76561197960673991
76561197960673992
76561197960673993
76561197960673995
76561197960673996
76561197960673998
76561197960673999
76561197960674000
76561197960674001
76561197960674002
76561197960674005
76561197960674006
76561197960674008
76561197960674011
76561197960674012
76561197960674013
76561197960674014
76561197960674015
76561197960674016
76561197960674018
76561197960674019
76561197960674022
76561197960674023
76561197960674024
76561197960674025
76561197960674026
76561197960674027
76561197960674028
76561197960674029
76561197960674030
76561197960674031
76561197960674032
76561197960674033
76561197960674034
76561197960674035
76561197960674036
76561197960674037
76561197960674038
76561197960674039
76561197960674040
76561197960674042
76561197960674043
76561197960674045
76561197960674046
76561197960674049
76561197960674050
76561197960674051
76561197960674052
76561197960674053
76561197960674054
76561197960674055
76561197960674056
76561197960674058
76561197960674060
76561197960674061
76561197960674062
76561197960674065
76561197960674067
76561197960674068
76561197960674070
76561197960674072
76561197960674073
76561197960674074
76561197960674075
76561197960674076
76561197960674078
76561197960674079
76561197960674080
76561197960674081
76561197960674082
76561197960674083
76561197960674084
76561197960674085
76561197960674086
76561197960674087
76561197960674088
76561197960674089
76561197960674090
76561197960674091
76561197960674092
76561197960674093
76561197960674094
76561197960674095
76561197960674097
76561197960674098
76561197960674099
76561197960674101
76561197960674102
76561197960674103
76561197960674104
76561197960674106
76561197960674107
76561197960674111
76561197960674112
76561197960674113
76561197960674114
76561197960674115
76561197960674116
76561197960674117
76561197960674118
76561197960674120
76561197960674122
76561197960674124
76561197960674125
76561197960674126
76561197960674127
76561197960674128
76561197960674130
76561197960674132
76561197960674133
76561197960674136
76561197960674137
76561197960674140
76561197960674141
76561197960674143
76561197960674144
76561197960674147
76561197960674148
76561197960674149
76561197960674151
76561197960674153
76561197960674154
76561197960674155
76561197960674156
76561197960674157
76561197960674158
76561197960674159
76561197960674161
76561197960674163
76561197960674164
76561197960674165
76561197960674166
76561197960674167
76561197960674168
76561197960674169
76561197960674170
76561197960674171
76561197960674173
76561197960674174
76561197960674175
76561197960674177
76561197960674178
76561197960674179
76561197960674180
76561197960674181
76561197960674182
76561197960674183
76561197960674184
76561197960674185
76561197960674186
76561197960674187
76561197960674189
76561197960674190
76561197960674191
76561197960674192
76561197960674193
76561197960674194
76561197960674195
76561197960674196
76561197960674197
76561197960674198
76561197960674200
76561197960674201
76561197960674202
76561197960674204
76561197960674205
76561197960674206
76561197960674207
76561197960674209
76561197960674210
76561197960674211
76561197960674212
76561197960674213
76561197960674214
76561197960674215
76561197960674216
76561197960674217
76561197960674218
76561197960674219
76561197960674223
76561197960674224
76561197960674225
76561197960674227
76561197960674228
76561197960674229
76561197960674230
76561197960674231
76561197960674232
76561197960674233
76561197960674234
76561197960674236
76561197960674237
76561197960674238
76561197960674239
76561197960674241
76561197960674242
76561197960674244
76561197960674245
76561197960674246
76561197960674247
76561197960674248
76561197960674250
76561197960674251
76561197960674252
76561197960674253
76561197960674254
76561197960674255
76561197960674257
76561197960674258
76561197960674259
76561197960674261
76561197960674262
76561197960674263
76561197960674264
76561197960674266
76561197960674267
76561197960674268
76561197960674269
76561197960674270
76561197960674271
76561197960674272
76561197960674273
76561197960674274
76561197960674275
76561197960674276
76561197960674277
76561197960674278
76561197960674280
76561197960674282
76561197960674285
76561197960674286
76561197960674287
76561197960674288
76561197960674289
76561197960674290
76561197960674291
76561197960674292
76561197960674293
76561197960674294
76561197960674295
76561197960674296
76561197960674298
76561197960674299
76561197960674300
76561197960674301
76561197960674302
76561197960674303
76561197960674304
76561197960674305
76561197960674307
76561197960674308
76561197960674309
76561197960674310
76561197960674311
76561197960674312
76561197960674314
76561197960674315
76561197960674316
76561197960674317
76561197960674318
76561197960674319
76561197960674321
76561197960674325
76561197960674326
76561197960674328
76561197960674329
76561197960674331
76561197960674332
76561197960674333
76561197960674334
76561197960674335
76561197960674336
76561197960674339
76561197960674340
76561197960674341
76561197960674343
76561197960674344
76561197960674345
76561197960674346
76561197960674348
76561197960674349
76561197960674350
76561197960674352
76561197960674353
76561197960674354
76561197960674356
76561197960674358
76561197960674359
76561197960674360
76561197960674361
76561197960674362
76561197960674363
76561197960674364
76561197960674365
76561197960674366
76561197960674367
76561197960674368
76561197960674369
76561197960674370
76561197960674372
76561197960674373
76561197960674374
76561197960674375
76561197960674376
76561197960674377
76561197960674378
76561197960674379
76561197960674380
76561197960674381
76561197960674382
76561197960674383
76561197960674385
76561197960674386
76561197960674387
76561197960674388
76561197960674389
76561197960674391
76561197960674392
76561197960674393
76561197960674394
76561197960674395
76561197960674396
76561197960674397
76561197960674398
76561197960674399
76561197960674402
76561197960674403
76561197960674404
76561197960674405
76561197960674406
76561197960674407
76561197960674408
76561197960674409
76561197960674410
76561197960674411
76561197960674413
76561197960674414
76561197960674415
76561197960674416
76561197960674417
76561197960674418
76561197960674420
76561197960674421
76561197960674422
76561197960674423
76561197960674424
76561197960674425
76561197960674426
76561197960674427
76561197960674428
76561197960674429
76561197960674432
76561197960674436
76561197960674437
76561197960674438
76561197960674439
76561197960674441
76561197960674442
76561197960674443
76561197960674444
76561197960674447
76561197960674448
76561197960674449
76561197960674452
76561197960674453
76561197960674455
76561197960674456
76561197960674457
76561197960674459
76561197960674460
76561197960674462
76561197960674463
76561197960674466
76561197960674467
76561197960674468
76561197960674469
76561197960674470
76561197960674471
76561197960674472
76561197960674473
76561197960674475
76561197960674476
76561197960674477
76561197960674478
76561197960674480
76561197960674481
76561197960674485
76561197960674487
76561197960674488
76561197960674489
76561197960674490
76561197960674491
76561197960674492
76561197960674493
76561197960674495
76561197960674497
76561197960674499
76561197960674501
76561197960674502
76561197960674503
76561197960674505
76561197960674506
76561197960674507
76561197960674508
76561197960674511
76561197960674512
76561197960674513
76561197960674514
76561197960674515
76561197960674517
76561197960674518
76561197960674519
76561197960674520
76561197960674521
76561197960674522
76561197960674523
76561197960674524
76561197960674525
76561197960674527
76561197960674528
76561197960674530
76561197960674531
76561197960674532
76561197960674533
76561197960674534
76561197960674535
76561197960674536
76561197960674537
76561197960674540
76561197960674541
76561197960674542
76561197960674543
76561197960674545
76561197960674546
76561197960674547
76561197960674549
76561197960674550
76561197960674551
76561197960674552
76561197960674553
76561197960674555
76561197960674556
76561197960674558
76561197960674559
76561197960674560
76561197960674561
76561197960674562
76561197960674563
76561197960674565
76561197960674566
76561197960674567
76561197960674568
76561197960674569
76561197960674571
76561197960674572
76561197960674573
76561197960674574
76561197960674575
76561197960674576
76561197960674577
76561197960674579
76561197960674580
76561197960674582
76561197960674583
76561197960674584
76561197960674585
76561197960674586
76561197960674587
76561197960674588
76561197960674589
76561197960674590
76561197960674591
76561197960674592
76561197960674593
76561197960674594
76561197960674596
76561197960674597
76561197960674598
76561197960674599
76561197960674600
76561197960674601
76561197960674602
76561197960674603
76561197960674604
76561197960674607
76561197960674608
76561197960674609
76561197960674610
76561197960674611
76561197960674612
76561197960674613
76561197960674614
76561197960674617
76561197960674618
76561197960674619
76561197960674620
76561197960674621
76561197960674622
76561197960674623
76561197960674625
76561197960674626
76561197960674628
76561197960674630
76561197960674631
76561197960674632
76561197960674633
76561197960674634
76561197960674636
76561197960674637
76561197960674640
76561197960674641
76561197960674642
76561197960674643
76561197960674644
76561197960674645
76561197960674646
76561197960674647
76561197960674649
76561197960674650
76561197960674651
76561197960674652
76561197960674653
76561197960674654
76561197960674655
76561197960674656
76561197960674658
76561197960674659
76561197960674660
76561197960674661
76561197960674662
76561197960674663
76561197960674664
76561197960674665
76561197960674667
76561197960674668
76561197960674669
76561197960674670
76561197960674671
76561197960674673
76561197960674674
76561197960674675
76561197960674676
76561197960674678
76561197960674679
76561197960674680
76561197960674682
76561197960674684
76561197960674686
76561197960674689
76561197960674690
76561197960674691
76561197960674692
76561197960674694
76561197960674695
76561197960674696
76561197960674697
76561197960674698
76561197960674701
76561197960674702
76561197960674703
76561197960674705
76561197960674706
76561197960674707
76561197960674708
76561197960674709
76561197960674710
76561197960674711
76561197960674712
76561197960674713
76561197960674714
76561197960674715
76561197960674716
76561197960674717
76561197960674718
76561197960674719
76561197960674720
76561197960674721
76561197960674722
76561197960674725
76561197960674726
76561197960674727
76561197960674728
76561197960674729
76561197960674731
76561197960674732
76561197960674733
76561197960674734
76561197960674735
76561197960674736
76561197960674737
76561197960674738
76561197960674739
76561197960674740
76561197960674742
76561197960674743
76561197960674744
76561197960674746
76561197960674747
76561197960674748
76561197960674749
76561197960674750
76561197960674751
76561197960674754
76561197960674755
76561197960674756
76561197960674757
76561197960674758
76561197960674759
76561197960674760
76561197960674761
76561197960674762
76561197960674763
76561197960674764
76561197960674765
76561197960674766
76561197960674767
76561197960674768
76561197960674769
76561197960674770
76561197960674771
76561197960674772
76561197960674773
76561197960674777
76561197960674778
76561197960674779
76561197960674780
76561197960674781
76561197960674782
76561197960674783
76561197960674786
76561197960674787
76561197960674788
76561197960674789
76561197960674790
76561197960674791
76561197960674792
76561197960674793
76561197960674794
76561197960674796
76561197960674797
76561197960674798
76561197960674799
76561197960674800
76561197960674801
76561197960674803
76561197960674804
76561197960674805
76561197960674806
76561197960674807
76561197960674808
76561197960674809
76561197960674810
76561197960674811
76561197960674813
76561197960674814
76561197960674815
76561197960674816
76561197960674817
76561197960674818
76561197960674819
76561197960674821
76561197960674822
76561197960674823
76561197960674824
76561197960674825
76561197960674826
76561197960674827
76561197960674828
76561197960674829
76561197960674831
76561197960674833
76561197960674834
76561197960674835
76561197960674836
76561197960674837
76561197960674838
76561197960674839
76561197960674841
76561197960674842
76561197960674844
76561197960674847
76561197960674848
76561197960674849
76561197960674851
76561197960674852
76561197960674854
76561197960674855
76561197960674857
76561197960674858
76561197960674859
76561197960674860
76561197960674861
76561197960674862
76561197960674863
76561197960674865
76561197960674866
76561197960674867
76561197960674868
76561197960674869
76561197960674870
76561197960674872
76561197960674873
76561197960674875
76561197960674877
76561197960674878
76561197960674880
76561197960674881
76561197960674882
76561197960674883
76561197960674884
76561197960674885
76561197960674886
76561197960674887
76561197960674888
76561197960674889
76561197960674890
76561197960674891
76561197960674892
76561197960674893
76561197960674894
76561197960674895
76561197960674896
76561197960674897
76561197960674898
76561197960674899
76561197960674900
76561197960674901
76561197960674905
76561197960674906
76561197960674907
76561197960674908
76561197960674909
76561197960674910
76561197960674911
76561197960674912
76561197960674913
76561197960674915
76561197960674917
76561197960674918
76561197960674919
76561197960674920
76561197960674921
