76561197961780874
76561197961780876
76561197961780882
76561197961780883
76561197961780885
76561197961780886
76561197961780887
76561197961780888
76561197961780889
76561197961780890
76561197961780893
76561197961780894
76561197961780896
76561197961780897
76561197961780898
76561197961780900
76561197961780901
76561197961780902
76561197961780903
76561197961780904
76561197961780905
76561197961780906
76561197961780907
76561197961780908
76561197961780909
76561197961780910
76561197961780911
76561197961780913
76561197961780914
76561197961780916
76561197961780917
76561197961780918
76561197961780921
76561197961780922
76561197961780924
76561197961780927
76561197961780928
76561197961780929
76561197961780930
76561197961780931
76561197961780932
76561197961780933
76561197961780934
76561197961780935
76561197961780937
76561197961780938
76561197961780939
76561197961780940
76561197961780941
76561197961780943
76561197961780945
76561197961780946
76561197961780947
76561197961780949
76561197961780950
76561197961780951
76561197961780952
76561197961780953
76561197961780959
76561197961780960
76561197961780961
76561197961780962
76561197961780963
76561197961780964
76561197961780965
76561197961780969
76561197961780970
76561197961780971
76561197961780973
76561197961780974
76561197961780975
76561197961780976
76561197961780977
76561197961780979
76561197961780980
76561197961780981
76561197961780983
76561197961780984
76561197961780987
76561197961780988
76561197961780989
76561197961780992
76561197961780993
76561197961780994
76561197961780995
76561197961780996
76561197961780997
76561197961780998
76561197961780999
76561197961781000
76561197961781001
76561197961781002
76561197961781003
76561197961781004
76561197961781006
76561197961781008
76561197961781009
76561197961781010
76561197961781014
76561197961781015
76561197961781016
76561197961781020
76561197961781021
76561197961781022
76561197961781023
76561197961781024
76561197961781025
76561197961781026
76561197961781027
76561197961781028
76561197961781030
76561197961781033
76561197961781034
76561197961781037
76561197961781038
76561197961781041
76561197961781042
76561197961781044
76561197961781045
76561197961781046
76561197961781047
76561197961781048
76561197961781049
76561197961781050
76561197961781052
76561197961781053
76561197961781054
76561197961781055
76561197961781056
76561197961781057
76561197961781058
76561197961781060
76561197961781062
76561197961781065
76561197961781066
76561197961781068
76561197961781069
76561197961781070
76561197961781071
76561197961781072
76561197961781073
76561197961781074
76561197961781075
76561197961781076
76561197961781077
76561197961781078
76561197961781081
76561197961781083
76561197961781084
76561197961781086
76561197961781087
76561197961781089
76561197961781091
76561197961781092
76561197961781093
76561197961781094
76561197961781096
76561197961781097
76561197961781098
76561197961781099
76561197961781101
76561197961781104
76561197961781105
76561197961781106
76561197961781108
76561197961781109
76561197961781111
76561197961781113
76561197961781114
76561197961781116
76561197961781117
76561197961781119
76561197961781120
76561197961781121
76561197961781122
76561197961781123
76561197961781126
76561197961781127
76561197961781128
76561197961781130
76561197961781131
76561197961781132
76561197961781134
76561197961781136
76561197961781137
76561197961781140
76561197961781141
76561197961781142
76561197961781146
76561197961781147
76561197961781148
76561197961781153
76561197961781154
76561197961781155
76561197961781157
76561197961781158
76561197961781159
76561197961781160
76561197961781161
76561197961781164
76561197961781165
76561197961781166
76561197961781167
76561197961781168
76561197961781169
76561197961781172
76561197961781173
76561197961781174
76561197961781177
76561197961781178
76561197961781179
76561197961781180
76561197961781181
76561197961781182
76561197961781183
76561197961781186
76561197961781187
76561197961781188
76561197961781189
76561197961781192
76561197961781193
76561197961781194
76561197961781196
76561197961781197
76561197961781198
76561197961781199
76561197961781200
76561197961781202
76561197961781206
76561197961781207
76561197961781208
76561197961781209
76561197961781211
76561197961781212
76561197961781214
76561197961781215
76561197961781216
76561197961781218
76561197961781221
76561197961781222
76561197961781224
76561197961781225
76561197961781226
76561197961781227
76561197961781229
76561197961781230
76561197961781232
76561197961781235
76561197961781236
76561197961781237
76561197961781240
76561197961781241
76561197961781244
76561197961781246
76561197961781247
76561197961781249
76561197961781250
76561197961781251
76561197961781253
76561197961781254
76561197961781255
76561197961781256
76561197961781257
76561197961781259
76561197961781262
76561197961781264
76561197961781266
76561197961781267
76561197961781269
76561197961781270
76561197961781271
76561197961781273
76561197961781274
76561197961781275
76561197961781277
76561197961781278
76561197961781281
76561197961781283
76561197961781284
76561197961781285
76561197961781286
76561197961781287
76561197961781288
76561197961781289
76561197961781291
76561197961781292
76561197961781295
76561197961781296
76561197961781297
76561197961781299
76561197961781300
76561197961781302
76561197961781309
76561197961781313
76561197961781314
76561197961781315
76561197961781316
76561197961781317
76561197961781318
76561197961781319
76561197961781321
76561197961781322
76561197961781326
76561197961781328
76561197961781329
76561197961781330
76561197961781332
76561197961781333
76561197961781334
76561197961781335
76561197961781336
76561197961781337
76561197961781338
76561197961781341
76561197961781342
76561197961781343
76561197961781345
76561197961781346
76561197961781347
76561197961781349
76561197961781350
76561197961781352
76561197961781355
76561197961781356
76561197961781357
76561197961781358
76561197961781360
76561197961781362
76561197961781364
76561197961781365
76561197961781366
76561197961781367
76561197961781368
76561197961781369
76561197961781370
76561197961781371
76561197961781372
76561197961781374
76561197961781375
76561197961781376
76561197961781379
76561197961781380
76561197961781381
76561197961781382
76561197961781385
76561197961781386
76561197961781387
76561197961781388
76561197961781389
76561197961781390
76561197961781391
76561197961781392
76561197961781395
76561197961781397
76561197961781398
76561197961781399
76561197961781402
76561197961781404
76561197961781410
76561197961781411
76561197961781412
76561197961781413
76561197961781414
76561197961781418
76561197961781419
76561197961781423
76561197961781424
76561197961781425
76561197961781426
76561197961781427
76561197961781428
76561197961781431
76561197961781433
76561197961781434
76561197961781436
76561197961781438
76561197961781440
76561197961781441
76561197961781442
76561197961781443
76561197961781444
76561197961781445
76561197961781446
76561197961781447
76561197961781448
76561197961781450
76561197961781451
76561197961781452
76561197961781453
76561197961781455
76561197961781456
76561197961781457
76561197961781458
76561197961781460
76561197961781462
76561197961781463
76561197961781467
76561197961781468
76561197961781471
76561197961781472
76561197961781473
76561197961781474
76561197961781477
76561197961781478
76561197961781479
76561197961781480
76561197961781481
76561197961781484
76561197961781486
76561197961781487
76561197961781488
76561197961781491
76561197961781492
76561197961781493
76561197961781494
76561197961781501
76561197961781502
76561197961781503
76561197961781505
76561197961781506
76561197961781507
76561197961781508
76561197961781509
76561197961781510
76561197961781515
76561197961781516
76561197961781517
76561197961781519
76561197961781520
76561197961781522
76561197961781523
76561197961781527
76561197961781528
76561197961781529
76561197961781530
76561197961781531
76561197961781532
76561197961781533
76561197961781534
76561197961781535
76561197961781536
76561197961781541
76561197961781542
76561197961781543
76561197961781546
76561197961781548
76561197961781550
76561197961781552
76561197961781553
76561197961781554
76561197961781556
76561197961781557
76561197961781558
76561197961781559
76561197961781560
76561197961781561
76561197961781562
76561197961781565
76561197961781569
76561197961781570
76561197961781571
76561197961781572
76561197961781573
76561197961781574
76561197961781575
76561197961781576
76561197961781577
76561197961781578
76561197961781580
76561197961781581
76561197961781586
76561197961781587
76561197961781590
76561197961781591
76561197961781593
76561197961781594
76561197961781596
76561197961781597
76561197961781598
76561197961781599
76561197961781601
76561197961781602
76561197961781603
76561197961781605
76561197961781606
76561197961781608
76561197961781609
76561197961781610
76561197961781611
76561197961781612
76561197961781615
76561197961781616
76561197961781617
76561197961781622
76561197961781625
76561197961781626
76561197961781628
76561197961781629
76561197961781631
76561197961781632
76561197961781633
76561197961781634
76561197961781635
76561197961781636
76561197961781637
76561197961781638
76561197961781640
76561197961781641
76561197961781642
76561197961781643
76561197961781645
76561197961781646
76561197961781647
76561197961781648
76561197961781651
76561197961781652
76561197961781653
76561197961781654
76561197961781655
76561197961781657
76561197961781659
76561197961781660
76561197961781661
76561197961781662
76561197961781663
76561197961781668
76561197961781670
76561197961781674
76561197961781675
76561197961781677
76561197961781679
76561197961781680
76561197961781681
76561197961781682
76561197961781683
76561197961781684
76561197961781687
76561197961781688
76561197961781689
76561197961781690
76561197961781693
76561197961781695
76561197961781696
76561197961781699
76561197961781700
76561197961781701
76561197961781703
76561197961781706
76561197961781708
76561197961781709
76561197961781710
76561197961781711
76561197961781712
76561197961781714
76561197961781715
76561197961781716
76561197961781718
76561197961781720
76561197961781722
76561197961781723
76561197961781724
76561197961781725
76561197961781727
76561197961781728
76561197961781730
76561197961781731
76561197961781732
76561197961781733
76561197961781734
76561197961781735
76561197961781736
76561197961781737
76561197961781738
76561197961781741
76561197961781742
76561197961781744
76561197961781745
76561197961781746
76561197961781749
76561197961781750
76561197961781751
76561197961781753
76561197961781754
76561197961781755
76561197961781756
76561197961781758
76561197961781759
76561197961781760
76561197961781761
76561197961781763
76561197961781766
76561197961781767
76561197961781768
76561197961781769
76561197961781770
76561197961781771
76561197961781772
76561197961781774
76561197961781776
76561197961781777
76561197961781779
76561197961781780
76561197961781782
76561197961781785
76561197961781788
76561197961781790
76561197961781791
76561197961781792
76561197961781793
76561197961781794
76561197961781796
76561197961781797
76561197961781798
76561197961781799
76561197961781800
76561197961781801
76561197961781802
76561197961781803
76561197961781804
76561197961781805
76561197961781808
76561197961781809
76561197961781810
76561197961781811
76561197961781812
76561197961781813
76561197961781814
76561197961781816
76561197961781822
76561197961781823
76561197961781824
76561197961781825
76561197961781827
76561197961781833
76561197961781834
76561197961781835
76561197961781837
76561197961781838
76561197961781840
76561197961781841
76561197961781843
76561197961781846
76561197961781847
76561197961781848
76561197961781849
76561197961781850
76561197961781851
76561197961781855
76561197961781856
76561197961781859
76561197961781860
76561197961781861
76561197961781862
76561197961781863
76561197961781865
76561197961781866
76561197961781868
76561197961781869
76561197961781870
76561197961781871
76561197961781873
76561197961781874
76561197961781877
76561197961781878
76561197961781879
76561197961781881
76561197961781882
76561197961781883
76561197961781884
76561197961781886
76561197961781887
76561197961781888
76561197961781890
76561197961781891
76561197961781892
76561197961781893
76561197961781894
76561197961781895
76561197961781896
76561197961781897
76561197961781899
76561197961781900
76561197961781901
76561197961781902
76561197961781903
76561197961781904
76561197961781905
76561197961781906
76561197961781907
76561197961781908
76561197961781910
76561197961781911
76561197961781912
76561197961781916
76561197961781917
76561197961781918
76561197961781919
76561197961781920
76561197961781921
76561197961781922
76561197961781923
76561197961781925
76561197961781926
76561197961781927
76561197961781928
76561197961781930
76561197961781932
76561197961781935
76561197961781936
76561197961781938
76561197961781940
76561197961781945
76561197961781946
76561197961781947
76561197961781948
76561197961781950
76561197961781951
76561197961781952
76561197961781954
76561197961781956
76561197961781958
76561197961781960
76561197961781961
76561197961781962
76561197961781964
76561197961781966
76561197961781967
76561197961781968
76561197961781969
76561197961781971
76561197961781973
76561197961781975
76561197961781976
76561197961781978
76561197961781979
76561197961781980
76561197961781981
76561197961781982
76561197961781983
76561197961781985
76561197961781987
76561197961781989
76561197961781990
76561197961781993
76561197961781996
76561197961781997
76561197961781998
76561197961781999
76561197961782000
76561197961782002
76561197961782005
76561197961782006
76561197961782007
76561197961782008
76561197961782009
76561197961782011
76561197961782012
76561197961782017
76561197961782020
76561197961782022
76561197961782028
76561197961782029
76561197961782030
76561197961782031
76561197961782032
76561197961782033
76561197961782034
76561197961782036
76561197961782037
76561197961782038
76561197961782040
76561197961782041
76561197961782042
76561197961782046
76561197961782047
76561197961782048
76561197961782049
76561197961782050
76561197961782053
76561197961782055
76561197961782056
76561197961782057
76561197961782058
76561197961782060
76561197961782061
76561197961782062
76561197961782063
76561197961782064
76561197961782065
76561197961782066
76561197961782067
76561197961782068
76561197961782070
76561197961782071
76561197961782072
76561197961782073
76561197961782074
76561197961782075
76561197961782078
76561197961782079
76561197961782080
76561197961782082
76561197961782083
76561197961782086
76561197961782087
76561197961782090
76561197961782091
76561197961782092
76561197961782093
76561197961782096
76561197961782097
76561197961782098
76561197961782099
76561197961782100
76561197961782102
76561197961782103
76561197961782104
76561197961782106
76561197961782107
76561197961782108
76561197961782109
76561197961782112
76561197961782116
76561197961782117
76561197961782118
76561197961782119
76561197961782121
76561197961782122
76561197961782124
76561197961782125
76561197961782126
76561197961782129
76561197961782135
76561197961782137
76561197961782139
76561197961782140
76561197961782142
76561197961782143
76561197961782144
76561197961782145
76561197961782146
76561197961782147
76561197961782148
76561197961782149
76561197961782150
76561197961782155
76561197961782156
76561197961782157
76561197961782158
76561197961782159
76561197961782160
76561197961782163
76561197961782165
76561197961782166
76561197961782168
76561197961782169
76561197961782170
76561197961782171
76561197961782172
76561197961782173
76561197961782174
76561197961782175
76561197961782176
76561197961782179
76561197961782181
76561197961782182
76561197961782184
76561197961782185
76561197961782186
76561197961782187
76561197961782188
76561197961782189
76561197961782190
76561197961782191
76561197961782192
76561197961782194
76561197961782195
76561197961782196
76561197961782199
76561197961782201
76561197961782202
76561197961782204
76561197961782207
76561197961782208
76561197961782209
76561197961782211
76561197961782212
76561197961782214
76561197961782215
76561197961782218
76561197961782219
76561197961782220
76561197961782221
76561197961782222
76561197961782224
76561197961782226
76561197961782229
76561197961782230
76561197961782231
76561197961782234
76561197961782235
76561197961782237
76561197961782238
76561197961782239
76561197961782241
76561197961782242
76561197961782243
76561197961782244
76561197961782245
76561197961782246
76561197961782247
76561197961782248
76561197961782249
76561197961782250
76561197961782251
76561197961782253
76561197961782254
76561197961782255
76561197961782256
76561197961782258
76561197961782259
76561197961782261
76561197961782262
76561197961782263
76561197961782264
76561197961782265
76561197961782266
76561197961782267
76561197961782269
76561197961782272
76561197961782273
76561197961782276
76561197961782277
76561197961782278
76561197961782279
76561197961782280
76561197961782281
76561197961782282
76561197961782287
76561197961782289
76561197961782290
76561197961782292
76561197961782293
76561197961782295
76561197961782296
76561197961782297
76561197961782299
76561197961782300
76561197961782304
76561197961782305
76561197961782308
76561197961782310
76561197961782311
76561197961782312
76561197961782314
76561197961782315
76561197961782321
76561197961782324
76561197961782326
76561197961782327
76561197961782328
76561197961782329
76561197961782330
76561197961782331
76561197961782334
76561197961782335
76561197961782337
76561197961782339
76561197961782340
76561197961782341
76561197961782342
76561197961782346
76561197961782347
76561197961782348
76561197961782349
76561197961782350
76561197961782351
76561197961782352
76561197961782354
76561197961782356
76561197961782357
76561197961782358
76561197961782360
76561197961782364
76561197961782365
76561197961782367
76561197961782369
76561197961782370
76561197961782371
76561197961782374
76561197961782376
76561197961782377
76561197961782378
76561197961782380
76561197961782382
76561197961782383
76561197961782384
76561197961782387
76561197961782389
76561197961782390
