76561197960527685
76561197960527686
76561197960527689
76561197960527690
76561197960527691
76561197960527693
76561197960527695
76561197960527696
76561197960527697
76561197960527698
76561197960527699
76561197960527702
76561197960527703
76561197960527705
76561197960527706
76561197960527707
76561197960527709
76561197960527710
76561197960527711
76561197960527712
76561197960527713
76561197960527715
76561197960527718
76561197960527719
76561197960527720
76561197960527721
76561197960527722
76561197960527723
76561197960527724
76561197960527725
76561197960527726
76561197960527727
76561197960527729
76561197960527732
76561197960527733
76561197960527736
76561197960527737
76561197960527738
76561197960527740
76561197960527742
76561197960527744
76561197960527746
76561197960527747
76561197960527750
76561197960527751
76561197960527752
76561197960527753
76561197960527754
76561197960527755
76561197960527756
76561197960527757
76561197960527758
76561197960527759
76561197960527760
76561197960527761
76561197960527763
76561197960527765
76561197960527766
76561197960527769
76561197960527770
76561197960527771
76561197960527774
76561197960527776
76561197960527778
76561197960527782
76561197960527783
76561197960527784
76561197960527786
76561197960527789
76561197960527791
76561197960527792
76561197960527795
76561197960527797
76561197960527798
76561197960527799
76561197960527801
76561197960527802
76561197960527803
76561197960527804
76561197960527805
76561197960527806
76561197960527812
76561197960527813
76561197960527814
76561197960527817
76561197960527818
76561197960527819
76561197960527820
76561197960527821
76561197960527822
76561197960527823
76561197960527824
76561197960527825
76561197960527826
76561197960527827
76561197960527828
76561197960527829
76561197960527832
76561197960527833
76561197960527834
76561197960527835
76561197960527837
76561197960527838
76561197960527839
76561197960527841
76561197960527843
76561197960527844
76561197960527847
76561197960527848
76561197960527849
76561197960527851
76561197960527852
76561197960527853
76561197960527854
76561197960527855
76561197960527856
76561197960527857
76561197960527858
76561197960527860
76561197960527861
76561197960527862
76561197960527865
76561197960527866
76561197960527868
76561197960527869
76561197960527870
76561197960527871
76561197960527872
76561197960527873
76561197960527876
76561197960527878
76561197960527879
76561197960527880
76561197960527881
76561197960527883
76561197960527884
76561197960527886
76561197960527887
76561197960527888
76561197960527889
76561197960527891
76561197960527892
76561197960527893
76561197960527896
76561197960527897
76561197960527898
76561197960527899
76561197960527900
76561197960527902
76561197960527903
76561197960527908
76561197960527909
76561197960527910
76561197960527912
76561197960527913
76561197960527914
76561197960527917
76561197960527918
76561197960527921
76561197960527922
76561197960527924
76561197960527925
76561197960527927
76561197960527928
76561197960527929
76561197960527930
76561197960527931
76561197960527932
76561197960527934
76561197960527935
76561197960527936
76561197960527938
76561197960527939
76561197960527941
76561197960527942
76561197960527944
76561197960527946
76561197960527947
76561197960527948
76561197960527951
76561197960527952
76561197960527953
76561197960527954
76561197960527955
76561197960527957
76561197960527959
76561197960527960
76561197960527961
76561197960527962
76561197960527966
76561197960527968
76561197960527969
76561197960527971
76561197960527974
76561197960527975
76561197960527976
76561197960527979
76561197960527982
76561197960527983
76561197960527985
76561197960527988
76561197960527990
76561197960527991
76561197960527992
76561197960527993
76561197960527994
76561197960527995
76561197960527997
76561197960527998
76561197960528000
76561197960528001
76561197960528005
76561197960528006
76561197960528007
76561197960528008
76561197960528009
76561197960528013
76561197960528014
76561197960528015
76561197960528016
76561197960528018
76561197960528019
76561197960528020
76561197960528021
76561197960528023
76561197960528024
76561197960528026
76561197960528027
76561197960528029
76561197960528030
76561197960528031
76561197960528032
76561197960528033
76561197960528034
76561197960528035
76561197960528036
76561197960528038
76561197960528039
76561197960528041
76561197960528043
76561197960528045
76561197960528046
76561197960528047
76561197960528050
76561197960528052
76561197960528053
76561197960528054
76561197960528055
76561197960528056
76561197960528057
76561197960528060
76561197960528063
76561197960528064
76561197960528065
76561197960528066
76561197960528067
76561197960528068
76561197960528069
76561197960528073
76561197960528074
76561197960528075
76561197960528076
76561197960528078
76561197960528080
76561197960528081
76561197960528082
76561197960528083
76561197960528086
76561197960528088
76561197960528089
76561197960528090
76561197960528091
76561197960528093
76561197960528094
76561197960528095
76561197960528096
76561197960528098
76561197960528099
76561197960528100
76561197960528101
76561197960528102
76561197960528104
76561197960528105
76561197960528106
76561197960528107
76561197960528108
76561197960528109
76561197960528110
76561197960528112
76561197960528114
76561197960528117
76561197960528118
76561197960528119
76561197960528120
76561197960528121
76561197960528123
76561197960528124
76561197960528127
76561197960528128
76561197960528129
76561197960528130
76561197960528131
76561197960528133
76561197960528134
76561197960528135
76561197960528136
76561197960528137
76561197960528139
76561197960528140
76561197960528141
76561197960528142
76561197960528145
76561197960528147
76561197960528148
76561197960528150
76561197960528151
76561197960528152
76561197960528153
76561197960528154
76561197960528155
76561197960528156
76561197960528158
76561197960528160
76561197960528163
76561197960528164
76561197960528165
76561197960528167
76561197960528168
76561197960528169
76561197960528171
76561197960528172
76561197960528176
76561197960528177
76561197960528178
76561197960528179
76561197960528180
76561197960528183
76561197960528184
76561197960528186
76561197960528187
76561197960528188
76561197960528189
76561197960528191
76561197960528192
76561197960528196
76561197960528197
76561197960528198
76561197960528199
76561197960528200
76561197960528201
76561197960528202
76561197960528203
76561197960528204
76561197960528205
76561197960528206
76561197960528207
76561197960528209
76561197960528210
76561197960528211
76561197960528212
76561197960528215
76561197960528216
76561197960528218
76561197960528219
76561197960528220
76561197960528222
76561197960528223
76561197960528224
76561197960528225
76561197960528227
76561197960528228
76561197960528229
76561197960528231
76561197960528232
76561197960528233
76561197960528234
76561197960528235
76561197960528241
76561197960528243
76561197960528245
76561197960528246
76561197960528248
76561197960528249
76561197960528250
76561197960528252
76561197960528253
76561197960528254
76561197960528256
76561197960528258
76561197960528259
76561197960528261
76561197960528263
76561197960528265
76561197960528266
76561197960528267
76561197960528269
76561197960528271
76561197960528272
76561197960528273
76561197960528274
76561197960528275
76561197960528276
76561197960528280
76561197960528281
76561197960528283
76561197960528285
76561197960528286
76561197960528287
76561197960528288
76561197960528290
76561197960528291
76561197960528292
76561197960528293
76561197960528294
76561197960528295
76561197960528296
76561197960528297
76561197960528298
76561197960528299
76561197960528300
76561197960528301
76561197960528302
76561197960528303
76561197960528304
76561197960528307
76561197960528308
76561197960528310
76561197960528311
76561197960528312
76561197960528313
76561197960528314
76561197960528317
76561197960528318
76561197960528319
76561197960528324
76561197960528328
76561197960528329
76561197960528331
76561197960528333
76561197960528335
76561197960528336
76561197960528337
76561197960528338
76561197960528339
76561197960528340
76561197960528341
76561197960528342
76561197960528343
76561197960528344
76561197960528345
76561197960528346
76561197960528347
76561197960528348
76561197960528349
76561197960528350
76561197960528353
76561197960528356
76561197960528357
76561197960528359
76561197960528361
76561197960528362
76561197960528363
76561197960528364
76561197960528365
76561197960528366
76561197960528367
76561197960528368
76561197960528369
76561197960528370
76561197960528371
76561197960528372
76561197960528374
76561197960528375
76561197960528376
76561197960528377
76561197960528380
76561197960528381
76561197960528383
76561197960528387
76561197960528388
76561197960528389
76561197960528390
76561197960528392
76561197960528393
76561197960528394
76561197960528395
76561197960528396
76561197960528397
76561197960528398
76561197960528399
76561197960528401
76561197960528402
76561197960528403
76561197960528404
76561197960528405
76561197960528407
76561197960528408
76561197960528409
76561197960528410
76561197960528413
76561197960528414
76561197960528418
76561197960528419
76561197960528420
76561197960528422
76561197960528424
76561197960528427
76561197960528428
76561197960528429
76561197960528432
76561197960528433
76561197960528434
76561197960528435
76561197960528438
76561197960528440
76561197960528442
76561197960528443
76561197960528444
76561197960528445
76561197960528446
76561197960528447
76561197960528448
76561197960528449
76561197960528450
76561197960528452
76561197960528454
76561197960528455
76561197960528456
76561197960528457
76561197960528458
76561197960528461
76561197960528462
76561197960528463
76561197960528467
76561197960528468
76561197960528470
76561197960528472
76561197960528473
76561197960528474
76561197960528475
76561197960528476
76561197960528477
76561197960528478
76561197960528479
76561197960528480
76561197960528481
76561197960528482
76561197960528486
76561197960528488
76561197960528489
76561197960528490
76561197960528491
76561197960528493
76561197960528494
76561197960528495
76561197960528496
76561197960528497
76561197960528498
76561197960528499
76561197960528500
76561197960528501
76561197960528502
76561197960528506
76561197960528507
76561197960528508
76561197960528509
76561197960528510
76561197960528516
76561197960528517
76561197960528518
76561197960528522
76561197960528523
76561197960528524
76561197960528525
76561197960528526
76561197960528528
76561197960528529
76561197960528531
76561197960528538
76561197960528539
76561197960528540
76561197960528541
76561197960528543
76561197960528544
76561197960528546
76561197960528547
76561197960528549
76561197960528552
76561197960528553
76561197960528555
76561197960528559
76561197960528560
76561197960528561
76561197960528563
76561197960528564
76561197960528566
76561197960528567
76561197960528568
76561197960528569
76561197960528571
76561197960528572
76561197960528575
76561197960528577
76561197960528578
76561197960528579
76561197960528580
76561197960528581
76561197960528583
76561197960528584
76561197960528585
76561197960528587
76561197960528588
76561197960528591
76561197960528592
76561197960528594
76561197960528595
76561197960528599
76561197960528600
76561197960528602
76561197960528603
76561197960528605
76561197960528606
76561197960528607
76561197960528608
76561197960528609
76561197960528610
76561197960528611
76561197960528613
76561197960528614
76561197960528615
76561197960528616
76561197960528617
76561197960528619
76561197960528620
76561197960528621
76561197960528622
76561197960528624
76561197960528626
76561197960528627
76561197960528630
76561197960528631
76561197960528632
76561197960528634
76561197960528635
76561197960528636
76561197960528638
76561197960528639
76561197960528640
76561197960528641
76561197960528643
76561197960528647
76561197960528648
76561197960528649
76561197960528650
76561197960528651
76561197960528652
76561197960528653
76561197960528654
76561197960528655
76561197960528656
76561197960528657
76561197960528659
76561197960528660
76561197960528662
76561197960528663
76561197960528665
76561197960528667
76561197960528668
76561197960528669
76561197960528670
76561197960528671
76561197960528672
76561197960528673
76561197960528674
76561197960528675
76561197960528676
76561197960528677
76561197960528679
76561197960528681
76561197960528683
76561197960528685
76561197960528686
76561197960528687
76561197960528688
76561197960528692
76561197960528694
76561197960528695
76561197960528696
76561197960528697
76561197960528698
76561197960528700
76561197960528701
76561197960528702
76561197960528704
76561197960528707
76561197960528708
76561197960528709
76561197960528710
76561197960528711
76561197960528714
76561197960528715
76561197960528716
76561197960528719
76561197960528720
76561197960528721
76561197960528723
76561197960528724
76561197960528725
76561197960528726
76561197960528728
76561197960528729
76561197960528730
76561197960528731
76561197960528732
76561197960528733
76561197960528734
76561197960528735
76561197960528737
76561197960528738
76561197960528740
76561197960528741
76561197960528742
76561197960528743
76561197960528744
76561197960528745
76561197960528747
76561197960528748
76561197960528749
76561197960528750
76561197960528751
76561197960528752
76561197960528754
76561197960528757
76561197960528758
76561197960528759
76561197960528760
76561197960528761
76561197960528762
76561197960528764
76561197960528765
76561197960528767
76561197960528768
76561197960528770
76561197960528771
76561197960528772
76561197960528773
76561197960528774
76561197960528775
76561197960528777
76561197960528778
76561197960528779
76561197960528780
76561197960528781
76561197960528782
76561197960528783
76561197960528784
76561197960528785
76561197960528786
76561197960528788
76561197960528789
76561197960528791
76561197960528793
76561197960528795
76561197960528797
76561197960528800
76561197960528801
76561197960528802
76561197960528803
76561197960528805
76561197960528806
76561197960528807
76561197960528808
76561197960528809
76561197960528810
76561197960528813
76561197960528814
76561197960528818
76561197960528819
76561197960528820
76561197960528821
76561197960528822
76561197960528823
76561197960528824
76561197960528825
76561197960528826
76561197960528827
76561197960528829
76561197960528830
76561197960528831
76561197960528832
76561197960528833
76561197960528834
76561197960528836
76561197960528837
76561197960528839
76561197960528840
76561197960528842
76561197960528845
76561197960528846
76561197960528847
76561197960528848
76561197960528850
76561197960528851
76561197960528852
76561197960528853
76561197960528854
76561197960528856
76561197960528857
76561197960528858
76561197960528859
76561197960528860
76561197960528861
76561197960528863
76561197960528864
76561197960528865
76561197960528868
76561197960528869
76561197960528871
76561197960528872
76561197960528873
76561197960528875
76561197960528876
76561197960528879
76561197960528880
76561197960528881
76561197960528882
76561197960528884
76561197960528886
76561197960528889
76561197960528891
76561197960528892
76561197960528893
76561197960528894
76561197960528895
76561197960528898
76561197960528899
76561197960528900
76561197960528902
76561197960528903
76561197960528904
76561197960528905
76561197960528907
76561197960528908
76561197960528909
76561197960528910
76561197960528911
76561197960528912
76561197960528913
76561197960528914
76561197960528915
76561197960528917
76561197960528918
76561197960528919
76561197960528921
76561197960528922
76561197960528923
76561197960528924
76561197960528925
76561197960528926
76561197960528927
76561197960528930
76561197960528931
76561197960528932
76561197960528933
76561197960528935
76561197960528936
76561197960528937
76561197960528939
76561197960528940
76561197960528941
76561197960528942
76561197960528943
76561197960528944
76561197960528945
76561197960528946
76561197960528947
76561197960528948
76561197960528949
76561197960528950
76561197960528951
76561197960528952
76561197960528954
76561197960528955
76561197960528956
76561197960528957
76561197960528958
76561197960528959
76561197960528960
76561197960528961
76561197960528962
76561197960528965
76561197960528967
76561197960528968
76561197960528970
76561197960528974
76561197960528975
76561197960528976
76561197960528978
76561197960528979
76561197960528980
76561197960528982
76561197960528983
76561197960528984
76561197960528986
76561197960528987
76561197960528988
76561197960528990
76561197960528991
76561197960528992
76561197960528993
76561197960528994
76561197960528995
76561197960528996
76561197960528997
76561197960528998
76561197960528999
76561197960529000
76561197960529001
76561197960529002
76561197960529006
76561197960529008
76561197960529009
76561197960529010
76561197960529011
76561197960529012
76561197960529013
76561197960529014
76561197960529015
76561197960529017
76561197960529018
76561197960529019
76561197960529020
76561197960529021
76561197960529022
76561197960529023
76561197960529024
76561197960529025
76561197960529027
76561197960529028
76561197960529029
76561197960529030
76561197960529032
76561197960529033
76561197960529038
76561197960529039
76561197960529040
76561197960529041
76561197960529042
76561197960529043
76561197960529045
76561197960529046
76561197960529047
76561197960529049
76561197960529050
76561197960529051
76561197960529052
76561197960529053
76561197960529054
76561197960529056
76561197960529057
76561197960529058
76561197960529059
76561197960529061
76561197960529062
76561197960529063
76561197960529065
76561197960529066
76561197960529067
76561197960529068
76561197960529069
76561197960529071
76561197960529072
76561197960529074
76561197960529075
76561197960529076
76561197960529078
76561197960529079
76561197960529080
76561197960529081
76561197960529082
76561197960529083
76561197960529084
76561197960529085
76561197960529086
76561197960529087
76561197960529088
76561197960529089
76561197960529091
76561197960529093
76561197960529094
76561197960529095
76561197960529097
76561197960529098
76561197960529100
76561197960529101
76561197960529102
76561197960529103
76561197960529105
76561197960529106
76561197960529108
