76561197961123821
76561197961123822
76561197961123823
76561197961123824
76561197961123825
76561197961123827
76561197961123831
76561197961123832
76561197961123834
76561197961123835
76561197961123836
76561197961123837
76561197961123842
76561197961123844
76561197961123845
76561197961123847
76561197961123848
76561197961123850
76561197961123852
76561197961123854
76561197961123855
76561197961123856
76561197961123857
76561197961123859
76561197961123862
76561197961123863
76561197961123864
76561197961123866
76561197961123867
76561197961123872
76561197961123873
76561197961123874
76561197961123875
76561197961123876
76561197961123882
76561197961123884
76561197961123886
76561197961123887
76561197961123888
76561197961123890
76561197961123891
76561197961123892
76561197961123894
76561197961123895
76561197961123896
76561197961123898
76561197961123900
76561197961123901
76561197961123902
76561197961123903
76561197961123905
76561197961123906
76561197961123908
76561197961123909
76561197961123912
76561197961123913
76561197961123914
76561197961123916
76561197961123917
76561197961123918
76561197961123920
76561197961123921
76561197961123924
76561197961123925
76561197961123926
76561197961123927
76561197961123930
76561197961123931
76561197961123932
76561197961123933
76561197961123936
76561197961123944
76561197961123945
76561197961123946
76561197961123947
76561197961123948
76561197961123951
76561197961123952
76561197961123954
76561197961123955
76561197961123957
76561197961123958
76561197961123962
76561197961123966
76561197961123969
76561197961123972
76561197961123976
76561197961123977
76561197961123978
76561197961123979
76561197961123980
76561197961123983
76561197961123985
76561197961123988
76561197961123989
76561197961123993
76561197961123994
76561197961123997
76561197961123999
76561197961124001
76561197961124003
76561197961124005
76561197961124006
76561197961124008
76561197961124009
76561197961124010
76561197961124011
76561197961124014
76561197961124016
76561197961124017
76561197961124019
76561197961124022
76561197961124024
76561197961124025
76561197961124027
76561197961124028
76561197961124030
76561197961124031
76561197961124032
76561197961124033
76561197961124035
76561197961124036
76561197961124037
76561197961124041
76561197961124042
76561197961124043
76561197961124045
76561197961124047
76561197961124048
76561197961124049
76561197961124050
76561197961124051
76561197961124052
76561197961124053
76561197961124054
76561197961124057
76561197961124058
76561197961124059
76561197961124060
76561197961124061
76561197961124062
76561197961124063
76561197961124065
76561197961124066
76561197961124070
76561197961124072
76561197961124073
76561197961124075
76561197961124076
76561197961124078
76561197961124079
76561197961124080
76561197961124083
76561197961124085
76561197961124086
76561197961124089
76561197961124091
76561197961124093
76561197961124094
76561197961124095
76561197961124098
76561197961124101
76561197961124102
76561197961124103
76561197961124104
76561197961124105
76561197961124108
76561197961124110
76561197961124113
76561197961124116
76561197961124117
76561197961124118
76561197961124119
76561197961124120
76561197961124123
76561197961124124
76561197961124125
76561197961124126
76561197961124127
76561197961124129
76561197961124133
76561197961124134
76561197961124135
76561197961124136
76561197961124137
76561197961124138
76561197961124140
76561197961124141
76561197961124142
76561197961124143
76561197961124144
76561197961124147
76561197961124148
76561197961124152
76561197961124153
76561197961124155
76561197961124156
76561197961124157
76561197961124159
76561197961124160
76561197961124161
76561197961124162
76561197961124163
76561197961124165
76561197961124166
76561197961124170
76561197961124171
76561197961124172
76561197961124174
76561197961124175
76561197961124177
76561197961124178
76561197961124180
76561197961124182
76561197961124183
76561197961124184
76561197961124185
76561197961124186
76561197961124188
76561197961124189
76561197961124197
76561197961124198
76561197961124201
76561197961124202
76561197961124203
76561197961124205
76561197961124207
76561197961124208
76561197961124210
76561197961124211
76561197961124214
76561197961124215
76561197961124216
76561197961124217
76561197961124218
76561197961124219
76561197961124221
76561197961124223
76561197961124225
76561197961124228
76561197961124229
76561197961124230
76561197961124231
76561197961124232
76561197961124233
76561197961124234
76561197961124235
76561197961124238
76561197961124239
76561197961124242
76561197961124244
76561197961124245
76561197961124247
76561197961124248
76561197961124250
76561197961124252
76561197961124254
76561197961124259
76561197961124261
76561197961124262
76561197961124263
76561197961124264
76561197961124267
76561197961124268
76561197961124271
76561197961124276
76561197961124278
76561197961124279
76561197961124280
76561197961124281
76561197961124282
76561197961124283
76561197961124284
76561197961124285
76561197961124286
76561197961124287
76561197961124290
76561197961124291
76561197961124292
76561197961124295
76561197961124299
76561197961124300
76561197961124303
76561197961124304
76561197961124306
76561197961124307
76561197961124309
76561197961124313
76561197961124314
76561197961124315
76561197961124323
76561197961124324
76561197961124328
76561197961124329
76561197961124330
76561197961124331
76561197961124333
76561197961124335
76561197961124336
76561197961124337
76561197961124338
76561197961124339
76561197961124340
76561197961124341
76561197961124343
76561197961124345
76561197961124346
76561197961124347
76561197961124349
76561197961124350
76561197961124351
76561197961124353
76561197961124356
76561197961124359
76561197961124361
76561197961124362
76561197961124365
76561197961124366
76561197961124369
76561197961124370
76561197961124371
76561197961124372
76561197961124373
76561197961124375
76561197961124376
76561197961124377
76561197961124378
76561197961124380
76561197961124383
76561197961124385
76561197961124388
76561197961124391
76561197961124392
76561197961124393
76561197961124395
76561197961124398
76561197961124400
76561197961124402
76561197961124403
76561197961124405
76561197961124407
76561197961124408
76561197961124409
76561197961124415
76561197961124416
76561197961124418
76561197961124420
76561197961124422
76561197961124424
76561197961124425
76561197961124426
76561197961124428
76561197961124433
76561197961124438
76561197961124442
76561197961124444
76561197961124446
76561197961124450
76561197961124452
76561197961124453
76561197961124454
76561197961124456
76561197961124457
76561197961124458
76561197961124459
76561197961124460
76561197961124462
76561197961124463
76561197961124464
76561197961124466
76561197961124471
76561197961124476
76561197961124477
76561197961124478
76561197961124481
76561197961124482
76561197961124483
76561197961124484
76561197961124485
76561197961124486
76561197961124487
76561197961124488
76561197961124490
76561197961124491
76561197961124492
76561197961124493
76561197961124495
76561197961124497
76561197961124498
76561197961124499
76561197961124500
76561197961124502
76561197961124505
76561197961124506
76561197961124508
76561197961124511
76561197961124512
76561197961124513
76561197961124515
76561197961124519
76561197961124520
76561197961124522
76561197961124523
76561197961124526
76561197961124528
76561197961124529
76561197961124530
76561197961124531
76561197961124533
76561197961124535
76561197961124536
76561197961124539
76561197961124540
76561197961124544
76561197961124546
76561197961124547
76561197961124548
76561197961124549
76561197961124551
76561197961124552
76561197961124553
76561197961124557
76561197961124558
76561197961124560
76561197961124566
76561197961124567
76561197961124569
76561197961124570
76561197961124571
76561197961124572
76561197961124573
76561197961124574
76561197961124575
76561197961124576
76561197961124578
76561197961124581
76561197961124582
76561197961124583
76561197961124584
76561197961124588
76561197961124592
76561197961124597
76561197961124599
76561197961124602
76561197961124605
76561197961124607
76561197961124608
76561197961124610
76561197961124611
76561197961124612
76561197961124613
76561197961124616
76561197961124618
76561197961124621
76561197961124622
76561197961124623
76561197961124624
76561197961124626
76561197961124627
76561197961124630
76561197961124631
76561197961124633
76561197961124635
76561197961124637
76561197961124639
76561197961124640
76561197961124641
76561197961124642
76561197961124643
76561197961124648
76561197961124650
76561197961124652
76561197961124653
76561197961124655
76561197961124656
76561197961124657
76561197961124659
76561197961124660
76561197961124662
76561197961124663
76561197961124665
76561197961124666
76561197961124667
76561197961124669
76561197961124670
76561197961124671
76561197961124673
76561197961124675
76561197961124676
76561197961124679
76561197961124680
76561197961124681
76561197961124682
76561197961124683
76561197961124684
76561197961124685
76561197961124686
76561197961124687
76561197961124690
76561197961124696
76561197961124698
76561197961124699
76561197961124700
76561197961124702
76561197961124704
76561197961124706
76561197961124707
76561197961124708
76561197961124712
76561197961124716
76561197961124717
76561197961124718
76561197961124719
76561197961124724
76561197961124725
76561197961124727
76561197961124728
76561197961124731
76561197961124733
76561197961124734
76561197961124736
76561197961124741
76561197961124742
76561197961124744
76561197961124749
76561197961124750
76561197961124755
76561197961124756
76561197961124759
76561197961124760
76561197961124761
76561197961124763
76561197961124765
76561197961124766
76561197961124770
76561197961124771
76561197961124773
76561197961124774
76561197961124775
76561197961124776
76561197961124779
76561197961124781
76561197961124782
76561197961124783
76561197961124784
76561197961124786
76561197961124787
76561197961124794
76561197961124795
76561197961124796
76561197961124799
76561197961124800
76561197961124803
76561197961124804
76561197961124806
76561197961124807
76561197961124808
76561197961124809
76561197961124812
76561197961124815
76561197961124817
76561197961124823
76561197961124824
76561197961124826
76561197961124827
76561197961124829
76561197961124832
76561197961124834
76561197961124835
76561197961124836
76561197961124837
76561197961124839
76561197961124843
76561197961124844
76561197961124845
76561197961124846
76561197961124847
76561197961124848
76561197961124849
76561197961124850
76561197961124852
76561197961124853
76561197961124854
76561197961124857
76561197961124858
76561197961124859
76561197961124862
76561197961124864
76561197961124865
76561197961124867
76561197961124868
76561197961124872
76561197961124873
76561197961124875
76561197961124876
76561197961124877
76561197961124879
76561197961124880
76561197961124882
76561197961124884
76561197961124886
76561197961124887
76561197961124889
76561197961124890
76561197961124892
76561197961124893
76561197961124895
76561197961124896
76561197961124897
76561197961124901
76561197961124902
76561197961124903
76561197961124904
76561197961124906
76561197961124907
76561197961124911
76561197961124913
76561197961124914
76561197961124915
76561197961124916
76561197961124918
76561197961124920
76561197961124921
76561197961124922
76561197961124928
76561197961124929
76561197961124930
76561197961124932
76561197961124933
76561197961124934
76561197961124936
76561197961124939
76561197961124940
76561197961124941
76561197961124943
76561197961124944
76561197961124946
76561197961124947
76561197961124948
76561197961124951
76561197961124952
76561197961124953
76561197961124954
76561197961124955
76561197961124959
76561197961124961
76561197961124965
76561197961124966
76561197961124967
76561197961124968
76561197961124969
76561197961124970
76561197961124972
76561197961124973
76561197961124975
76561197961124977
76561197961124985
76561197961124986
76561197961124987
76561197961124989
76561197961124991
76561197961124992
76561197961124993
76561197961124994
76561197961124995
76561197961124996
76561197961124997
76561197961124999
76561197961125001
76561197961125002
76561197961125003
76561197961125005
76561197961125008
76561197961125011
76561197961125012
76561197961125015
76561197961125017
76561197961125019
76561197961125020
76561197961125021
76561197961125022
76561197961125025
76561197961125026
76561197961125027
76561197961125028
76561197961125029
76561197961125030
76561197961125032
76561197961125035
76561197961125036
76561197961125037
76561197961125038
76561197961125041
76561197961125043
76561197961125044
76561197961125045
76561197961125046
76561197961125047
76561197961125049
76561197961125050
76561197961125051
76561197961125054
76561197961125056
76561197961125058
76561197961125059
76561197961125060
76561197961125063
76561197961125068
76561197961125070
76561197961125072
76561197961125073
76561197961125074
76561197961125076
76561197961125077
76561197961125080
76561197961125081
76561197961125082
76561197961125088
76561197961125090
76561197961125095
76561197961125096
76561197961125098
76561197961125099
76561197961125101
76561197961125102
76561197961125104
76561197961125106
76561197961125107
76561197961125111
76561197961125113
76561197961125118
76561197961125120
76561197961125121
76561197961125123
76561197961125124
76561197961125125
76561197961125127
76561197961125128
76561197961125129
76561197961125130
76561197961125134
76561197961125135
76561197961125137
76561197961125138
76561197961125140
76561197961125144
76561197961125145
76561197961125147
76561197961125148
76561197961125149
76561197961125150
76561197961125154
76561197961125156
76561197961125157
76561197961125159
76561197961125161
76561197961125163
76561197961125164
76561197961125167
76561197961125168
76561197961125169
76561197961125170
76561197961125171
76561197961125172
76561197961125175
76561197961125176
76561197961125178
76561197961125181
76561197961125186
76561197961125187
76561197961125188
76561197961125190
76561197961125193
76561197961125194
76561197961125195
76561197961125196
76561197961125197
76561197961125199
76561197961125200
76561197961125204
76561197961125205
76561197961125208
76561197961125209
76561197961125210
76561197961125211
76561197961125213
76561197961125214
76561197961125216
76561197961125217
76561197961125219
76561197961125220
76561197961125221
76561197961125223
76561197961125224
76561197961125225
76561197961125231
76561197961125232
76561197961125234
76561197961125240
76561197961125242
76561197961125243
76561197961125244
76561197961125245
76561197961125246
76561197961125249
76561197961125250
76561197961125255
76561197961125260
76561197961125263
76561197961125266
76561197961125268
76561197961125270
76561197961125271
76561197961125272
76561197961125273
76561197961125274
76561197961125275
76561197961125277
76561197961125280
76561197961125281
76561197961125282
76561197961125283
76561197961125284
76561197961125285
76561197961125286
76561197961125289
76561197961125290
76561197961125292
76561197961125293
76561197961125294
76561197961125295
76561197961125296
76561197961125298
76561197961125302
76561197961125303
76561197961125307
76561197961125308
76561197961125310
76561197961125311
76561197961125312
76561197961125313
76561197961125314
76561197961125315
76561197961125322
76561197961125323
76561197961125328
76561197961125330
76561197961125331
76561197961125332
76561197961125334
76561197961125336
76561197961125337
76561197961125338
76561197961125343
76561197961125347
76561197961125349
76561197961125350
76561197961125351
76561197961125353
76561197961125357
76561197961125358
76561197961125359
76561197961125360
76561197961125362
76561197961125363
76561197961125364
76561197961125365
76561197961125366
76561197961125367
76561197961125369
76561197961125371
76561197961125373
76561197961125375
76561197961125376
76561197961125377
76561197961125378
76561197961125379
76561197961125383
76561197961125384
76561197961125385
76561197961125386
76561197961125387
76561197961125388
76561197961125389
76561197961125391
76561197961125392
76561197961125394
76561197961125395
76561197961125398
76561197961125401
76561197961125405
76561197961125406
76561197961125407
76561197961125408
76561197961125410
76561197961125411
76561197961125412
76561197961125414
76561197961125416
76561197961125417
76561197961125418
76561197961125421
76561197961125425
76561197961125427
76561197961125432
76561197961125433
76561197961125434
76561197961125436
76561197961125437
76561197961125440
76561197961125441
76561197961125442
76561197961125443
76561197961125444
76561197961125445
76561197961125447
76561197961125448
76561197961125451
76561197961125453
76561197961125454
76561197961125455
76561197961125456
76561197961125458
76561197961125459
76561197961125464
76561197961125466
76561197961125467
76561197961125469
76561197961125473
76561197961125474
76561197961125475
76561197961125476
76561197961125478
76561197961125480
76561197961125481
76561197961125483
76561197961125484
76561197961125486
76561197961125487
76561197961125488
76561197961125489
76561197961125490
76561197961125491
76561197961125493
76561197961125494
76561197961125495
76561197961125497
76561197961125498
76561197961125500
76561197961125504
76561197961125507
76561197961125509
76561197961125513
76561197961125514
76561197961125515
76561197961125518
76561197961125521
76561197961125522
76561197961125523
76561197961125524
76561197961125526
76561197961125527
76561197961125528
76561197961125529
76561197961125531
76561197961125532
76561197961125535
76561197961125536
76561197961125537
76561197961125539
76561197961125540
76561197961125541
76561197961125545
76561197961125548
76561197961125549
76561197961125550
76561197961125551
76561197961125552
76561197961125553
76561197961125560
76561197961125561
76561197961125562
76561197961125563
76561197961125564
76561197961125567
76561197961125568
76561197961125569
76561197961125571
76561197961125572
76561197961125573
76561197961125574
76561197961125576
76561197961125579
76561197961125580
76561197961125584
76561197961125586
76561197961125588
76561197961125589
76561197961125591
76561197961125593
