76561197961348298
76561197961348299
76561197961348300
76561197961348303
76561197961348305
76561197961348308
76561197961348310
76561197961348311
76561197961348312
76561197961348313
76561197961348314
76561197961348315
76561197961348316
76561197961348318
76561197961348319
76561197961348320
76561197961348322
76561197961348323
76561197961348325
76561197961348327
76561197961348329
76561197961348331
76561197961348335
76561197961348337
76561197961348338
76561197961348339
76561197961348340
76561197961348341
76561197961348342
76561197961348343
76561197961348348
76561197961348353
76561197961348355
76561197961348356
76561197961348358
76561197961348361
76561197961348362
76561197961348363
76561197961348364
76561197961348366
76561197961348368
76561197961348370
76561197961348372
76561197961348373
76561197961348374
76561197961348376
76561197961348378
76561197961348380
76561197961348381
76561197961348382
76561197961348383
76561197961348385
76561197961348386
76561197961348388
76561197961348390
76561197961348392
76561197961348393
76561197961348394
76561197961348396
76561197961348397
76561197961348400
76561197961348401
76561197961348402
76561197961348406
76561197961348410
76561197961348411
76561197961348412
76561197961348413
76561197961348414
76561197961348418
76561197961348419
76561197961348420
76561197961348421
76561197961348422
76561197961348423
76561197961348427
76561197961348428
76561197961348429
76561197961348431
76561197961348432
76561197961348435
76561197961348437
76561197961348440
76561197961348443
76561197961348444
76561197961348445
76561197961348446
76561197961348448
76561197961348451
76561197961348452
76561197961348453
76561197961348454
76561197961348455
76561197961348456
76561197961348458
76561197961348460
76561197961348464
76561197961348469
76561197961348472
76561197961348473
76561197961348474
76561197961348476
76561197961348477
76561197961348478
76561197961348479
76561197961348481
76561197961348482
76561197961348483
76561197961348485
76561197961348487
76561197961348488
76561197961348490
76561197961348491
76561197961348492
76561197961348493
76561197961348494
76561197961348495
76561197961348496
76561197961348501
76561197961348502
76561197961348504
76561197961348505
76561197961348506
76561197961348507
76561197961348511
76561197961348512
76561197961348513
76561197961348514
76561197961348516
76561197961348517
76561197961348518
76561197961348520
76561197961348522
76561197961348525
76561197961348527
76561197961348529
76561197961348530
76561197961348531
76561197961348532
76561197961348534
76561197961348537
76561197961348538
76561197961348539
76561197961348540
76561197961348541
76561197961348544
76561197961348545
76561197961348546
76561197961348547
76561197961348548
76561197961348549
76561197961348550
76561197961348551
76561197961348552
76561197961348553
76561197961348554
76561197961348556
76561197961348557
76561197961348558
76561197961348559
76561197961348561
76561197961348562
76561197961348563
76561197961348564
76561197961348565
76561197961348567
76561197961348569
76561197961348570
76561197961348573
76561197961348575
76561197961348576
76561197961348578
76561197961348580
76561197961348585
76561197961348586
76561197961348587
76561197961348588
76561197961348590
76561197961348591
76561197961348595
76561197961348596
76561197961348597
76561197961348599
76561197961348603
76561197961348605
76561197961348606
76561197961348608
76561197961348609
76561197961348610
76561197961348611
76561197961348612
76561197961348615
76561197961348618
76561197961348620
76561197961348621
76561197961348622
76561197961348623
76561197961348624
76561197961348625
76561197961348627
76561197961348629
76561197961348630
76561197961348631
76561197961348632
76561197961348633
76561197961348636
76561197961348637
76561197961348638
76561197961348639
76561197961348640
76561197961348641
76561197961348644
76561197961348649
76561197961348650
76561197961348651
76561197961348655
76561197961348656
76561197961348657
76561197961348658
76561197961348661
76561197961348662
76561197961348663
76561197961348665
76561197961348666
76561197961348668
76561197961348669
76561197961348676
76561197961348677
76561197961348678
76561197961348680
76561197961348682
76561197961348683
76561197961348684
76561197961348685
76561197961348688
76561197961348689
76561197961348690
76561197961348694
76561197961348695
76561197961348696
76561197961348698
76561197961348705
76561197961348707
76561197961348708
76561197961348710
76561197961348712
76561197961348713
76561197961348714
76561197961348716
76561197961348720
76561197961348721
76561197961348722
76561197961348723
76561197961348724
76561197961348727
76561197961348728
76561197961348730
76561197961348731
76561197961348734
76561197961348736
76561197961348737
76561197961348738
76561197961348740
76561197961348742
76561197961348743
76561197961348744
76561197961348745
76561197961348747
76561197961348748
76561197961348756
76561197961348757
76561197961348759
76561197961348760
76561197961348764
76561197961348765
76561197961348766
76561197961348769
76561197961348771
76561197961348772
76561197961348773
76561197961348777
76561197961348779
76561197961348781
76561197961348782
76561197961348783
76561197961348784
76561197961348786
76561197961348787
76561197961348790
76561197961348794
76561197961348800
76561197961348801
76561197961348803
76561197961348804
76561197961348805
76561197961348806
76561197961348811
76561197961348812
76561197961348815
76561197961348816
76561197961348818
76561197961348819
76561197961348821
76561197961348823
76561197961348824
76561197961348825
76561197961348829
76561197961348830
76561197961348831
76561197961348832
76561197961348835
76561197961348836
76561197961348838
76561197961348841
76561197961348845
76561197961348846
76561197961348848
76561197961348850
76561197961348851
76561197961348853
76561197961348854
76561197961348857
76561197961348859
76561197961348860
76561197961348862
76561197961348864
76561197961348865
76561197961348866
76561197961348867
76561197961348869
76561197961348872
76561197961348873
76561197961348876
76561197961348877
76561197961348879
76561197961348880
76561197961348885
76561197961348886
76561197961348889
76561197961348891
76561197961348896
76561197961348897
76561197961348898
76561197961348899
76561197961348900
76561197961348901
76561197961348903
76561197961348904
76561197961348906
76561197961348907
76561197961348908
76561197961348910
76561197961348918
76561197961348919
76561197961348921
76561197961348922
76561197961348924
76561197961348925
76561197961348926
76561197961348929
76561197961348930
76561197961348932
76561197961348935
76561197961348936
76561197961348938
76561197961348939
76561197961348940
76561197961348941
76561197961348942
76561197961348947
76561197961348948
76561197961348949
76561197961348951
76561197961348952
76561197961348956
76561197961348957
76561197961348959
76561197961348961
76561197961348962
76561197961348963
76561197961348964
76561197961348967
76561197961348968
76561197961348969
76561197961348970
76561197961348973
76561197961348975
76561197961348976
76561197961348978
76561197961348979
76561197961348980
76561197961348981
76561197961348982
76561197961348984
76561197961348987
76561197961348989
76561197961348991
76561197961348992
76561197961348999
76561197961349006
76561197961349008
76561197961349013
76561197961349014
76561197961349015
76561197961349019
76561197961349021
76561197961349022
76561197961349023
76561197961349025
76561197961349033
76561197961349038
76561197961349040
76561197961349041
76561197961349042
76561197961349043
76561197961349044
76561197961349045
76561197961349047
76561197961349050
76561197961349053
76561197961349054
76561197961349055
76561197961349057
76561197961349059
76561197961349060
76561197961349061
76561197961349062
76561197961349063
76561197961349068
76561197961349069
76561197961349070
76561197961349071
76561197961349072
76561197961349074
76561197961349075
76561197961349076
76561197961349077
76561197961349078
76561197961349079
76561197961349080
76561197961349081
76561197961349082
76561197961349085
76561197961349086
76561197961349087
76561197961349088
76561197961349090
76561197961349091
76561197961349094
76561197961349095
76561197961349096
76561197961349099
76561197961349100
76561197961349103
76561197961349105
76561197961349110
76561197961349113
76561197961349114
76561197961349116
76561197961349117
76561197961349119
76561197961349121
76561197961349122
76561197961349123
76561197961349125
76561197961349126
76561197961349127
76561197961349128
76561197961349130
76561197961349133
76561197961349134
76561197961349136
76561197961349137
76561197961349138
76561197961349139
76561197961349141
76561197961349142
76561197961349143
76561197961349144
76561197961349146
76561197961349147
76561197961349149
76561197961349151
76561197961349152
76561197961349153
76561197961349154
76561197961349156
76561197961349158
76561197961349159
76561197961349161
76561197961349162
76561197961349163
76561197961349167
76561197961349168
76561197961349169
76561197961349170
76561197961349172
76561197961349173
76561197961349177
76561197961349180
76561197961349182
76561197961349184
76561197961349188
76561197961349189
76561197961349190
76561197961349191
76561197961349192
76561197961349194
76561197961349196
76561197961349198
76561197961349199
76561197961349202
76561197961349204
76561197961349206
76561197961349207
76561197961349208
76561197961349210
76561197961349211
76561197961349212
76561197961349214
76561197961349215
76561197961349218
76561197961349219
76561197961349221
76561197961349224
76561197961349225
76561197961349227
76561197961349228
76561197961349229
76561197961349230
76561197961349231
76561197961349232
76561197961349237
76561197961349238
76561197961349240
76561197961349242
76561197961349244
76561197961349247
76561197961349253
76561197961349255
76561197961349257
76561197961349259
76561197961349261
76561197961349264
76561197961349269
76561197961349270
76561197961349277
76561197961349278
76561197961349279
76561197961349280
76561197961349282
76561197961349284
76561197961349285
76561197961349286
76561197961349289
76561197961349290
76561197961349291
76561197961349293
76561197961349294
76561197961349295
76561197961349296
76561197961349297
76561197961349300
76561197961349301
76561197961349303
76561197961349304
76561197961349305
76561197961349307
76561197961349308
76561197961349311
76561197961349313
76561197961349314
76561197961349315
76561197961349317
76561197961349319
76561197961349320
76561197961349321
76561197961349323
76561197961349324
76561197961349325
76561197961349328
76561197961349329
76561197961349330
76561197961349332
76561197961349333
76561197961349334
76561197961349337
76561197961349338
76561197961349340
76561197961349342
76561197961349346
76561197961349348
76561197961349349
76561197961349351
76561197961349352
76561197961349353
76561197961349354
76561197961349355
76561197961349359
76561197961349360
76561197961349361
76561197961349363
76561197961349364
76561197961349367
76561197961349369
76561197961349372
76561197961349373
76561197961349375
76561197961349379
76561197961349380
76561197961349382
76561197961349383
76561197961349385
76561197961349386
76561197961349389
76561197961349390
76561197961349394
76561197961349395
76561197961349396
76561197961349397
76561197961349398
76561197961349400
76561197961349402
76561197961349404
76561197961349406
76561197961349407
76561197961349408
76561197961349409
76561197961349410
76561197961349411
76561197961349413
76561197961349414
76561197961349415
76561197961349417
76561197961349419
76561197961349420
76561197961349421
76561197961349422
76561197961349427
76561197961349428
76561197961349430
76561197961349431
76561197961349433
76561197961349434
76561197961349435
76561197961349436
76561197961349437
76561197961349438
76561197961349440
76561197961349442
76561197961349444
76561197961349445
76561197961349446
76561197961349450
76561197961349451
76561197961349453
76561197961349454
76561197961349455
76561197961349456
76561197961349457
76561197961349458
76561197961349459
76561197961349463
76561197961349464
76561197961349465
76561197961349466
76561197961349467
76561197961349468
76561197961349470
76561197961349474
76561197961349475
76561197961349476
76561197961349478
76561197961349479
76561197961349480
76561197961349484
76561197961349486
76561197961349487
76561197961349490
76561197961349491
76561197961349492
76561197961349494
76561197961349496
76561197961349497
76561197961349498
76561197961349499
76561197961349500
76561197961349502
76561197961349503
76561197961349508
76561197961349509
76561197961349510
76561197961349512
76561197961349514
76561197961349515
76561197961349520
76561197961349521
76561197961349523
76561197961349524
76561197961349525
76561197961349527
76561197961349528
76561197961349529
76561197961349530
76561197961349531
76561197961349534
76561197961349535
76561197961349537
76561197961349539
76561197961349541
76561197961349542
76561197961349546
76561197961349548
76561197961349551
76561197961349552
76561197961349553
76561197961349557
76561197961349560
76561197961349565
76561197961349566
76561197961349567
76561197961349569
76561197961349570
76561197961349571
76561197961349572
76561197961349573
76561197961349574
76561197961349575
76561197961349577
76561197961349580
76561197961349581
76561197961349583
76561197961349585
76561197961349586
76561197961349588
76561197961349590
76561197961349591
76561197961349593
76561197961349594
76561197961349595
76561197961349596
76561197961349597
76561197961349598
76561197961349599
76561197961349601
76561197961349603
76561197961349604
76561197961349606
76561197961349607
76561197961349608
76561197961349611
76561197961349612
76561197961349613
76561197961349614
76561197961349615
76561197961349616
76561197961349617
76561197961349618
76561197961349621
76561197961349622
76561197961349623
76561197961349624
76561197961349626
76561197961349628
76561197961349632
76561197961349635
76561197961349636
76561197961349638
76561197961349640
76561197961349645
76561197961349646
76561197961349650
76561197961349653
76561197961349654
76561197961349656
76561197961349657
76561197961349658
76561197961349660
76561197961349661
76561197961349662
76561197961349663
76561197961349664
76561197961349665
76561197961349666
76561197961349667
76561197961349668
76561197961349669
76561197961349672
76561197961349673
76561197961349674
76561197961349676
76561197961349678
76561197961349679
76561197961349680
76561197961349681
76561197961349683
76561197961349685
76561197961349686
76561197961349687
76561197961349688
76561197961349690
76561197961349696
76561197961349697
76561197961349698
76561197961349699
76561197961349700
76561197961349701
76561197961349704
76561197961349706
76561197961349709
76561197961349710
76561197961349713
76561197961349715
76561197961349717
76561197961349719
76561197961349720
76561197961349722
76561197961349724
76561197961349725
76561197961349728
76561197961349733
76561197961349734
76561197961349738
76561197961349739
76561197961349740
76561197961349741
76561197961349743
76561197961349745
76561197961349746
76561197961349748
76561197961349749
76561197961349752
76561197961349753
76561197961349756
76561197961349757
76561197961349758
76561197961349759
76561197961349760
76561197961349762
76561197961349763
76561197961349764
76561197961349766
76561197961349767
76561197961349769
76561197961349770
76561197961349771
76561197961349773
76561197961349777
76561197961349779
76561197961349780
76561197961349781
76561197961349784
76561197961349786
76561197961349787
76561197961349788
76561197961349792
76561197961349794
76561197961349795
76561197961349799
76561197961349800
76561197961349801
76561197961349802
76561197961349804
76561197961349806
76561197961349808
76561197961349810
76561197961349812
76561197961349814
76561197961349815
76561197961349816
76561197961349817
76561197961349819
76561197961349821
76561197961349822
76561197961349823
76561197961349824
76561197961349825
76561197961349827
76561197961349829
76561197961349830
76561197961349832
76561197961349837
76561197961349842
76561197961349843
76561197961349846
76561197961349847
76561197961349848
76561197961349850
76561197961349853
76561197961349855
76561197961349856
76561197961349858
76561197961349859
76561197961349861
76561197961349863
76561197961349864
76561197961349871
76561197961349873
76561197961349874
76561197961349876
76561197961349877
76561197961349878
76561197961349880
76561197961349881
76561197961349882
76561197961349884
76561197961349885
76561197961349886
76561197961349887
76561197961349889
76561197961349891
76561197961349892
76561197961349893
76561197961349894
76561197961349895
76561197961349896
76561197961349898
76561197961349899
76561197961349900
76561197961349901
76561197961349903
76561197961349910
76561197961349911
76561197961349914
76561197961349915
76561197961349916
76561197961349919
76561197961349922
76561197961349923
76561197961349924
76561197961349925
76561197961349926
76561197961349928
76561197961349930
76561197961349931
76561197961349932
76561197961349933
76561197961349934
76561197961349935
76561197961349939
76561197961349941
76561197961349943
76561197961349944
76561197961349948
76561197961349949
76561197961349950
76561197961349952
76561197961349953
76561197961349955
76561197961349956
76561197961349957
76561197961349958
76561197961349961
76561197961349964
76561197961349965
76561197961349966
76561197961349967
76561197961349970
76561197961349974
76561197961349977
76561197961349980
76561197961349981
76561197961349982
76561197961349983
76561197961349984
76561197961349986
76561197961349990
76561197961349992
76561197961349994
76561197961349997
76561197961349998
76561197961349999
76561197961350001
76561197961350002
76561197961350003
76561197961350005
76561197961350006
76561197961350007
76561197961350008
76561197961350011
76561197961350012
76561197961350014
76561197961350015
76561197961350019
76561197961350023
76561197961350025
76561197961350026
76561197961350027
76561197961350031
76561197961350032
76561197961350033
76561197961350034
76561197961350036
76561197961350038
76561197961350039
76561197961350040
76561197961350042
76561197961350044
76561197961350045
76561197961350046
