76561197960543001
76561197960543002
76561197960543003
76561197960543007
76561197960543008
76561197960543009
76561197960543010
76561197960543011
76561197960543013
76561197960543016
76561197960543017
76561197960543018
76561197960543021
76561197960543022
76561197960543023
76561197960543027
76561197960543028
76561197960543030
76561197960543032
76561197960543034
76561197960543036
76561197960543037
76561197960543040
76561197960543041
76561197960543042
76561197960543046
76561197960543047
76561197960543048
76561197960543050
76561197960543051
76561197960543054
76561197960543056
76561197960543057
76561197960543058
76561197960543059
76561197960543060
76561197960543061
76561197960543062
76561197960543065
76561197960543068
76561197960543072
76561197960543074
76561197960543075
76561197960543076
76561197960543080
76561197960543081
76561197960543083
76561197960543085
76561197960543087
76561197960543088
76561197960543090
76561197960543093
76561197960543095
76561197960543097
76561197960543098
76561197960543100
76561197960543101
76561197960543102
76561197960543103
76561197960543104
76561197960543105
76561197960543106
76561197960543109
76561197960543112
76561197960543113
76561197960543114
76561197960543115
76561197960543116
76561197960543117
76561197960543118
76561197960543121
76561197960543122
76561197960543124
76561197960543125
76561197960543126
76561197960543127
76561197960543130
76561197960543132
76561197960543136
76561197960543138
76561197960543139
76561197960543140
76561197960543142
76561197960543143
76561197960543144
76561197960543146
76561197960543150
76561197960543151
76561197960543153
76561197960543155
76561197960543157
76561197960543160
76561197960543161
76561197960543165
76561197960543167
76561197960543170
76561197960543171
76561197960543172
76561197960543173
76561197960543177
76561197960543178
76561197960543179
76561197960543180
76561197960543182
76561197960543183
76561197960543185
76561197960543187
76561197960543188
76561197960543191
76561197960543195
76561197960543198
76561197960543200
76561197960543201
76561197960543203
76561197960543204
76561197960543206
76561197960543208
76561197960543209
76561197960543210
76561197960543211
76561197960543213
76561197960543217
76561197960543218
76561197960543219
76561197960543220
76561197960543222
76561197960543224
76561197960543225
76561197960543227
76561197960543228
76561197960543230
76561197960543231
76561197960543232
76561197960543233
76561197960543234
76561197960543235
76561197960543238
76561197960543241
76561197960543242
76561197960543243
76561197960543244
76561197960543248
76561197960543249
76561197960543250
76561197960543251
76561197960543253
76561197960543254
76561197960543255
76561197960543257
76561197960543259
76561197960543265
76561197960543266
76561197960543267
76561197960543268
76561197960543269
76561197960543270
76561197960543271
76561197960543272
76561197960543273
76561197960543274
76561197960543275
76561197960543276
76561197960543278
76561197960543279
76561197960543280
76561197960543282
76561197960543284
76561197960543285
76561197960543288
76561197960543291
76561197960543292
76561197960543295
76561197960543296
76561197960543297
76561197960543299
76561197960543300
76561197960543302
76561197960543304
76561197960543305
76561197960543307
76561197960543309
76561197960543310
76561197960543311
76561197960543314
76561197960543315
76561197960543316
76561197960543317
76561197960543318
76561197960543319
76561197960543320
76561197960543321
76561197960543322
76561197960543325
76561197960543326
76561197960543327
76561197960543328
76561197960543329
76561197960543330
76561197960543331
76561197960543332
76561197960543333
76561197960543334
76561197960543336
76561197960543337
76561197960543339
76561197960543340
76561197960543343
76561197960543344
76561197960543346
76561197960543347
76561197960543352
76561197960543356
76561197960543357
76561197960543358
76561197960543359
76561197960543362
76561197960543364
76561197960543366
76561197960543368
76561197960543369
76561197960543370
76561197960543371
76561197960543372
76561197960543374
76561197960543376
76561197960543379
76561197960543380
76561197960543384
76561197960543390
76561197960543392
76561197960543395
76561197960543396
76561197960543397
76561197960543399
76561197960543400
76561197960543401
76561197960543403
76561197960543404
76561197960543405
76561197960543407
76561197960543408
76561197960543410
76561197960543411
76561197960543412
76561197960543413
76561197960543414
76561197960543415
76561197960543417
76561197960543419
76561197960543420
76561197960543421
76561197960543422
76561197960543423
76561197960543424
76561197960543425
76561197960543427
76561197960543429
76561197960543430
76561197960543431
76561197960543433
76561197960543434
76561197960543435
76561197960543437
76561197960543438
76561197960543441
76561197960543442
76561197960543443
76561197960543444
76561197960543445
76561197960543447
76561197960543449
76561197960543450
76561197960543451
76561197960543452
76561197960543453
76561197960543454
76561197960543455
76561197960543457
76561197960543458
76561197960543460
76561197960543461
76561197960543462
76561197960543464
76561197960543465
76561197960543466
76561197960543467
76561197960543469
76561197960543471
76561197960543476
76561197960543477
76561197960543481
76561197960543482
76561197960543484
76561197960543486
76561197960543487
76561197960543488
76561197960543489
76561197960543492
76561197960543493
76561197960543495
76561197960543496
76561197960543498
76561197960543502
76561197960543503
76561197960543504
76561197960543508
76561197960543509
76561197960543511
76561197960543512
76561197960543514
76561197960543515
76561197960543516
76561197960543517
76561197960543518
76561197960543519
76561197960543520
76561197960543522
76561197960543523
76561197960543525
76561197960543526
76561197960543527
76561197960543528
76561197960543530
76561197960543532
76561197960543534
76561197960543535
76561197960543536
76561197960543540
76561197960543542
76561197960543544
76561197960543546
76561197960543547
76561197960543548
76561197960543550
76561197960543552
76561197960543553
76561197960543554
76561197960543555
76561197960543557
76561197960543558
76561197960543559
76561197960543562
76561197960543563
76561197960543567
76561197960543568
76561197960543569
76561197960543570
76561197960543571
76561197960543572
76561197960543573
76561197960543574
76561197960543575
76561197960543576
76561197960543578
76561197960543580
76561197960543581
76561197960543582
76561197960543583
76561197960543584
76561197960543586
76561197960543587
76561197960543588
76561197960543589
76561197960543591
76561197960543592
76561197960543593
76561197960543595
76561197960543596
76561197960543598
76561197960543599
76561197960543600
76561197960543602
76561197960543603
76561197960543605
76561197960543607
76561197960543608
76561197960543609
76561197960543610
76561197960543611
76561197960543613
76561197960543615
76561197960543617
76561197960543619
76561197960543622
76561197960543624
76561197960543625
76561197960543626
76561197960543627
76561197960543630
76561197960543633
76561197960543634
76561197960543636
76561197960543637
76561197960543639
76561197960543640
76561197960543641
76561197960543642
76561197960543643
76561197960543644
76561197960543645
76561197960543648
76561197960543649
76561197960543650
76561197960543651
76561197960543652
76561197960543655
76561197960543656
76561197960543657
76561197960543660
76561197960543661
76561197960543662
76561197960543664
76561197960543665
76561197960543667
76561197960543668
76561197960543670
76561197960543671
76561197960543672
76561197960543673
76561197960543674
76561197960543675
76561197960543676
76561197960543677
76561197960543678
76561197960543679
76561197960543681
76561197960543683
76561197960543686
76561197960543687
76561197960543690
76561197960543692
76561197960543694
76561197960543697
76561197960543699
76561197960543702
76561197960543704
76561197960543706
76561197960543707
76561197960543708
76561197960543710
76561197960543711
76561197960543712
76561197960543713
76561197960543715
76561197960543717
76561197960543718
76561197960543719
76561197960543720
76561197960543721
76561197960543724
76561197960543725
76561197960543726
76561197960543727
76561197960543728
76561197960543730
76561197960543731
76561197960543732
76561197960543735
76561197960543736
76561197960543738
76561197960543739
76561197960543741
76561197960543742
76561197960543743
76561197960543745
76561197960543747
76561197960543750
76561197960543751
76561197960543752
76561197960543753
76561197960543754
76561197960543755
76561197960543756
76561197960543758
76561197960543759
76561197960543760
76561197960543761
76561197960543762
76561197960543763
76561197960543765
76561197960543766
76561197960543768
76561197960543771
76561197960543772
76561197960543773
76561197960543774
76561197960543776
76561197960543777
76561197960543778
76561197960543779
76561197960543780
76561197960543781
76561197960543782
76561197960543783
76561197960543784
76561197960543785
76561197960543786
76561197960543787
76561197960543788
76561197960543791
76561197960543794
76561197960543796
76561197960543797
76561197960543799
76561197960543800
76561197960543802
76561197960543804
76561197960543806
76561197960543809
76561197960543810
76561197960543811
76561197960543812
76561197960543814
76561197960543815
76561197960543818
76561197960543820
76561197960543823
76561197960543825
76561197960543826
76561197960543827
76561197960543828
76561197960543831
76561197960543832
76561197960543833
76561197960543834
76561197960543835
76561197960543836
76561197960543838
76561197960543840
76561197960543842
76561197960543843
76561197960543844
76561197960543845
76561197960543847
76561197960543848
76561197960543850
76561197960543851
76561197960543853
76561197960543855
76561197960543857
76561197960543858
76561197960543859
76561197960543861
76561197960543862
76561197960543863
76561197960543866
76561197960543867
76561197960543868
76561197960543869
76561197960543870
76561197960543871
76561197960543872
76561197960543874
76561197960543876
76561197960543877
76561197960543878
76561197960543879
76561197960543880
76561197960543882
76561197960543884
76561197960543887
76561197960543888
76561197960543891
76561197960543892
76561197960543893
76561197960543894
76561197960543896
76561197960543897
76561197960543898
76561197960543900
76561197960543901
76561197960543902
76561197960543903
76561197960543904
76561197960543905
76561197960543906
76561197960543907
76561197960543908
76561197960543909
76561197960543910
76561197960543912
76561197960543913
76561197960543914
76561197960543915
76561197960543916
76561197960543917
76561197960543920
76561197960543922
76561197960543923
76561197960543925
76561197960543926
76561197960543927
76561197960543929
76561197960543930
76561197960543931
76561197960543934
76561197960543937
76561197960543939
76561197960543940
76561197960543942
76561197960543946
76561197960543947
76561197960543948
76561197960543950
76561197960543951
76561197960543952
76561197960543953
76561197960543954
76561197960543959
76561197960543961
76561197960543966
76561197960543967
76561197960543968
76561197960543969
76561197960543970
76561197960543971
76561197960543972
76561197960543975
76561197960543976
76561197960543977
76561197960543978
76561197960543979
76561197960543980
76561197960543982
76561197960543984
76561197960543985
76561197960543988
76561197960543989
76561197960543990
76561197960543991
76561197960543992
76561197960543995
76561197960543997
76561197960544000
76561197960544002
76561197960544003
76561197960544005
76561197960544006
76561197960544007
76561197960544008
76561197960544012
76561197960544013
76561197960544014
76561197960544016
76561197960544017
76561197960544018
76561197960544020
76561197960544021
76561197960544022
76561197960544023
76561197960544026
76561197960544028
76561197960544029
76561197960544030
76561197960544033
76561197960544034
76561197960544036
76561197960544038
76561197960544040
76561197960544041
76561197960544042
76561197960544043
76561197960544044
76561197960544046
76561197960544047
76561197960544048
76561197960544052
76561197960544053
76561197960544054
76561197960544056
76561197960544057
76561197960544058
76561197960544059
76561197960544060
76561197960544062
76561197960544063
76561197960544065
76561197960544066
76561197960544067
76561197960544068
76561197960544070
76561197960544072
76561197960544074
76561197960544077
76561197960544078
76561197960544081
76561197960544082
76561197960544083
76561197960544084
76561197960544087
76561197960544088
76561197960544091
76561197960544094
76561197960544095
76561197960544096
76561197960544097
76561197960544098
76561197960544100
76561197960544101
76561197960544102
76561197960544103
76561197960544104
76561197960544106
76561197960544107
76561197960544108
76561197960544109
76561197960544110
76561197960544111
76561197960544112
76561197960544114
76561197960544116
76561197960544118
76561197960544122
76561197960544123
76561197960544124
76561197960544125
76561197960544128
76561197960544130
76561197960544133
76561197960544134
76561197960544135
76561197960544136
76561197960544137
76561197960544138
76561197960544140
76561197960544141
76561197960544142
76561197960544144
76561197960544145
76561197960544146
76561197960544147
76561197960544148
76561197960544149
76561197960544151
76561197960544152
76561197960544155
76561197960544156
76561197960544159
76561197960544160
76561197960544161
76561197960544162
76561197960544164
76561197960544165
76561197960544166
76561197960544168
76561197960544169
76561197960544170
76561197960544171
76561197960544172
76561197960544173
76561197960544174
76561197960544175
76561197960544176
76561197960544179
76561197960544180
76561197960544181
76561197960544182
76561197960544183
76561197960544184
76561197960544192
76561197960544193
76561197960544196
76561197960544197
76561197960544198
76561197960544199
76561197960544200
76561197960544201
76561197960544202
76561197960544206
76561197960544207
76561197960544209
76561197960544210
76561197960544211
76561197960544213
76561197960544214
76561197960544215
76561197960544218
76561197960544219
76561197960544221
76561197960544222
76561197960544223
76561197960544224
76561197960544225
76561197960544228
76561197960544229
76561197960544230
76561197960544231
76561197960544232
76561197960544233
76561197960544234
76561197960544235
76561197960544236
76561197960544237
76561197960544239
76561197960544240
76561197960544241
76561197960544242
76561197960544243
76561197960544245
76561197960544246
76561197960544247
76561197960544248
76561197960544249
76561197960544250
76561197960544252
76561197960544253
76561197960544254
76561197960544255
76561197960544256
76561197960544257
76561197960544258
76561197960544259
76561197960544260
76561197960544261
76561197960544262
76561197960544263
76561197960544265
76561197960544266
76561197960544267
76561197960544271
76561197960544272
76561197960544273
76561197960544274
76561197960544276
76561197960544278
76561197960544279
76561197960544280
76561197960544282
76561197960544283
76561197960544284
76561197960544285
76561197960544286
76561197960544287
76561197960544289
76561197960544290
76561197960544291
76561197960544292
76561197960544293
76561197960544294
76561197960544296
76561197960544298
76561197960544299
76561197960544300
76561197960544301
76561197960544302
76561197960544303
76561197960544306
76561197960544307
76561197960544310
76561197960544311
76561197960544312
76561197960544313
76561197960544315
76561197960544316
76561197960544317
76561197960544318
76561197960544319
76561197960544320
76561197960544321
76561197960544322
76561197960544324
76561197960544325
76561197960544326
76561197960544327
76561197960544328
76561197960544329
76561197960544330
76561197960544331
76561197960544332
76561197960544333
76561197960544335
76561197960544336
76561197960544337
76561197960544338
76561197960544339
76561197960544342
76561197960544346
76561197960544348
76561197960544350
76561197960544351
76561197960544352
76561197960544354
76561197960544355
76561197960544356
76561197960544357
76561197960544358
76561197960544359
76561197960544362
76561197960544363
76561197960544366
76561197960544368
76561197960544369
76561197960544371
76561197960544372
76561197960544373
76561197960544374
76561197960544376
76561197960544379
76561197960544381
76561197960544384
76561197960544386
76561197960544387
76561197960544388
76561197960544389
76561197960544390
76561197960544392
76561197960544393
76561197960544394
76561197960544396
76561197960544397
76561197960544398
76561197960544399
76561197960544400
76561197960544404
76561197960544405
76561197960544406
76561197960544408
76561197960544409
76561197960544410
76561197960544411
76561197960544412
76561197960544413
76561197960544414
76561197960544415
76561197960544416
76561197960544417
76561197960544419
76561197960544421
76561197960544422
76561197960544423
76561197960544424
76561197960544425
76561197960544426
76561197960544427
76561197960544428
76561197960544430
76561197960544431
76561197960544432
76561197960544433
76561197960544434
76561197960544436
76561197960544437
76561197960544438
76561197960544440
76561197960544443
76561197960544444
76561197960544445
76561197960544447
76561197960544448
76561197960544450
76561197960544452
76561197960544453
76561197960544454
76561197960544455
76561197960544456
76561197960544457
76561197960544459
76561197960544460
76561197960544461
76561197960544462
76561197960544463
76561197960544464
76561197960544466
76561197960544467
76561197960544469
76561197960544470
76561197960544471
76561197960544472
76561197960544473
76561197960544476
76561197960544478
76561197960544479
76561197960544480
76561197960544481
76561197960544482
76561197960544483
76561197960544484
76561197960544485
76561197960544487
76561197960544488
76561197960544490
76561197960544491
76561197960544493
76561197960544494
76561197960544495
76561197960544496
76561197960544498
76561197960544499
76561197960544501
76561197960544502
76561197960544503
76561197960544504
76561197960544505
76561197960544506
76561197960544507
76561197960544508
76561197960544509
76561197960544512
76561197960544513
76561197960544515
