76561197960496104
76561197960496106
76561197960496110
76561197960496111
76561197960496112
76561197960496113
76561197960496114
76561197960496115
76561197960496116
76561197960496117
76561197960496120
76561197960496121
76561197960496123
76561197960496124
76561197960496125
76561197960496126
76561197960496127
76561197960496128
76561197960496129
76561197960496132
76561197960496137
76561197960496139
76561197960496140
76561197960496141
76561197960496142
76561197960496143
76561197960496144
76561197960496147
76561197960496149
76561197960496151
76561197960496153
76561197960496154
76561197960496155
76561197960496156
76561197960496157
76561197960496160
76561197960496161
76561197960496162
76561197960496163
76561197960496164
76561197960496165
76561197960496166
76561197960496167
76561197960496168
76561197960496171
76561197960496172
76561197960496174
76561197960496175
76561197960496177
76561197960496179
76561197960496180
76561197960496181
76561197960496182
76561197960496183
76561197960496184
76561197960496185
76561197960496186
76561197960496187
76561197960496188
76561197960496189
76561197960496190
76561197960496191
76561197960496192
76561197960496193
76561197960496194
76561197960496195
76561197960496196
76561197960496198
76561197960496199
76561197960496200
76561197960496201
76561197960496202
76561197960496203
76561197960496204
76561197960496205
76561197960496206
76561197960496207
76561197960496208
76561197960496209
76561197960496210
76561197960496211
76561197960496212
76561197960496214
76561197960496215
76561197960496216
76561197960496217
76561197960496218
76561197960496220
76561197960496222
76561197960496223
76561197960496224
76561197960496226
76561197960496229
76561197960496230
76561197960496231
76561197960496233
76561197960496234
76561197960496235
76561197960496236
76561197960496237
76561197960496238
76561197960496239
76561197960496240
76561197960496242
76561197960496244
76561197960496245
76561197960496248
76561197960496249
76561197960496251
76561197960496252
76561197960496253
76561197960496256
76561197960496258
76561197960496259
76561197960496260
76561197960496261
76561197960496262
76561197960496264
76561197960496265
76561197960496266
76561197960496268
76561197960496269
76561197960496270
76561197960496272
76561197960496273
76561197960496274
76561197960496275
76561197960496276
76561197960496278
76561197960496280
76561197960496284
76561197960496286
76561197960496287
76561197960496288
76561197960496289
76561197960496290
76561197960496291
76561197960496294
76561197960496295
76561197960496296
76561197960496297
76561197960496299
76561197960496301
76561197960496302
76561197960496303
76561197960496305
76561197960496307
76561197960496309
76561197960496310
76561197960496311
76561197960496312
76561197960496314
76561197960496315
76561197960496316
76561197960496317
76561197960496319
76561197960496322
76561197960496324
76561197960496325
76561197960496326
76561197960496327
76561197960496328
76561197960496331
76561197960496332
76561197960496333
76561197960496334
76561197960496338
76561197960496339
76561197960496340
76561197960496341
76561197960496345
76561197960496346
76561197960496347
76561197960496348
76561197960496350
76561197960496351
76561197960496352
76561197960496353
76561197960496354
76561197960496355
76561197960496356
76561197960496357
76561197960496358
76561197960496359
76561197960496360
76561197960496361
76561197960496362
76561197960496365
76561197960496366
76561197960496367
76561197960496368
76561197960496370
76561197960496371
76561197960496372
76561197960496373
76561197960496374
76561197960496375
76561197960496376
76561197960496378
76561197960496379
76561197960496380
76561197960496381
76561197960496383
76561197960496385
76561197960496386
76561197960496387
76561197960496388
76561197960496390
76561197960496393
76561197960496394
76561197960496396
76561197960496397
76561197960496400
76561197960496401
76561197960496402
76561197960496403
76561197960496404
76561197960496406
76561197960496407
76561197960496409
76561197960496410
76561197960496411
76561197960496412
76561197960496413
76561197960496414
76561197960496415
76561197960496416
76561197960496417
76561197960496420
76561197960496421
76561197960496423
76561197960496424
76561197960496426
76561197960496427
76561197960496430
76561197960496432
76561197960496433
76561197960496434
76561197960496435
76561197960496437
76561197960496438
76561197960496439
76561197960496440
76561197960496441
76561197960496442
76561197960496443
76561197960496445
76561197960496446
76561197960496447
76561197960496449
76561197960496450
76561197960496453
76561197960496455
76561197960496456
76561197960496457
76561197960496460
76561197960496464
76561197960496467
76561197960496468
76561197960496470
76561197960496472
76561197960496473
76561197960496475
76561197960496476
76561197960496478
76561197960496479
76561197960496480
76561197960496481
76561197960496482
76561197960496483
76561197960496484
76561197960496485
76561197960496489
76561197960496490
76561197960496491
76561197960496496
76561197960496497
76561197960496499
76561197960496500
76561197960496501
76561197960496502
76561197960496503
76561197960496505
76561197960496508
76561197960496509
76561197960496510
76561197960496511
76561197960496512
76561197960496514
76561197960496515
76561197960496517
76561197960496518
76561197960496519
76561197960496520
76561197960496521
76561197960496522
76561197960496523
76561197960496525
76561197960496526
76561197960496527
76561197960496528
76561197960496531
76561197960496532
76561197960496533
76561197960496534
76561197960496538
76561197960496539
76561197960496540
76561197960496541
76561197960496543
76561197960496544
76561197960496547
76561197960496548
76561197960496550
76561197960496551
76561197960496552
76561197960496553
76561197960496554
76561197960496558
76561197960496559
76561197960496560
76561197960496561
76561197960496563
76561197960496565
76561197960496567
76561197960496568
76561197960496571
76561197960496572
76561197960496573
76561197960496575
76561197960496577
76561197960496578
76561197960496581
76561197960496582
76561197960496584
76561197960496585
76561197960496586
76561197960496587
76561197960496589
76561197960496590
76561197960496591
76561197960496592
76561197960496594
76561197960496595
76561197960496596
76561197960496597
76561197960496600
76561197960496604
76561197960496605
76561197960496606
76561197960496607
76561197960496608
76561197960496610
76561197960496612
76561197960496614
76561197960496615
76561197960496616
76561197960496617
76561197960496618
76561197960496620
76561197960496621
76561197960496623
76561197960496624
76561197960496625
76561197960496627
76561197960496628
76561197960496629
76561197960496630
76561197960496632
76561197960496633
76561197960496634
76561197960496635
76561197960496636
76561197960496637
76561197960496642
76561197960496643
76561197960496644
76561197960496645
76561197960496647
76561197960496648
76561197960496649
76561197960496652
76561197960496653
76561197960496654
76561197960496655
76561197960496657
76561197960496658
76561197960496659
76561197960496660
76561197960496661
76561197960496662
76561197960496663
76561197960496664
76561197960496665
76561197960496668
76561197960496669
76561197960496670
76561197960496672
76561197960496673
76561197960496674
76561197960496676
76561197960496677
76561197960496678
76561197960496679
76561197960496681
76561197960496685
76561197960496686
76561197960496688
76561197960496690
76561197960496693
76561197960496695
76561197960496697
76561197960496698
76561197960496699
76561197960496700
76561197960496702
76561197960496703
76561197960496705
76561197960496706
76561197960496707
76561197960496708
76561197960496709
76561197960496710
76561197960496711
76561197960496712
76561197960496713
76561197960496714
76561197960496715
76561197960496716
76561197960496717
76561197960496720
76561197960496721
76561197960496722
76561197960496723
76561197960496725
76561197960496727
76561197960496728
76561197960496729
76561197960496730
76561197960496731
76561197960496732
76561197960496735
76561197960496737
76561197960496738
76561197960496739
76561197960496740
76561197960496741
76561197960496743
76561197960496746
76561197960496748
76561197960496749
76561197960496750
76561197960496751
76561197960496752
76561197960496753
76561197960496754
76561197960496755
76561197960496756
76561197960496757
76561197960496758
76561197960496759
76561197960496760
76561197960496761
76561197960496762
76561197960496763
76561197960496764
76561197960496765
76561197960496766
76561197960496770
76561197960496772
76561197960496774
76561197960496776
76561197960496777
76561197960496778
76561197960496779
76561197960496780
76561197960496781
76561197960496783
76561197960496784
76561197960496785
76561197960496786
76561197960496787
76561197960496788
76561197960496789
76561197960496792
76561197960496794
76561197960496795
76561197960496796
76561197960496797
76561197960496798
76561197960496800
76561197960496801
76561197960496803
76561197960496804
76561197960496805
76561197960496806
76561197960496807
76561197960496808
76561197960496809
76561197960496810
76561197960496811
76561197960496812
76561197960496813
76561197960496814
76561197960496815
76561197960496816
76561197960496817
76561197960496818
76561197960496821
76561197960496822
76561197960496824
76561197960496826
76561197960496827
76561197960496828
76561197960496830
76561197960496831
76561197960496832
76561197960496834
76561197960496835
76561197960496837
76561197960496838
76561197960496839
76561197960496840
76561197960496841
76561197960496843
76561197960496844
76561197960496845
76561197960496846
76561197960496847
76561197960496848
76561197960496849
76561197960496851
76561197960496852
76561197960496854
76561197960496855
76561197960496857
76561197960496858
76561197960496859
76561197960496860
76561197960496861
76561197960496862
76561197960496864
76561197960496865
76561197960496866
76561197960496867
76561197960496868
76561197960496869
76561197960496870
76561197960496871
76561197960496873
76561197960496874
76561197960496876
76561197960496877
76561197960496879
76561197960496880
76561197960496884
76561197960496885
76561197960496886
76561197960496887
76561197960496888
76561197960496889
76561197960496890
76561197960496891
76561197960496892
76561197960496893
76561197960496894
76561197960496895
76561197960496898
76561197960496900
76561197960496903
76561197960496905
76561197960496906
76561197960496907
76561197960496910
76561197960496911
76561197960496912
76561197960496913
76561197960496914
76561197960496915
76561197960496916
76561197960496917
76561197960496918
76561197960496922
76561197960496924
76561197960496925
76561197960496926
76561197960496928
76561197960496929
76561197960496930
76561197960496931
76561197960496933
76561197960496934
76561197960496936
76561197960496937
76561197960496939
76561197960496940
76561197960496941
76561197960496942
76561197960496944
76561197960496945
76561197960496947
76561197960496948
76561197960496949
76561197960496950
76561197960496951
76561197960496952
76561197960496954
76561197960496955
76561197960496957
76561197960496958
76561197960496960
76561197960496962
76561197960496963
76561197960496964
76561197960496966
76561197960496967
76561197960496968
76561197960496969
76561197960496970
76561197960496972
76561197960496973
76561197960496974
76561197960496976
76561197960496977
76561197960496978
76561197960496979
76561197960496980
76561197960496981
76561197960496982
76561197960496983
76561197960496984
76561197960496985
76561197960496986
76561197960496988
76561197960496989
76561197960496990
76561197960496991
76561197960496992
76561197960496993
76561197960496994
76561197960496996
76561197960496998
76561197960496999
76561197960497002
76561197960497003
76561197960497004
76561197960497005
76561197960497007
76561197960497009
76561197960497010
76561197960497011
76561197960497014
76561197960497015
76561197960497016
76561197960497017
76561197960497018
76561197960497019
76561197960497020
76561197960497023
76561197960497024
76561197960497025
76561197960497027
76561197960497029
76561197960497030
76561197960497032
76561197960497034
76561197960497035
76561197960497036
76561197960497037
76561197960497038
76561197960497041
76561197960497042
76561197960497043
76561197960497044
76561197960497045
76561197960497046
76561197960497047
76561197960497048
76561197960497049
76561197960497050
76561197960497051
76561197960497052
76561197960497053
76561197960497056
76561197960497057
76561197960497058
76561197960497059
76561197960497060
76561197960497061
76561197960497063
76561197960497064
76561197960497065
76561197960497066
76561197960497067
76561197960497071
76561197960497073
76561197960497074
76561197960497075
76561197960497076
76561197960497077
76561197960497078
76561197960497080
76561197960497081
76561197960497082
76561197960497083
76561197960497085
76561197960497086
76561197960497087
76561197960497088
76561197960497089
76561197960497091
76561197960497092
76561197960497093
76561197960497095
76561197960497096
76561197960497097
76561197960497098
76561197960497099
76561197960497100
76561197960497102
76561197960497103
76561197960497107
76561197960497108
76561197960497109
76561197960497110
76561197960497111
76561197960497112
76561197960497113
76561197960497115
76561197960497116
76561197960497117
76561197960497119
76561197960497120
76561197960497121
76561197960497122
76561197960497125
76561197960497126
76561197960497127
76561197960497129
76561197960497130
76561197960497131
76561197960497132
76561197960497134
76561197960497136
76561197960497137
76561197960497138
76561197960497139
76561197960497140
76561197960497142
76561197960497143
76561197960497144
76561197960497146
76561197960497147
76561197960497149
76561197960497150
76561197960497152
76561197960497154
76561197960497155
76561197960497158
76561197960497159
76561197960497161
76561197960497162
76561197960497164
76561197960497165
76561197960497166
76561197960497167
76561197960497168
76561197960497169
76561197960497170
76561197960497171
76561197960497173
76561197960497174
76561197960497176
76561197960497177
76561197960497180
76561197960497181
76561197960497182
76561197960497183
76561197960497184
76561197960497185
76561197960497186
76561197960497187
76561197960497188
76561197960497189
76561197960497190
76561197960497191
76561197960497192
76561197960497193
76561197960497196
76561197960497197
76561197960497198
76561197960497201
76561197960497202
76561197960497203
76561197960497204
76561197960497207
76561197960497208
76561197960497209
76561197960497210
76561197960497211
76561197960497212
76561197960497214
76561197960497217
76561197960497218
76561197960497219
76561197960497220
76561197960497221
76561197960497222
76561197960497223
76561197960497224
76561197960497225
76561197960497226
76561197960497227
76561197960497228
76561197960497230
76561197960497231
76561197960497232
76561197960497233
76561197960497234
76561197960497235
76561197960497236
76561197960497237
76561197960497238
76561197960497239
76561197960497240
76561197960497241
76561197960497242
76561197960497243
76561197960497244
76561197960497245
76561197960497246
76561197960497247
76561197960497249
76561197960497250
76561197960497252
76561197960497253
76561197960497254
76561197960497255
76561197960497257
76561197960497258
76561197960497259
76561197960497260
76561197960497261
76561197960497262
76561197960497263
76561197960497264
76561197960497268
76561197960497269
76561197960497270
76561197960497271
76561197960497273
76561197960497274
76561197960497276
76561197960497277
76561197960497278
76561197960497280
76561197960497281
76561197960497282
76561197960497283
76561197960497285
76561197960497287
76561197960497288
76561197960497289
76561197960497290
76561197960497291
76561197960497293
76561197960497294
76561197960497295
76561197960497296
76561197960497298
76561197960497299
76561197960497300
76561197960497302
76561197960497303
76561197960497304
76561197960497308
76561197960497311
76561197960497312
76561197960497314
76561197960497315
76561197960497317
76561197960497318
76561197960497319
76561197960497320
76561197960497322
76561197960497324
76561197960497325
76561197960497326
76561197960497327
76561197960497328
76561197960497331
76561197960497332
76561197960497333
76561197960497334
76561197960497335
76561197960497336
76561197960497337
76561197960497338
76561197960497339
76561197960497340
76561197960497341
76561197960497344
76561197960497345
76561197960497347
76561197960497349
76561197960497351
76561197960497352
76561197960497354
76561197960497355
76561197960497356
76561197960497357
76561197960497358
76561197960497359
76561197960497360
76561197960497361
76561197960497362
76561197960497363
76561197960497364
76561197960497365
76561197960497366
76561197960497367
76561197960497368
76561197960497369
76561197960497370
76561197960497371
76561197960497375
76561197960497376
76561197960497377
76561197960497379
76561197960497380
76561197960497381
76561197960497382
76561197960497383
76561197960497384
76561197960497385
76561197960497386
76561197960497388
76561197960497390
76561197960497391
76561197960497392
76561197960497394
76561197960497395
76561197960497396
76561197960497397
76561197960497398
76561197960497399
76561197960497400
76561197960497401
76561197960497404
76561197960497405
76561197960497407
76561197960497408
76561197960497409
76561197960497410
76561197960497411
76561197960497414
76561197960497415
76561197960497418
76561197960497419
76561197960497420
76561197960497421
76561197960497422
76561197960497423
76561197960497424
76561197960497425
76561197960497426
76561197960497428
76561197960497430
76561197960497431
76561197960497433
76561197960497434
76561197960497435
76561197960497436
76561197960497437
76561197960497439
76561197960497440
76561197960497441
76561197960497443
76561197960497445
76561197960497446
76561197960497447
76561197960497451
76561197960497452
76561197960497453
76561197960497455
76561197960497456
76561197960497458
76561197960497459
76561197960497460
76561197960497461
76561197960497462
76561197960497463
76561197960497464
76561197960497466
76561197960497468
76561197960497469
76561197960497470
76561197960497471
76561197960497472
76561197960497473
