76561197961137420
76561197961137421
76561197961137422
76561197961137423
76561197961137424
76561197961137425
76561197961137426
76561197961137427
76561197961137428
76561197961137429
76561197961137432
76561197961137434
76561197961137435
76561197961137436
76561197961137438
76561197961137439
76561197961137440
76561197961137443
76561197961137444
76561197961137445
76561197961137446
76561197961137448
76561197961137450
76561197961137451
76561197961137453
76561197961137455
76561197961137457
76561197961137458
76561197961137460
76561197961137461
76561197961137462
76561197961137464
76561197961137465
76561197961137467
76561197961137468
76561197961137469
76561197961137470
76561197961137474
76561197961137475
76561197961137476
76561197961137477
76561197961137479
76561197961137481
76561197961137482
76561197961137483
76561197961137484
76561197961137486
76561197961137487
76561197961137488
76561197961137490
76561197961137491
76561197961137492
76561197961137494
76561197961137495
76561197961137497
76561197961137500
76561197961137502
76561197961137503
76561197961137506
76561197961137507
76561197961137508
76561197961137510
76561197961137512
76561197961137513
76561197961137514
76561197961137515
76561197961137518
76561197961137519
76561197961137522
76561197961137523
76561197961137524
76561197961137525
76561197961137527
76561197961137531
76561197961137532
76561197961137533
76561197961137534
76561197961137537
76561197961137539
76561197961137540
76561197961137541
76561197961137542
76561197961137544
76561197961137545
76561197961137546
76561197961137547
76561197961137548
76561197961137550
76561197961137551
76561197961137552
76561197961137556
76561197961137558
76561197961137559
76561197961137562
76561197961137563
76561197961137564
76561197961137565
76561197961137566
76561197961137568
76561197961137569
76561197961137570
76561197961137571
76561197961137572
76561197961137573
76561197961137574
76561197961137575
76561197961137576
76561197961137577
76561197961137584
76561197961137604
76561197961137617
76561197961137668
76561197961137684
76561197961137697
76561197961137699
76561197961137706
76561197961137741
76561197961137745
76561197961137755
76561197961137765
76561197961137827
76561197961137829
76561197961137831
76561197961137835
76561197961137836
76561197961137837
76561197961137838
76561197961137839
76561197961137840
76561197961137841
76561197961137842
76561197961137844
76561197961137845
76561197961137846
76561197961137847
76561197961137848
76561197961137850
76561197961137851
76561197961137852
76561197961137853
76561197961137854
76561197961137858
76561197961137859
76561197961137862
76561197961137864
76561197961137865
76561197961137867
76561197961137868
76561197961137869
76561197961137870
76561197961137872
76561197961137876
76561197961137877
76561197961137878
76561197961137879
76561197961137880
76561197961137881
76561197961137882
76561197961137883
76561197961137885
76561197961137886
76561197961137888
76561197961137890
76561197961137891
76561197961137894
76561197961137896
76561197961137897
76561197961137898
76561197961137899
76561197961137900
76561197961137902
76561197961137903
76561197961137906
76561197961137907
76561197961137908
76561197961137909
76561197961137910
76561197961137914
76561197961137915
76561197961137916
76561197961137917
76561197961137918
76561197961137919
76561197961137921
76561197961137922
76561197961137923
76561197961137924
76561197961137925
76561197961137927
76561197961137929
76561197961137931
76561197961137932
76561197961137933
76561197961137934
76561197961137938
76561197961137940
76561197961137941
76561197961137945
76561197961137946
76561197961137948
76561197961137949
76561197961137950
76561197961137954
76561197961137955
76561197961137956
76561197961137957
76561197961137958
76561197961137959
76561197961137963
76561197961137964
76561197961137966
76561197961137968
76561197961137969
76561197961137970
76561197961137971
76561197961137974
76561197961137975
76561197961137977
76561197961137979
76561197961137980
76561197961137983
76561197961137984
76561197961137985
76561197961137986
76561197961137992
76561197961137994
76561197961137996
76561197961137997
76561197961137998
76561197961138001
76561197961138002
76561197961138003
76561197961138004
76561197961138006
76561197961138009
76561197961138010
76561197961138012
76561197961138013
76561197961138014
76561197961138015
76561197961138017
76561197961138019
76561197961138020
76561197961138023
76561197961138024
76561197961138025
76561197961138026
76561197961138027
76561197961138028
76561197961138030
76561197961138032
76561197961138036
76561197961138037
76561197961138038
76561197961138040
76561197961138041
76561197961138044
76561197961138045
76561197961138046
76561197961138047
76561197961138048
76561197961138049
76561197961138050
76561197961138053
76561197961138055
76561197961138056
76561197961138057
76561197961138058
76561197961138060
76561197961138061
76561197961138063
76561197961138065
76561197961138067
76561197961138069
76561197961138071
76561197961138072
76561197961138073
76561197961138074
76561197961138077
76561197961138078
76561197961138079
76561197961138081
76561197961138082
76561197961138083
76561197961138086
76561197961138088
76561197961138089
76561197961138090
76561197961138092
76561197961138093
76561197961138094
76561197961138096
76561197961138098
76561197961138103
76561197961138104
76561197961138107
76561197961138110
76561197961138113
76561197961138114
76561197961138115
76561197961138117
76561197961138118
76561197961138119
76561197961138120
76561197961138125
76561197961138127
76561197961138128
76561197961138130
76561197961138131
76561197961138133
76561197961138135
76561197961138137
76561197961138139
76561197961138140
76561197961138141
76561197961138143
76561197961138144
76561197961138148
76561197961138150
76561197961138151
76561197961138152
76561197961138154
76561197961138156
76561197961138157
76561197961138158
76561197961138163
76561197961138165
76561197961138167
76561197961138168
76561197961138169
76561197961138171
76561197961138172
76561197961138177
76561197961138180
76561197961138183
76561197961138185
76561197961138190
76561197961138192
76561197961138194
76561197961138196
76561197961138197
76561197961138198
76561197961138199
76561197961138200
76561197961138201
76561197961138202
76561197961138203
76561197961138204
76561197961138205
76561197961138206
76561197961138208
76561197961138212
76561197961138213
76561197961138214
76561197961138215
76561197961138216
76561197961138217
76561197961138219
76561197961138220
76561197961138221
76561197961138222
76561197961138223
76561197961138224
76561197961138226
76561197961138230
76561197961138235
76561197961138236
76561197961138237
76561197961138238
76561197961138239
76561197961138240
76561197961138243
76561197961138244
76561197961138245
76561197961138246
76561197961138248
76561197961138249
76561197961138250
76561197961138251
76561197961138252
76561197961138253
76561197961138254
76561197961138256
76561197961138257
76561197961138260
76561197961138261
76561197961138262
76561197961138263
76561197961138264
76561197961138265
76561197961138271
76561197961138272
76561197961138275
76561197961138276
76561197961138278
76561197961138279
76561197961138280
76561197961138281
76561197961138282
76561197961138284
76561197961138285
76561197961138287
76561197961138290
76561197961138292
76561197961138293
76561197961138294
76561197961138295
76561197961138299
76561197961138300
76561197961138301
76561197961138302
76561197961138303
76561197961138305
76561197961138307
76561197961138308
76561197961138310
76561197961138311
76561197961138312
76561197961138313
76561197961138314
76561197961138315
76561197961138316
76561197961138317
76561197961138322
76561197961138323
76561197961138324
76561197961138326
76561197961138328
76561197961138330
76561197961138331
76561197961138333
76561197961138335
76561197961138336
76561197961138337
76561197961138339
76561197961138340
76561197961138342
76561197961138344
76561197961138346
76561197961138347
76561197961138349
76561197961138350
76561197961138352
76561197961138353
76561197961138355
76561197961138358
76561197961138360
76561197961138361
76561197961138365
76561197961138366
76561197961138367
76561197961138368
76561197961138369
76561197961138373
76561197961138374
76561197961138376
76561197961138378
76561197961138379
76561197961138380
76561197961138381
76561197961138384
76561197961138385
76561197961138388
76561197961138389
76561197961138392
76561197961138393
76561197961138394
76561197961138395
76561197961138396
76561197961138397
76561197961138399
76561197961138400
76561197961138404
76561197961138406
76561197961138409
76561197961138410
76561197961138413
76561197961138414
76561197961138417
76561197961138419
76561197961138422
76561197961138423
76561197961138424
76561197961138425
76561197961138427
76561197961138429
76561197961138431
76561197961138433
76561197961138434
76561197961138435
76561197961138436
76561197961138439
76561197961138441
76561197961138442
76561197961138444
76561197961138446
76561197961138447
76561197961138448
76561197961138450
76561197961138451
76561197961138452
76561197961138453
76561197961138457
76561197961138462
76561197961138463
76561197961138464
76561197961138465
76561197961138466
76561197961138468
76561197961138469
76561197961138472
76561197961138474
76561197961138476
76561197961138477
76561197961138481
76561197961138485
76561197961138489
76561197961138490
76561197961138491
76561197961138492
76561197961138494
76561197961138498
76561197961138500
76561197961138501
76561197961138502
76561197961138505
76561197961138508
76561197961138510
76561197961138511
76561197961138512
76561197961138513
76561197961138514
76561197961138515
76561197961138518
76561197961138519
76561197961138521
76561197961138522
76561197961138523
76561197961138524
76561197961138525
76561197961138526
76561197961138527
76561197961138528
76561197961138532
76561197961138533
76561197961138534
76561197961138535
76561197961138537
76561197961138541
76561197961138542
76561197961138543
76561197961138544
76561197961138546
76561197961138547
76561197961138549
76561197961138551
76561197961138552
76561197961138554
76561197961138555
76561197961138556
76561197961138558
76561197961138559
76561197961138560
76561197961138561
76561197961138563
76561197961138564
76561197961138565
76561197961138566
76561197961138567
76561197961138568
76561197961138569
76561197961138570
76561197961138572
76561197961138573
76561197961138574
76561197961138576
76561197961138578
76561197961138579
76561197961138580
76561197961138582
76561197961138584
76561197961138586
76561197961138588
76561197961138590
76561197961138594
76561197961138597
76561197961138598
76561197961138600
76561197961138602
76561197961138603
76561197961138605
76561197961138607
76561197961138608
76561197961138609
76561197961138610
76561197961138611
76561197961138612
76561197961138613
76561197961138614
76561197961138615
76561197961138616
76561197961138617
76561197961138618
76561197961138620
76561197961138621
76561197961138622
76561197961138623
76561197961138624
76561197961138625
76561197961138628
76561197961138629
76561197961138630
76561197961138631
76561197961138634
76561197961138642
76561197961138643
76561197961138644
76561197961138646
76561197961138648
76561197961138652
76561197961138653
76561197961138654
76561197961138657
76561197961138658
76561197961138659
76561197961138661
76561197961138662
76561197961138663
76561197961138664
76561197961138666
76561197961138667
76561197961138668
76561197961138669
76561197961138670
76561197961138672
76561197961138673
76561197961138679
76561197961138681
76561197961138682
76561197961138684
76561197961138685
76561197961138686
76561197961138688
76561197961138692
76561197961138694
76561197961138697
76561197961138698
76561197961138699
76561197961138701
76561197961138702
76561197961138705
76561197961138708
76561197961138709
76561197961138710
76561197961138711
76561197961138713
76561197961138714
76561197961138718
76561197961138719
76561197961138720
76561197961138725
76561197961138727
76561197961138728
76561197961138729
76561197961138730
76561197961138731
76561197961138733
76561197961138735
76561197961138736
76561197961138738
76561197961138740
76561197961138741
76561197961138744
76561197961138745
76561197961138746
76561197961138749
76561197961138750
76561197961138751
76561197961138752
76561197961138754
76561197961138758
76561197961138759
76561197961138760
76561197961138762
76561197961138766
76561197961138767
76561197961138768
76561197961138769
76561197961138770
76561197961138771
76561197961138773
76561197961138776
76561197961138778
76561197961138780
76561197961138782
76561197961138784
76561197961138788
76561197961138789
76561197961138790
76561197961138792
76561197961138794
76561197961138795
76561197961138796
76561197961138801
76561197961138803
76561197961138804
76561197961138805
76561197961138806
76561197961138808
76561197961138809
76561197961138810
76561197961138811
76561197961138812
76561197961138813
76561197961138817
76561197961138818
76561197961138825
76561197961138831
76561197961138832
76561197961138833
76561197961138834
76561197961138835
76561197961138837
76561197961138838
76561197961138839
76561197961138840
76561197961138841
76561197961138842
76561197961138843
76561197961138844
76561197961138847
76561197961138848
76561197961138849
76561197961138850
76561197961138851
76561197961138854
76561197961138857
76561197961138858
76561197961138859
76561197961138861
76561197961138862
76561197961138864
76561197961138866
76561197961138870
76561197961138872
76561197961138873
76561197961138874
76561197961138875
76561197961138877
76561197961138878
76561197961138879
76561197961138880
76561197961138881
76561197961138885
76561197961138886
76561197961138890
76561197961138891
76561197961138894
76561197961138895
76561197961138896
76561197961138899
76561197961138900
76561197961138901
76561197961138902
76561197961138903
76561197961138904
76561197961138905
76561197961138906
76561197961138907
76561197961138908
76561197961138909
76561197961138911
76561197961138912
76561197961138914
76561197961138915
76561197961138916
76561197961138917
76561197961138918
76561197961138919
76561197961138922
76561197961138924
76561197961138925
76561197961138926
76561197961138929
76561197961138930
76561197961138931
76561197961138932
76561197961138933
76561197961138938
76561197961138939
76561197961138940
76561197961138941
76561197961138942
76561197961138945
76561197961138946
76561197961138947
76561197961138948
76561197961138951
76561197961138952
76561197961138956
76561197961138957
76561197961138959
76561197961138960
76561197961138962
76561197961138963
76561197961138964
76561197961138966
76561197961138967
76561197961138968
76561197961138971
76561197961138972
76561197961138973
76561197961138975
76561197961138976
76561197961138978
76561197961138979
76561197961138980
76561197961138982
76561197961138984
76561197961138987
76561197961138988
76561197961138989
76561197961138991
76561197961138994
76561197961138995
76561197961138997
76561197961138998
76561197961139001
76561197961139003
76561197961139004
76561197961139005
76561197961139009
76561197961139011
76561197961139013
76561197961139014
76561197961139015
76561197961139018
76561197961139019
76561197961139022
76561197961139024
76561197961139025
76561197961139027
76561197961139028
76561197961139031
76561197961139034
76561197961139036
76561197961139037
76561197961139044
76561197961139047
76561197961139050
76561197961139052
76561197961139053
76561197961139055
76561197961139057
76561197961139060
76561197961139061
76561197961139063
76561197961139064
76561197961139066
76561197961139067
76561197961139069
76561197961139071
76561197961139073
76561197961139075
76561197961139076
76561197961139079
76561197961139080
76561197961139081
76561197961139083
76561197961139084
76561197961139085
76561197961139087
76561197961139088
76561197961139089
76561197961139094
76561197961139095
76561197961139096
76561197961139097
76561197961139100
76561197961139101
76561197961139102
76561197961139104
76561197961139105
76561197961139106
76561197961139108
76561197961139109
76561197961139111
76561197961139112
76561197961139117
76561197961139118
76561197961139119
76561197961139121
76561197961139122
76561197961139125
76561197961139127
76561197961139128
76561197961139129
76561197961139130
76561197961139131
76561197961139134
76561197961139135
76561197961139136
76561197961139137
76561197961139139
76561197961139140
76561197961139141
76561197961139144
76561197961139145
76561197961139146
76561197961139147
76561197961139149
76561197961139150
76561197961139151
76561197961139153
76561197961139154
76561197961139156
76561197961139159
76561197961139161
76561197961139162
76561197961139165
76561197961139166
76561197961139168
76561197961139169
76561197961139174
76561197961139175
76561197961139178
76561197961139179
76561197961139180
76561197961139182
76561197961139183
76561197961139184
76561197961139186
76561197961139187
76561197961139190
76561197961139191
76561197961139192
76561197961139193
76561197961139195
76561197961139197
76561197961139198
76561197961139199
76561197961139200
76561197961139201
76561197961139203
76561197961139204
76561197961139205
76561197961139208
76561197961139209
76561197961139211
76561197961139213
76561197961139215
76561197961139216
76561197961139217
76561197961139218
76561197961139219
76561197961139220
76561197961139221
76561197961139223
76561197961139226
76561197961139227
76561197961139228
76561197961139229
76561197961139230
76561197961139231
76561197961139232
76561197961139233
76561197961139234
76561197961139235
76561197961139236
76561197961139237
76561197961139238
76561197961139239
76561197961139240
76561197961139241
76561197961139243
76561197961139244
76561197961139245
76561197961139248
76561197961139249
76561197961139250
76561197961139251
76561197961139252
76561197961139253
76561197961139255
76561197961139256
76561197961139257
76561197961139258
76561197961139259
76561197961139260
76561197961139262
76561197961139263
76561197961139265
76561197961139268
76561197961139270
76561197961139273
76561197961139274
76561197961139275
76561197961139278
76561197961139279
76561197961139280
