76561197960703905
76561197960703908
76561197960703912
76561197960703914
76561197960703916
76561197960703917
76561197960703918
76561197960703919
76561197960703920
76561197960703922
76561197960703923
76561197960703924
76561197960703925
76561197960703930
76561197960703933
76561197960703935
76561197960703937
76561197960703938
76561197960703939
76561197960703940
76561197960703942
76561197960703946
76561197960703947
76561197960703948
76561197960703949
76561197960703950
76561197960703952
76561197960703956
76561197960703958
76561197960703959
76561197960703960
76561197960703965
76561197960703966
76561197960703970
76561197960703973
76561197960703974
76561197960703975
76561197960703977
76561197960703978
76561197960703980
76561197960703981
76561197960703982
76561197960703983
76561197960703984
76561197960703985
76561197960703988
76561197960703989
76561197960703991
76561197960703992
76561197960703993
76561197960703994
76561197960703996
76561197960704000
76561197960704002
76561197960704003
76561197960704004
76561197960704005
76561197960704006
76561197960704007
76561197960704008
76561197960704009
76561197960704010
76561197960704011
76561197960704012
76561197960704014
76561197960704017
76561197960704019
76561197960704025
76561197960704027
76561197960704028
76561197960704029
76561197960704030
76561197960704032
76561197960704033
76561197960704034
76561197960704037
76561197960704039
76561197960704040
76561197960704041
76561197960704042
76561197960704043
76561197960704048
76561197960704049
76561197960704050
76561197960704052
76561197960704053
76561197960704055
76561197960704057
76561197960704058
76561197960704059
76561197960704061
76561197960704062
76561197960704063
76561197960704064
76561197960704065
76561197960704066
76561197960704068
76561197960704070
76561197960704071
76561197960704072
76561197960704073
76561197960704074
76561197960704075
76561197960704076
76561197960704077
76561197960704080
76561197960704081
76561197960704082
76561197960704083
76561197960704084
76561197960704085
76561197960704088
76561197960704089
76561197960704090
76561197960704093
76561197960704094
76561197960704095
76561197960704096
76561197960704097
76561197960704098
76561197960704099
76561197960704100
76561197960704102
76561197960704105
76561197960704106
76561197960704107
76561197960704111
76561197960704112
76561197960704114
76561197960704115
76561197960704118
76561197960704119
76561197960704120
76561197960704121
76561197960704123
76561197960704124
76561197960704125
76561197960704126
76561197960704128
76561197960704129
76561197960704130
76561197960704131
76561197960704132
76561197960704133
76561197960704135
76561197960704136
76561197960704137
76561197960704138
76561197960704139
76561197960704144
76561197960704145
76561197960704148
76561197960704149
76561197960704151
76561197960704152
76561197960704153
76561197960704154
76561197960704155
76561197960704157
76561197960704158
76561197960704160
76561197960704162
76561197960704164
76561197960704165
76561197960704166
76561197960704171
76561197960704173
76561197960704175
76561197960704178
76561197960704179
76561197960704180
76561197960704183
76561197960704185
76561197960704186
76561197960704187
76561197960704188
76561197960704192
76561197960704193
76561197960704194
76561197960704195
76561197960704196
76561197960704198
76561197960704202
76561197960704204
76561197960704205
76561197960704206
76561197960704208
76561197960704209
76561197960704210
76561197960704211
76561197960704212
76561197960704213
76561197960704214
76561197960704216
76561197960704217
76561197960704218
76561197960704222
76561197960704224
76561197960704225
76561197960704227
76561197960704229
76561197960704230
76561197960704231
76561197960704233
76561197960704235
76561197960704236
76561197960704237
76561197960704238
76561197960704239
76561197960704240
76561197960704241
76561197960704242
76561197960704243
76561197960704244
76561197960704246
76561197960704247
76561197960704250
76561197960704251
76561197960704252
76561197960704253
76561197960704254
76561197960704256
76561197960704258
76561197960704259
76561197960704261
76561197960704262
76561197960704263
76561197960704264
76561197960704265
76561197960704267
76561197960704269
76561197960704270
76561197960704271
76561197960704273
76561197960704274
76561197960704275
76561197960704276
76561197960704278
76561197960704279
76561197960704280
76561197960704281
76561197960704283
76561197960704284
76561197960704286
76561197960704287
76561197960704288
76561197960704289
76561197960704292
76561197960704296
76561197960704297
76561197960704300
76561197960704301
76561197960704302
76561197960704304
76561197960704305
76561197960704306
76561197960704308
76561197960704309
76561197960704310
76561197960704311
76561197960704312
76561197960704313
76561197960704314
76561197960704316
76561197960704317
76561197960704320
76561197960704324
76561197960704326
76561197960704327
76561197960704330
76561197960704331
76561197960704332
76561197960704334
76561197960704336
76561197960704337
76561197960704338
76561197960704339
76561197960704340
76561197960704341
76561197960704344
76561197960704345
76561197960704347
76561197960704348
76561197960704349
76561197960704351
76561197960704352
76561197960704354
76561197960704355
76561197960704357
76561197960704359
76561197960704360
76561197960704363
76561197960704364
76561197960704365
76561197960704366
76561197960704368
76561197960704372
76561197960704373
76561197960704376
76561197960704377
76561197960704378
76561197960704380
76561197960704381
76561197960704383
76561197960704385
76561197960704387
76561197960704389
76561197960704390
76561197960704391
76561197960704393
76561197960704395
76561197960704396
76561197960704397
76561197960704400
76561197960704401
76561197960704402
76561197960704403
76561197960704410
76561197960704411
76561197960704412
76561197960704415
76561197960704416
76561197960704418
76561197960704420
76561197960704421
76561197960704422
76561197960704423
76561197960704424
76561197960704425
76561197960704427
76561197960704431
76561197960704433
76561197960704434
76561197960704435
76561197960704438
76561197960704440
76561197960704442
76561197960704443
76561197960704444
76561197960704445
76561197960704447
76561197960704450
76561197960704451
76561197960704453
76561197960704454
76561197960704455
76561197960704457
76561197960704458
76561197960704459
76561197960704461
76561197960704462
76561197960704463
76561197960704464
76561197960704465
76561197960704466
76561197960704467
76561197960704468
76561197960704469
76561197960704470
76561197960704473
76561197960704475
76561197960704477
76561197960704479
76561197960704481
76561197960704483
76561197960704484
76561197960704485
76561197960704487
76561197960704488
76561197960704490
76561197960704494
76561197960704497
76561197960704498
76561197960704499
76561197960704502
76561197960704503
76561197960704504
76561197960704506
76561197960704507
76561197960704510
76561197960704511
76561197960704512
76561197960704513
76561197960704515
76561197960704517
76561197960704518
76561197960704519
76561197960704520
76561197960704521
76561197960704522
76561197960704523
76561197960704524
76561197960704525
76561197960704526
76561197960704527
76561197960704528
76561197960704529
76561197960704530
76561197960704534
76561197960704535
76561197960704536
76561197960704537
76561197960704540
76561197960704542
76561197960704543
76561197960704544
76561197960704545
76561197960704547
76561197960704549
76561197960704550
76561197960704552
76561197960704553
76561197960704554
76561197960704556
76561197960704561
76561197960704562
76561197960704563
76561197960704564
76561197960704565
76561197960704566
76561197960704567
76561197960704568
76561197960704569
76561197960704570
76561197960704571
76561197960704572
76561197960704574
76561197960704576
76561197960704577
76561197960704578
76561197960704579
76561197960704580
76561197960704581
76561197960704582
76561197960704583
76561197960704584
76561197960704586
76561197960704587
76561197960704588
76561197960704590
76561197960704592
76561197960704597
76561197960704599
76561197960704600
76561197960704601
76561197960704603
76561197960704604
76561197960704605
76561197960704606
76561197960704607
76561197960704609
76561197960704611
76561197960704612
76561197960704614
76561197960704615
76561197960704616
76561197960704623
76561197960704624
76561197960704625
76561197960704626
76561197960704628
76561197960704631
76561197960704632
76561197960704633
76561197960704634
76561197960704635
76561197960704637
76561197960704638
76561197960704639
76561197960704640
76561197960704645
76561197960704646
76561197960704647
76561197960704648
76561197960704649
76561197960704650
76561197960704651
76561197960704653
76561197960704654
76561197960704658
76561197960704659
76561197960704661
76561197960704662
76561197960704663
76561197960704664
76561197960704665
76561197960704667
76561197960704671
76561197960704672
76561197960704675
76561197960704676
76561197960704677
76561197960704678
76561197960704679
76561197960704681
76561197960704682
76561197960704683
76561197960704684
76561197960704688
76561197960704689
76561197960704691
76561197960704692
76561197960704695
76561197960704696
76561197960704697
76561197960704698
76561197960704700
76561197960704701
76561197960704702
76561197960704703
76561197960704704
76561197960704707
76561197960704708
76561197960704709
76561197960704710
76561197960704712
76561197960704715
76561197960704716
76561197960704717
76561197960704719
76561197960704720
76561197960704721
76561197960704722
76561197960704723
76561197960704724
76561197960704728
76561197960704731
76561197960704732
76561197960704734
76561197960704737
76561197960704738
76561197960704739
76561197960704740
76561197960704741
76561197960704742
76561197960704744
76561197960704745
76561197960704746
76561197960704747
76561197960704748
76561197960704749
76561197960704750
76561197960704751
76561197960704752
76561197960704755
76561197960704756
76561197960704757
76561197960704758
76561197960704760
76561197960704761
76561197960704762
76561197960704763
76561197960704764
76561197960704766
76561197960704767
76561197960704768
76561197960704769
76561197960704770
76561197960704772
76561197960704773
76561197960704774
76561197960704775
76561197960704776
76561197960704777
76561197960704778
76561197960704780
76561197960704786
76561197960704787
76561197960704789
76561197960704791
76561197960704792
76561197960704793
76561197960704794
76561197960704795
76561197960704796
76561197960704797
76561197960704798
76561197960704799
76561197960704800
76561197960704801
76561197960704803
76561197960704805
76561197960704806
76561197960704807
76561197960704809
76561197960704811
76561197960704812
76561197960704813
76561197960704814
76561197960704815
76561197960704816
76561197960704817
76561197960704818
76561197960704819
76561197960704820
76561197960704821
76561197960704822
76561197960704823
76561197960704826
76561197960704828
76561197960704829
76561197960704830
76561197960704834
76561197960704835
76561197960704836
76561197960704838
76561197960704840
76561197960704842
76561197960704843
76561197960704844
76561197960704846
76561197960704847
76561197960704848
76561197960704849
76561197960704850
76561197960704851
76561197960704855
76561197960704856
76561197960704857
76561197960704859
76561197960704861
76561197960704862
76561197960704865
76561197960704867
76561197960704869
76561197960704871
76561197960704873
76561197960704876
76561197960704878
76561197960704879
76561197960704883
76561197960704885
76561197960704886
76561197960704887
76561197960704889
76561197960704890
76561197960704892
76561197960704893
76561197960704894
76561197960704895
76561197960704896
76561197960704897
76561197960704899
76561197960704901
76561197960704902
76561197960704903
76561197960704905
76561197960704907
76561197960704910
76561197960704912
76561197960704913
76561197960704914
76561197960704915
76561197960704918
76561197960704919
76561197960704920
76561197960704921
76561197960704923
76561197960704924
76561197960704925
76561197960704927
76561197960704928
76561197960704929
76561197960704932
76561197960704934
76561197960704935
76561197960704936
76561197960704937
76561197960704938
76561197960704941
76561197960704942
76561197960704944
76561197960704945
76561197960704947
76561197960704952
76561197960704953
76561197960704954
76561197960704955
76561197960704956
76561197960704957
76561197960704958
76561197960704961
76561197960704962
76561197960704963
76561197960704966
76561197960704967
76561197960704968
76561197960704971
76561197960704972
76561197960704974
76561197960704975
76561197960704977
76561197960704978
76561197960704980
76561197960704983
76561197960704984
76561197960704985
76561197960704986
76561197960704987
76561197960704988
76561197960704990
76561197960704991
76561197960704993
76561197960704995
76561197960704998
76561197960704999
76561197960705000
76561197960705001
76561197960705002
76561197960705003
76561197960705004
76561197960705006
76561197960705007
76561197960705008
76561197960705012
76561197960705013
76561197960705014
76561197960705015
76561197960705017
76561197960705018
76561197960705019
76561197960705021
76561197960705022
76561197960705023
76561197960705024
76561197960705025
76561197960705026
76561197960705027
76561197960705029
76561197960705030
76561197960705031
76561197960705032
76561197960705034
76561197960705035
76561197960705036
76561197960705038
76561197960705039
76561197960705040
76561197960705041
76561197960705042
76561197960705049
76561197960705050
76561197960705051
76561197960705052
76561197960705055
76561197960705056
76561197960705057
76561197960705060
76561197960705061
76561197960705062
76561197960705063
76561197960705064
76561197960705065
76561197960705066
76561197960705067
76561197960705069
76561197960705070
76561197960705071
76561197960705072
76561197960705074
76561197960705080
76561197960705081
76561197960705083
76561197960705084
76561197960705085
76561197960705086
76561197960705087
76561197960705088
76561197960705089
76561197960705091
76561197960705092
76561197960705093
76561197960705094
76561197960705095
76561197960705096
76561197960705098
76561197960705099
76561197960705101
76561197960705102
76561197960705103
76561197960705106
76561197960705107
76561197960705109
76561197960705111
76561197960705112
76561197960705113
76561197960705114
76561197960705115
76561197960705116
76561197960705117
76561197960705119
76561197960705121
76561197960705122
76561197960705123
76561197960705124
76561197960705125
76561197960705128
76561197960705129
76561197960705130
76561197960705131
76561197960705133
76561197960705134
76561197960705135
76561197960705137
76561197960705140
76561197960705141
76561197960705143
76561197960705144
76561197960705145
76561197960705146
76561197960705147
76561197960705148
76561197960705152
76561197960705153
76561197960705154
76561197960705155
76561197960705156
76561197960705157
76561197960705161
76561197960705163
76561197960705165
76561197960705166
76561197960705167
76561197960705169
76561197960705172
76561197960705173
76561197960705174
76561197960705175
76561197960705176
76561197960705177
76561197960705179
76561197960705181
76561197960705182
76561197960705183
76561197960705184
76561197960705186
76561197960705187
76561197960705188
76561197960705190
76561197960705191
76561197960705192
76561197960705193
76561197960705194
76561197960705195
76561197960705196
76561197960705197
76561197960705199
76561197960705200
76561197960705201
76561197960705202
76561197960705204
76561197960705205
76561197960705208
76561197960705209
76561197960705210
76561197960705211
76561197960705213
76561197960705216
76561197960705217
76561197960705218
76561197960705219
76561197960705220
76561197960705221
76561197960705222
76561197960705224
76561197960705226
76561197960705227
76561197960705228
76561197960705229
76561197960705230
76561197960705231
76561197960705232
76561197960705234
76561197960705238
76561197960705241
76561197960705243
76561197960705244
76561197960705246
76561197960705247
76561197960705248
76561197960705249
76561197960705250
76561197960705251
76561197960705252
76561197960705255
76561197960705258
76561197960705259
76561197960705260
76561197960705261
76561197960705263
76561197960705265
76561197960705267
76561197960705268
76561197960705270
76561197960705271
76561197960705273
76561197960705274
76561197960705275
76561197960705276
76561197960705277
76561197960705280
76561197960705281
76561197960705282
76561197960705284
76561197960705285
76561197960705286
76561197960705288
76561197960705289
76561197960705291
76561197960705292
76561197960705294
76561197960705296
76561197960705297
76561197960705298
76561197960705299
76561197960705301
76561197960705302
76561197960705303
76561197960705304
76561197960705305
76561197960705307
76561197960705309
76561197960705314
76561197960705315
76561197960705316
76561197960705317
76561197960705322
76561197960705324
76561197960705326
76561197960705327
76561197960705328
76561197960705329
76561197960705331
76561197960705333
76561197960705334
76561197960705340
76561197960705343
76561197960705345
76561197960705347
76561197960705349
76561197960705350
76561197960705351
76561197960705352
76561197960705353
76561197960705354
76561197960705355
76561197960705356
76561197960705359
76561197960705361
76561197960705362
76561197960705363
76561197960705365
76561197960705367
76561197960705368
76561197960705371
76561197960705372
76561197960705373
76561197960705374
76561197960705376
76561197960705378
76561197960705379
76561197960705380
76561197960705381
76561197960705383
76561197960705384
76561197960705385
76561197960705389
76561197960705390
76561197960705391
76561197960705392
76561197960705393
76561197960705394
76561197960705395
76561197960705399
76561197960705400
76561197960705401
76561197960705402
76561197960705405
76561197960705406
76561197960705408
76561197960705412
76561197960705414
76561197960705415
76561197960705416
76561197960705418
76561197960705419
76561197960705421
76561197960705422
76561197960705423
76561197960705424
76561197960705425
76561197960705426
76561197960705427
76561197960705429
76561197960705430
76561197960705433
76561197960705437
76561197960705439
76561197960705440
76561197960705441
