76561197961112325
76561197961112327
76561197961112330
76561197961112333
76561197961112334
76561197961112335
76561197961112338
76561197961112340
76561197961112345
76561197961112346
76561197961112347
76561197961112349
76561197961112351
76561197961112353
76561197961112356
76561197961112357
76561197961112358
76561197961112359
76561197961112361
76561197961112365
76561197961112366
76561197961112367
76561197961112368
76561197961112371
76561197961112372
76561197961112375
76561197961112377
76561197961112378
76561197961112380
76561197961112382
76561197961112383
76561197961112385
76561197961112390
76561197961112391
76561197961112394
76561197961112395
76561197961112396
76561197961112397
76561197961112399
76561197961112400
76561197961112403
76561197961112407
76561197961112408
76561197961112412
76561197961112416
76561197961112423
76561197961112424
76561197961112425
76561197961112426
76561197961112427
76561197961112430
76561197961112431
76561197961112432
76561197961112434
76561197961112440
76561197961112441
76561197961112445
76561197961112446
76561197961112450
76561197961112452
76561197961112453
76561197961112455
76561197961112456
76561197961112457
76561197961112461
76561197961112462
76561197961112464
76561197961112465
76561197961112467
76561197961112468
76561197961112470
76561197961112476
76561197961112480
76561197961112482
76561197961112486
76561197961112487
76561197961112488
76561197961112489
76561197961112494
76561197961112495
76561197961112497
76561197961112502
76561197961112504
76561197961112507
76561197961112508
76561197961112509
76561197961112510
76561197961112513
76561197961112516
76561197961112517
76561197961112519
76561197961112520
76561197961112523
76561197961112525
76561197961112527
76561197961112528
76561197961112530
76561197961112532
76561197961112534
76561197961112535
76561197961112537
76561197961112539
76561197961112540
76561197961112541
76561197961112545
76561197961112549
76561197961112550
76561197961112551
76561197961112552
76561197961112554
76561197961112555
76561197961112556
76561197961112558
76561197961112559
76561197961112560
76561197961112562
76561197961112563
76561197961112564
76561197961112565
76561197961112566
76561197961112567
76561197961112569
76561197961112570
76561197961112579
76561197961112580
76561197961112581
76561197961112582
76561197961112587
76561197961112589
76561197961112590
76561197961112594
76561197961112596
76561197961112597
76561197961112599
76561197961112602
76561197961112603
76561197961112607
76561197961112608
76561197961112610
76561197961112611
76561197961112612
76561197961112613
76561197961112616
76561197961112617
76561197961112621
76561197961112623
76561197961112633
76561197961112636
76561197961112637
76561197961112639
76561197961112640
76561197961112642
76561197961112643
76561197961112646
76561197961112650
76561197961112652
76561197961112654
76561197961112655
76561197961112657
76561197961112659
76561197961112660
76561197961112661
76561197961112663
76561197961112665
76561197961112668
76561197961112673
76561197961112674
76561197961112677
76561197961112679
76561197961112680
76561197961112682
76561197961112685
76561197961112688
76561197961112689
76561197961112690
76561197961112692
76561197961112694
76561197961112695
76561197961112696
76561197961112697
76561197961112699
76561197961112700
76561197961112702
76561197961112705
76561197961112707
76561197961112712
76561197961112715
76561197961112716
76561197961112720
76561197961112721
76561197961112722
76561197961112723
76561197961112724
76561197961112727
76561197961112728
76561197961112729
76561197961112731
76561197961112732
76561197961112733
76561197961112734
76561197961112735
76561197961112736
76561197961112740
76561197961112741
76561197961112745
76561197961112746
76561197961112751
76561197961112753
76561197961112754
76561197961112756
76561197961112757
76561197961112758
76561197961112761
76561197961112762
76561197961112763
76561197961112764
76561197961112766
76561197961112767
76561197961112771
76561197961112772
76561197961112774
76561197961112776
76561197961112779
76561197961112781
76561197961112782
76561197961112783
76561197961112786
76561197961112788
76561197961112791
76561197961112792
76561197961112793
76561197961112794
76561197961112795
76561197961112798
76561197961112800
76561197961112803
76561197961112804
76561197961112808
76561197961112809
76561197961112810
76561197961112811
76561197961112812
76561197961112813
76561197961112816
76561197961112819
76561197961112820
76561197961112822
76561197961112823
76561197961112828
76561197961112831
76561197961112832
76561197961112835
76561197961112838
76561197961112839
76561197961112840
76561197961112841
76561197961112842
76561197961112843
76561197961112848
76561197961112849
76561197961112852
76561197961112855
76561197961112857
76561197961112858
76561197961112862
76561197961112865
76561197961112867
76561197961112868
76561197961112869
76561197961112870
76561197961112871
76561197961112872
76561197961112875
76561197961112876
76561197961112877
76561197961112880
76561197961112881
76561197961112884
76561197961112886
76561197961112889
76561197961112890
76561197961112891
76561197961112893
76561197961112896
76561197961112897
76561197961112901
76561197961112902
76561197961112904
76561197961112907
76561197961112908
76561197961112909
76561197961112912
76561197961112917
76561197961112919
76561197961112920
76561197961112922
76561197961112924
76561197961112925
76561197961112926
76561197961112927
76561197961112928
76561197961112932
76561197961112934
76561197961112935
76561197961112938
76561197961112939
76561197961112941
76561197961112943
76561197961112946
76561197961112949
76561197961112951
76561197961112953
76561197961112955
76561197961112956
76561197961112961
76561197961112963
76561197961112964
76561197961112966
76561197961112967
76561197961112971
76561197961112973
76561197961112975
76561197961112977
76561197961112979
76561197961112981
76561197961112982
76561197961112984
76561197961112989
76561197961112991
76561197961112993
76561197961112997
76561197961112999
76561197961113000
76561197961113003
76561197961113005
76561197961113010
76561197961113011
76561197961113012
76561197961113019
76561197961113020
76561197961113021
76561197961113022
76561197961113024
76561197961113025
76561197961113026
76561197961113029
76561197961113031
76561197961113035
76561197961113037
76561197961113040
76561197961113042
76561197961113043
76561197961113046
76561197961113047
76561197961113049
76561197961113050
76561197961113052
76561197961113057
76561197961113059
76561197961113061
76561197961113063
76561197961113067
76561197961113070
76561197961113072
76561197961113073
76561197961113075
76561197961113076
76561197961113077
76561197961113078
76561197961113079
76561197961113080
76561197961113083
76561197961113084
76561197961113088
76561197961113089
76561197961113094
76561197961113095
76561197961113098
76561197961113099
76561197961113102
76561197961113103
76561197961113105
76561197961113106
76561197961113107
76561197961113108
76561197961113110
76561197961113111
76561197961113113
76561197961113115
76561197961113117
76561197961113118
76561197961113120
76561197961113121
76561197961113122
76561197961113123
76561197961113124
76561197961113125
76561197961113126
76561197961113127
76561197961113128
76561197961113129
76561197961113130
76561197961113131
76561197961113133
76561197961113136
76561197961113143
76561197961113144
76561197961113147
76561197961113148
76561197961113149
76561197961113150
76561197961113151
76561197961113152
76561197961113154
76561197961113155
76561197961113157
76561197961113159
76561197961113161
76561197961113164
76561197961113165
76561197961113168
76561197961113169
76561197961113172
76561197961113173
76561197961113174
76561197961113180
76561197961113182
76561197961113185
76561197961113187
76561197961113188
76561197961113191
76561197961113192
76561197961113195
76561197961113196
76561197961113197
76561197961113198
76561197961113199
76561197961113204
76561197961113205
76561197961113206
76561197961113209
76561197961113210
76561197961113215
76561197961113218
76561197961113219
76561197961113221
76561197961113225
76561197961113226
76561197961113229
76561197961113230
76561197961113232
76561197961113233
76561197961113235
76561197961113239
76561197961113240
76561197961113241
76561197961113242
76561197961113244
76561197961113245
76561197961113246
76561197961113247
76561197961113249
76561197961113250
76561197961113252
76561197961113256
76561197961113259
76561197961113260
76561197961113262
76561197961113272
76561197961113274
76561197961113277
76561197961113279
76561197961113280
76561197961113281
76561197961113286
76561197961113288
76561197961113289
76561197961113291
76561197961113292
76561197961113294
76561197961113296
76561197961113297
76561197961113298
76561197961113299
76561197961113302
76561197961113303
76561197961113305
76561197961113306
76561197961113308
76561197961113309
76561197961113310
76561197961113312
76561197961113313
76561197961113314
76561197961113315
76561197961113316
76561197961113318
76561197961113319
76561197961113323
76561197961113324
76561197961113326
76561197961113328
76561197961113330
76561197961113331
76561197961113332
76561197961113333
76561197961113335
76561197961113336
76561197961113338
76561197961113343
76561197961113344
76561197961113345
76561197961113346
76561197961113347
76561197961113348
76561197961113349
76561197961113350
76561197961113351
76561197961113352
76561197961113356
76561197961113358
76561197961113360
76561197961113361
76561197961113362
76561197961113364
76561197961113365
76561197961113367
76561197961113371
76561197961113372
76561197961113373
76561197961113374
76561197961113377
76561197961113379
76561197961113384
76561197961113386
76561197961113387
76561197961113391
76561197961113393
76561197961113395
76561197961113399
76561197961113400
76561197961113402
76561197961113404
76561197961113405
76561197961113407
76561197961113410
76561197961113411
76561197961113412
76561197961113414
76561197961113418
76561197961113420
76561197961113422
76561197961113426
76561197961113428
76561197961113429
76561197961113431
76561197961113432
76561197961113435
76561197961113440
76561197961113441
76561197961113444
76561197961113445
76561197961113449
76561197961113452
76561197961113453
76561197961113455
76561197961113457
76561197961113458
76561197961113460
76561197961113461
76561197961113464
76561197961113465
76561197961113468
76561197961113472
76561197961113477
76561197961113478
76561197961113479
76561197961113480
76561197961113481
76561197961113482
76561197961113484
76561197961113485
76561197961113488
76561197961113490
76561197961113491
76561197961113499
76561197961113500
76561197961113502
76561197961113504
76561197961113505
76561197961113506
76561197961113507
76561197961113508
76561197961113510
76561197961113511
76561197961113512
76561197961113515
76561197961113516
76561197961113517
76561197961113518
76561197961113519
76561197961113520
76561197961113525
76561197961113526
76561197961113528
76561197961113531
76561197961113532
76561197961113533
76561197961113535
76561197961113539
76561197961113542
76561197961113543
76561197961113546
76561197961113548
76561197961113550
76561197961113551
76561197961113552
76561197961113554
76561197961113556
76561197961113557
76561197961113559
76561197961113560
76561197961113565
76561197961113566
76561197961113569
76561197961113570
76561197961113572
76561197961113573
76561197961113574
76561197961113575
76561197961113577
76561197961113579
76561197961113580
76561197961113581
76561197961113582
76561197961113584
76561197961113586
76561197961113587
76561197961113588
76561197961113590
76561197961113595
76561197961113597
76561197961113598
76561197961113601
76561197961113605
76561197961113608
76561197961113609
76561197961113610
76561197961113611
76561197961113612
76561197961113613
76561197961113614
76561197961113618
76561197961113619
76561197961113620
76561197961113621
76561197961113623
76561197961113624
76561197961113625
76561197961113626
76561197961113631
76561197961113632
76561197961113636
76561197961113637
76561197961113639
76561197961113641
76561197961113645
76561197961113650
76561197961113651
76561197961113652
76561197961113653
76561197961113654
76561197961113656
76561197961113657
76561197961113659
76561197961113662
76561197961113666
76561197961113667
76561197961113674
76561197961113675
76561197961113676
76561197961113679
76561197961113680
76561197961113686
76561197961113690
76561197961113692
76561197961113695
76561197961113696
76561197961113698
76561197961113702
76561197961113703
76561197961113704
76561197961113705
76561197961113706
76561197961113707
76561197961113708
76561197961113709
76561197961113710
76561197961113713
76561197961113715
76561197961113718
76561197961113719
76561197961113720
76561197961113722
76561197961113725
76561197961113726
76561197961113727
76561197961113728
76561197961113729
76561197961113732
76561197961113734
76561197961113735
76561197961113736
76561197961113739
76561197961113741
76561197961113743
76561197961113744
76561197961113745
76561197961113748
76561197961113749
76561197961113750
76561197961113751
76561197961113752
76561197961113753
76561197961113754
76561197961113757
76561197961113760
76561197961113761
76561197961113763
76561197961113767
76561197961113770
76561197961113773
76561197961113775
76561197961113776
76561197961113777
76561197961113779
76561197961113780
76561197961113782
76561197961113785
76561197961113788
76561197961113789
76561197961113790
76561197961113792
76561197961113794
76561197961113797
76561197961113799
76561197961113800
76561197961113801
76561197961113802
76561197961113804
76561197961113809
76561197961113815
76561197961113816
76561197961113820
76561197961113821
76561197961113822
76561197961113823
76561197961113825
76561197961113826
76561197961113829
76561197961113830
76561197961113831
76561197961113834
76561197961113836
76561197961113837
76561197961113841
76561197961113842
76561197961113844
76561197961113845
76561197961113846
76561197961113847
76561197961113848
76561197961113850
76561197961113851
76561197961113853
76561197961113854
76561197961113858
76561197961113860
76561197961113864
76561197961113866
76561197961113868
76561197961113870
76561197961113873
76561197961113876
76561197961113878
76561197961113881
76561197961113882
76561197961113883
76561197961113888
76561197961113891
76561197961113893
76561197961113894
76561197961113896
76561197961113897
76561197961113898
76561197961113900
76561197961113904
76561197961113905
76561197961113906
76561197961113907
76561197961113909
76561197961113910
76561197961113912
76561197961113913
76561197961113914
76561197961113915
76561197961113916
76561197961113918
76561197961113922
76561197961113924
76561197961113926
76561197961113927
76561197961113929
76561197961113930
76561197961113931
76561197961113932
76561197961113937
76561197961113939
76561197961113940
76561197961113944
76561197961113945
76561197961113947
76561197961113948
76561197961113950
76561197961113951
76561197961113954
76561197961113956
76561197961113957
76561197961113958
76561197961113960
76561197961113961
76561197961113963
76561197961113964
76561197961113966
76561197961113968
76561197961113972
76561197961113979
76561197961113980
76561197961113981
76561197961113983
76561197961113984
76561197961113988
76561197961113991
76561197961113995
76561197961113996
76561197961113999
76561197961114001
76561197961114004
76561197961114006
76561197961114009
76561197961114010
76561197961114011
76561197961114013
76561197961114014
76561197961114015
76561197961114016
76561197961114018
76561197961114019
76561197961114022
76561197961114024
76561197961114026
76561197961114027
76561197961114030
76561197961114031
76561197961114032
76561197961114034
76561197961114035
76561197961114036
76561197961114037
76561197961114038
76561197961114039
76561197961114040
76561197961114042
76561197961114043
76561197961114044
76561197961114047
76561197961114048
76561197961114050
76561197961114051
76561197961114053
76561197961114054
76561197961114056
76561197961114058
76561197961114060
76561197961114061
76561197961114063
76561197961114065
76561197961114066
76561197961114067
76561197961114069
76561197961114070
76561197961114075
76561197961114076
76561197961114080
76561197961114082
76561197961114083
76561197961114084
76561197961114086
76561197961114087
76561197961114088
76561197961114090
76561197961114095
76561197961114096
76561197961114097
76561197961114098
76561197961114099
76561197961114102
76561197961114105
76561197961114107
76561197961114108
76561197961114109
76561197961114112
76561197961114113
76561197961114114
76561197961114115
76561197961114116
76561197961114118
76561197961114120
76561197961114122
76561197961114124
76561197961114127
76561197961114130
76561197961114134
76561197961114135
76561197961114138
76561197961114139
76561197961114142
76561197961114143
76561197961114145
76561197961114149
76561197961114150
76561197961114158
76561197961114162
76561197961114164
76561197961114166
76561197961114169
76561197961114171
76561197961114173
76561197961114177
76561197961114178
76561197961114179
76561197961114180
76561197961114181
76561197961114182
76561197961114183
76561197961114184
76561197961114189
76561197961114191
76561197961114194
76561197961114195
76561197961114198
76561197961114199
76561197961114200
76561197961114201
76561197961114202
76561197961114203
76561197961114208
76561197961114209
76561197961114210
76561197961114212
76561197961114213
76561197961114215
76561197961114218
76561197961114220
76561197961114222
76561197961114224
76561197961114225
76561197961114229
76561197961114231
76561197961114232
76561197961114235
76561197961114236
76561197961114237
76561197961114239
76561197961114242
76561197961114245
76561197961114246
76561197961114247
76561197961114251
76561197961114253
76561197961114258
76561197961114259
76561197961114260
76561197961114261
76561197961114262
76561197961114266
76561197961114271
76561197961114272
76561197961114273
76561197961114274
76561197961114275
76561197961114277
76561197961114278
76561197961114279
76561197961114280
76561197961114281
76561197961114282
76561197961114283
76561197961114285
76561197961114286
