76561197961911823
76561197961911827
76561197961911828
76561197961911829
76561197961911833
76561197961911834
76561197961911835
76561197961911836
76561197961911837
76561197961911838
76561197961911842
76561197961911844
76561197961911846
76561197961911847
76561197961911853
76561197961911860
76561197961911861
76561197961911863
76561197961911864
76561197961911867
76561197961911870
76561197961911871
76561197961911876
76561197961911880
76561197961911882
76561197961911886
76561197961911887
76561197961911888
76561197961911889
76561197961911893
76561197961911895
76561197961911898
76561197961911899
76561197961911900
76561197961911906
76561197961911909
76561197961911911
76561197961911913
76561197961911915
76561197961911916
76561197961911917
76561197961911918
76561197961911919
76561197961911920
76561197961911923
76561197961911928
76561197961911929
76561197961911931
76561197961911933
76561197961911934
76561197961911935
76561197961911936
76561197961911937
76561197961911944
76561197961911945
76561197961911946
76561197961911948
76561197961911951
76561197961911953
76561197961911955
76561197961911958
76561197961911962
76561197961911965
76561197961911966
76561197961911969
76561197961911970
76561197961911977
76561197961911978
76561197961911983
76561197961911989
76561197961911990
76561197961911991
76561197961911993
76561197961911996
76561197961911998
76561197961912004
76561197961912011
76561197961912025
76561197961912026
76561197961912029
76561197961912031
76561197961912033
76561197961912038
76561197961912039
76561197961912043
76561197961912044
76561197961912045
76561197961912049
76561197961912050
76561197961912053
76561197961912054
76561197961912055
76561197961912056
76561197961912061
76561197961912063
76561197961912064
76561197961912067
76561197961912069
76561197961912071
76561197961912073
76561197961912074
76561197961912075
76561197961912081
76561197961912083
76561197961912085
76561197961912087
76561197961912089
76561197961912094
76561197961912096
76561197961912100
76561197961912102
76561197961912103
76561197961912104
76561197961912106
76561197961912108
76561197961912114
76561197961912116
76561197961912118
76561197961912120
76561197961912121
76561197961912123
76561197961912125
76561197961912127
76561197961912134
76561197961912141
76561197961912142
76561197961912143
76561197961912148
76561197961912150
76561197961912153
76561197961912156
76561197961912157
76561197961912161
76561197961912163
76561197961912164
76561197961912165
76561197961912166
76561197961912168
76561197961912173
76561197961912174
76561197961912175
76561197961912177
76561197961912178
76561197961912179
76561197961912182
76561197961912183
76561197961912184
76561197961912188
76561197961912189
76561197961912191
76561197961912198
76561197961912199
76561197961912201
76561197961912203
76561197961912211
76561197961912214
76561197961912215
76561197961912223
76561197961912225
76561197961912226
76561197961912229
76561197961912231
76561197961912233
76561197961912234
76561197961912238
76561197961912241
76561197961912242
76561197961912244
76561197961912246
76561197961912249
76561197961912253
76561197961912254
76561197961912260
76561197961912265
76561197961912266
76561197961912269
76561197961912270
76561197961912272
76561197961912275
76561197961912277
76561197961912279
76561197961912282
76561197961912284
76561197961912285
76561197961912288
76561197961912302
76561197961912303
76561197961912304
76561197961912305
76561197961912308
76561197961912311
76561197961912313
76561197961912315
76561197961912322
76561197961912323
76561197961912324
76561197961912327
76561197961912328
76561197961912329
76561197961912330
76561197961912335
76561197961912337
76561197961912341
76561197961912344
76561197961912346
76561197961912348
76561197961912349
76561197961912350
76561197961912351
76561197961912357
76561197961912361
76561197961912363
76561197961912364
76561197961912366
76561197961912367
76561197961912368
76561197961912369
76561197961912371
76561197961912373
76561197961912381
76561197961912384
76561197961912389
76561197961912396
76561197961912398
76561197961912401
76561197961912405
76561197961912406
76561197961912410
76561197961912411
76561197961912412
76561197961912414
76561197961912415
76561197961912417
76561197961912419
76561197961912420
76561197961912421
76561197961912422
76561197961912424
76561197961912425
76561197961912426
76561197961912427
76561197961912428
76561197961912430
76561197961912432
76561197961912434
76561197961912436
76561197961912437
76561197961912438
76561197961912440
76561197961912441
76561197961912442
76561197961912443
76561197961912447
76561197961912449
76561197961912453
76561197961912455
76561197961912456
76561197961912459
76561197961912460
76561197961912461
76561197961912463
76561197961912465
76561197961912469
76561197961912471
76561197961912472
76561197961912476
76561197961912478
76561197961912480
76561197961912481
76561197961912482
76561197961912487
76561197961912493
76561197961912494
76561197961912498
76561197961912499
76561197961912500
76561197961912505
76561197961912509
76561197961912511
76561197961912513
76561197961912515
76561197961912516
76561197961912519
76561197961912520
76561197961912521
76561197961912524
76561197961912531
76561197961912532
76561197961912534
76561197961912535
76561197961912537
76561197961912539
76561197961912541
76561197961912543
76561197961912546
76561197961912548
76561197961912549
76561197961912551
76561197961912553
76561197961912555
76561197961912560
76561197961912561
76561197961912562
76561197961912568
76561197961912569
76561197961912571
76561197961912574
76561197961912577
76561197961912579
76561197961912581
76561197961912587
76561197961912588
76561197961912589
76561197961912591
76561197961912593
76561197961912596
76561197961912597
76561197961912601
76561197961912613
76561197961912617
76561197961912619
76561197961912623
76561197961912629
76561197961912632
76561197961912639
76561197961912641
76561197961912643
76561197961912644
76561197961912645
76561197961912648
76561197961912650
76561197961912651
76561197961912652
76561197961912655
76561197961912672
76561197961912673
76561197961912674
76561197961912680
76561197961912681
76561197961912683
76561197961912685
76561197961912687
76561197961912689
76561197961912690
76561197961912691
76561197961912694
76561197961912697
76561197961912702
76561197961912703
76561197961912709
76561197961912710
76561197961912711
76561197961912712
76561197961912716
76561197961912717
76561197961912721
76561197961912723
76561197961912725
76561197961912727
76561197961912731
76561197961912733
76561197961912741
76561197961912745
76561197961912746
76561197961912747
76561197961912749
76561197961912751
76561197961912752
76561197961912753
76561197961912756
76561197961912758
76561197961912760
76561197961912763
76561197961912765
76561197961912769
76561197961912770
76561197961912771
76561197961912772
76561197961912773
76561197961912774
76561197961912775
76561197961912777
76561197961912781
76561197961912785
76561197961912786
76561197961912787
76561197961912788
76561197961912789
76561197961912790
76561197961912795
76561197961912799
76561197961912800
76561197961912801
76561197961912803
76561197961912804
76561197961912805
76561197961912806
76561197961912812
76561197961912815
76561197961912823
76561197961912824
76561197961912825
76561197961912826
76561197961912828
76561197961912830
76561197961912837
76561197961912838
76561197961912839
76561197961912841
76561197961912844
76561197961912846
76561197961912850
76561197961912851
76561197961912855
76561197961912856
76561197961912857
76561197961912858
76561197961912865
76561197961912873
76561197961912880
76561197961912884
76561197961912885
76561197961912888
76561197961912889
76561197961912894
76561197961912895
76561197961912901
76561197961912903
76561197961912904
76561197961912905
76561197961912907
76561197961912914
76561197961912915
76561197961912916
76561197961912921
76561197961912923
76561197961912925
76561197961912927
76561197961912930
76561197961912940
76561197961912942
76561197961912947
76561197961912948
76561197961912949
76561197961912951
76561197961912953
76561197961912955
76561197961912956
76561197961912957
76561197961912958
76561197961912959
76561197961912961
76561197961912962
76561197961912966
76561197961912967
76561197961912970
76561197961912971
76561197961912974
76561197961912975
76561197961912977
76561197961912978
76561197961912980
76561197961912990
76561197961912992
76561197961912996
76561197961912997
76561197961912999
76561197961913000
76561197961913001
76561197961913003
76561197961913005
76561197961913007
76561197961913009
76561197961913011
76561197961913012
76561197961913015
76561197961913016
76561197961913017
76561197961913020
76561197961913024
76561197961913025
76561197961913033
76561197961913035
76561197961913038
76561197961913039
76561197961913041
76561197961913043
76561197961913045
76561197961913047
76561197961913049
76561197961913053
76561197961913055
76561197961913058
76561197961913061
76561197961913065
76561197961913070
76561197961913071
76561197961913072
76561197961913073
76561197961913075
76561197961913076
76561197961913077
76561197961913078
76561197961913081
76561197961913082
76561197961913085
76561197961913086
76561197961913087
76561197961913088
76561197961913091
76561197961913097
76561197961913099
76561197961913100
76561197961913101
76561197961913106
76561197961913109
76561197961913110
76561197961913116
76561197961913118
76561197961913120
76561197961913121
76561197961913127
76561197961913129
76561197961913130
76561197961913132
76561197961913133
76561197961913135
76561197961913136
76561197961913138
76561197961913139
76561197961913143
76561197961913145
76561197961913147
76561197961913148
76561197961913150
76561197961913151
76561197961913152
76561197961913153
76561197961913156
76561197961913157
76561197961913158
76561197961913161
76561197961913162
76561197961913164
76561197961913168
76561197961913169
76561197961913170
76561197961913174
76561197961913176
76561197961913177
76561197961913179
76561197961913181
76561197961913182
76561197961913183
76561197961913184
76561197961913187
76561197961913188
76561197961913197
76561197961913200
76561197961913202
76561197961913203
76561197961913204
76561197961913206
76561197961913209
76561197961913212
76561197961913214
76561197961913215
76561197961913216
76561197961913217
76561197961913219
76561197961913221
76561197961913222
76561197961913223
76561197961913225
76561197961913227
76561197961913233
76561197961913235
76561197961913238
76561197961913242
76561197961913245
76561197961913247
76561197961913249
76561197961913250
76561197961913251
76561197961913255
76561197961913257
76561197961913259
76561197961913260
76561197961913261
76561197961913263
76561197961913264
76561197961913265
76561197961913268
76561197961913270
76561197961913271
76561197961913272
76561197961913273
76561197961913276
76561197961913278
76561197961913284
76561197961913285
76561197961913286
76561197961913292
76561197961913298
76561197961913299
76561197961913300
76561197961913302
76561197961913305
76561197961913307
76561197961913309
76561197961913311
76561197961913312
76561197961913313
76561197961913320
76561197961913322
76561197961913323
76561197961913327
76561197961913329
76561197961913333
76561197961913334
76561197961913336
76561197961913337
76561197961913340
76561197961913341
76561197961913343
76561197961913344
76561197961913346
76561197961913347
76561197961913348
76561197961913349
76561197961913352
76561197961913353
76561197961913357
76561197961913358
76561197961913359
76561197961913360
76561197961913362
76561197961913364
76561197961913367
76561197961913370
76561197961913372
76561197961913375
76561197961913381
76561197961913382
76561197961913385
76561197961913386
76561197961913387
76561197961913388
76561197961913392
76561197961913393
76561197961913394
76561197961913397
76561197961913398
76561197961913401
76561197961913403
76561197961913410
76561197961913411
76561197961913415
76561197961913417
76561197961913419
76561197961913424
76561197961913425
76561197961913426
76561197961913428
76561197961913432
76561197961913435
76561197961913437
76561197961913441
76561197961913442
76561197961913447
76561197961913448
76561197961913450
76561197961913451
76561197961913452
76561197961913453
76561197961913454
76561197961913455
76561197961913457
76561197961913458
76561197961913459
76561197961913460
76561197961913461
76561197961913464
76561197961913465
76561197961913467
76561197961913469
76561197961913473
76561197961913474
76561197961913475
76561197961913476
76561197961913485
76561197961913590
76561197961913648
76561197961913650
76561197961913710
76561197961913721
76561197961913741
76561197961913743
76561197961913821
76561197961913889
76561197961913903
76561197961913907
76561197961913912
76561197961913916
76561197961913918
76561197961913920
76561197961913921
76561197961913925
76561197961913929
76561197961913930
76561197961913935
76561197961913939
76561197961913941
76561197961913943
76561197961913945
76561197961913946
76561197961913947
76561197961913951
76561197961913954
76561197961913956
76561197961913958
76561197961913959
76561197961913961
76561197961913963
76561197961913971
76561197961913973
76561197961913978
76561197961913981
76561197961913984
76561197961913985
76561197961913987
76561197961913993
76561197961913997
76561197961914001
76561197961914002
76561197961914005
76561197961914006
76561197961914008
76561197961914009
76561197961914014
76561197961914015
76561197961914016
76561197961914023
76561197961914024
76561197961914026
76561197961914027
76561197961914029
76561197961914030
76561197961914032
76561197961914033
76561197961914034
76561197961914036
76561197961914039
76561197961914041
76561197961914043
76561197961914045
76561197961914049
76561197961914053
76561197961914056
76561197961914057
76561197961914058
76561197961914060
76561197961914061
76561197961914063
76561197961914064
76561197961914065
76561197961914067
76561197961914068
76561197961914071
76561197961914074
76561197961914077
76561197961914078
76561197961914081
76561197961914083
76561197961914084
76561197961914087
76561197961914089
76561197961914090
76561197961914091
76561197961914092
76561197961914096
76561197961914097
76561197961914099
76561197961914101
76561197961914103
76561197961914104
76561197961914105
76561197961914107
76561197961914109
76561197961914113
76561197961914114
76561197961914118
76561197961914121
76561197961914125
76561197961914126
76561197961914127
76561197961914129
76561197961914130
76561197961914131
76561197961914132
76561197961914135
76561197961914136
76561197961914145
76561197961914147
76561197961914148
76561197961914149
76561197961914150
76561197961914152
76561197961914157
76561197961914158
76561197961914162
76561197961914165
76561197961914169
76561197961914171
76561197961914172
76561197961914174
76561197961914181
76561197961914182
76561197961914183
76561197961914184
76561197961914185
76561197961914188
76561197961914189
76561197961914190
76561197961914193
76561197961914195
76561197961914196
76561197961914198
76561197961914199
76561197961914201
76561197961914203
76561197961914204
76561197961914208
76561197961914209
76561197961914211
76561197961914212
76561197961914216
76561197961914217
76561197961914218
76561197961914221
76561197961914224
76561197961914229
76561197961914230
76561197961914231
76561197961914232
76561197961914234
76561197961914241
76561197961914243
76561197961914245
76561197961914248
76561197961914249
76561197961914251
76561197961914254
76561197961914257
76561197961914261
76561197961914265
76561197961914269
76561197961914273
76561197961914276
76561197961914277
76561197961914278
76561197961914280
76561197961914281
76561197961914282
76561197961914288
76561197961914289
76561197961914290
76561197961914293
76561197961914295
76561197961914298
76561197961914301
76561197961914303
76561197961914304
76561197961914307
76561197961914309
76561197961914310
76561197961914315
76561197961914316
76561197961914317
76561197961914320
76561197961914321
76561197961914324
76561197961914326
76561197961914328
76561197961914331
76561197961914335
76561197961914336
76561197961914338
76561197961914339
76561197961914341
76561197961914342
76561197961914343
76561197961914344
76561197961914346
76561197961914351
76561197961914358
76561197961914360
76561197961914362
76561197961914363
76561197961914365
76561197961914366
76561197961914368
76561197961914371
76561197961914374
76561197961914375
76561197961914376
76561197961914377
76561197961914379
76561197961914380
76561197961914383
76561197961914386
76561197961914389
76561197961914391
76561197961914395
76561197961914397
76561197961914399
76561197961914401
76561197961914403
76561197961914412
76561197961914413
76561197961914415
76561197961914417
76561197961914418
76561197961914419
76561197961914421
76561197961914427
76561197961914428
76561197961914429
76561197961914430
76561197961914432
76561197961914436
76561197961914437
76561197961914438
76561197961914440
76561197961914443
76561197961914445
76561197961914447
76561197961914449
76561197961914450
76561197961914452
76561197961914457
76561197961914459
76561197961914461
76561197961914462
76561197961914466
76561197961914471
76561197961914472
76561197961914474
76561197961914475
76561197961914477
76561197961914480
76561197961914481
76561197961914485
76561197961914486
76561197961914487
76561197961914490
76561197961914493
76561197961914494
76561197961914495
76561197961914496
76561197961914497
76561197961914498
76561197961914499
76561197961914501
76561197961914502
76561197961914505
76561197961914509
76561197961914511
76561197961914513
76561197961914514
76561197961914517
76561197961914518
76561197961914523
76561197961914524
76561197961914525
76561197961914526
76561197961914530
76561197961914531
76561197961914535
76561197961914538
76561197961914541
76561197961914542
76561197961914548
76561197961914550
76561197961914555
76561197961914557
76561197961914560
76561197961914561
76561197961914566
76561197961914567
76561197961914568
76561197961914569
76561197961914572
76561197961914574
76561197961914575
76561197961914576
76561197961914578
76561197961914583
76561197961914584
76561197961914587
