76561197961156571
76561197961156572
76561197961156573
76561197961156575
76561197961156577
76561197961156578
76561197961156579
76561197961156580
76561197961156582
76561197961156583
76561197961156584
76561197961156585
76561197961156586
76561197961156588
76561197961156589
76561197961156590
76561197961156591
76561197961156594
76561197961156596
76561197961156597
76561197961156598
76561197961156599
76561197961156601
76561197961156603
76561197961156605
76561197961156606
76561197961156607
76561197961156610
76561197961156612
76561197961156613
76561197961156614
76561197961156615
76561197961156616
76561197961156617
76561197961156619
76561197961156621
76561197961156622
76561197961156624
76561197961156625
76561197961156626
76561197961156627
76561197961156628
76561197961156629
76561197961156630
76561197961156631
76561197961156632
76561197961156634
76561197961156635
76561197961156636
76561197961156639
76561197961156640
76561197961156641
76561197961156642
76561197961156643
76561197961156644
76561197961156648
76561197961156649
76561197961156651
76561197961156652
76561197961156653
76561197961156654
76561197961156655
76561197961156657
76561197961156659
76561197961156660
76561197961156661
76561197961156663
76561197961156664
76561197961156665
76561197961156666
76561197961156668
76561197961156670
76561197961156672
76561197961156673
76561197961156674
76561197961156675
76561197961156676
76561197961156677
76561197961156679
76561197961156680
76561197961156682
76561197961156683
76561197961156685
76561197961156687
76561197961156689
76561197961156690
76561197961156691
76561197961156693
76561197961156695
76561197961156697
76561197961156698
76561197961156700
76561197961156701
76561197961156702
76561197961156703
76561197961156706
76561197961156709
76561197961156710
76561197961156711
76561197961156712
76561197961156713
76561197961156715
76561197961156716
76561197961156717
76561197961156718
76561197961156719
76561197961156720
76561197961156721
76561197961156722
76561197961156723
76561197961156724
76561197961156726
76561197961156727
76561197961156728
76561197961156729
76561197961156730
76561197961156731
76561197961156733
76561197961156734
76561197961156735
76561197961156737
76561197961156740
76561197961156741
76561197961156742
76561197961156746
76561197961156747
76561197961156748
76561197961156749
76561197961156750
76561197961156751
76561197961156752
76561197961156753
76561197961156754
76561197961156755
76561197961156759
76561197961156760
76561197961156761
76561197961156763
76561197961156764
76561197961156765
76561197961156767
76561197961156769
76561197961156771
76561197961156772
76561197961156773
76561197961156774
76561197961156776
76561197961156777
76561197961156778
76561197961156780
76561197961156781
76561197961156782
76561197961156783
76561197961156784
76561197961156785
76561197961156786
76561197961156791
76561197961156794
76561197961156796
76561197961156797
76561197961156798
76561197961156799
76561197961156800
76561197961156803
76561197961156805
76561197961156806
76561197961156809
76561197961156810
76561197961156813
76561197961156814
76561197961156815
76561197961156816
76561197961156817
76561197961156818
76561197961156819
76561197961156821
76561197961156824
76561197961156825
76561197961156828
76561197961156829
76561197961156834
76561197961156835
76561197961156836
76561197961156837
76561197961156838
76561197961156839
76561197961156840
76561197961156841
76561197961156842
76561197961156844
76561197961156845
76561197961156849
76561197961156850
76561197961156851
76561197961156852
76561197961156856
76561197961156858
76561197961156860
76561197961156863
76561197961156864
76561197961156866
76561197961156870
76561197961156871
76561197961156873
76561197961156875
76561197961156876
76561197961156877
76561197961156878
76561197961156879
76561197961156887
76561197961156894
76561197961156895
76561197961156896
76561197961156898
76561197961156899
76561197961156900
76561197961156901
76561197961156902
76561197961156903
76561197961156904
76561197961156907
76561197961156908
76561197961156909
76561197961156911
76561197961156914
76561197961156915
76561197961156916
76561197961156917
76561197961156918
76561197961156920
76561197961156921
76561197961156922
76561197961156923
76561197961156924
76561197961156925
76561197961156926
76561197961156928
76561197961156929
76561197961156930
76561197961156932
76561197961156933
76561197961156935
76561197961156936
76561197961156937
76561197961156938
76561197961156940
76561197961156941
76561197961156942
76561197961156943
76561197961156944
76561197961156945
76561197961156946
76561197961156947
76561197961156949
76561197961156954
76561197961156956
76561197961156958
76561197961156959
76561197961156960
76561197961156963
76561197961156964
76561197961156965
76561197961156968
76561197961156969
76561197961156971
76561197961156972
76561197961156976
76561197961156977
76561197961156980
76561197961156981
76561197961156982
76561197961156985
76561197961156986
76561197961156988
76561197961156989
76561197961156990
76561197961156991
76561197961156992
76561197961156993
76561197961156994
76561197961156995
76561197961156996
76561197961156997
76561197961156999
76561197961157000
76561197961157001
76561197961157002
76561197961157004
76561197961157005
76561197961157006
76561197961157007
76561197961157009
76561197961157010
76561197961157012
76561197961157013
76561197961157014
76561197961157015
76561197961157017
76561197961157020
76561197961157022
76561197961157025
76561197961157027
76561197961157028
76561197961157029
76561197961157030
76561197961157031
76561197961157032
76561197961157033
76561197961157034
76561197961157035
76561197961157036
76561197961157039
76561197961157041
76561197961157042
76561197961157043
76561197961157045
76561197961157047
76561197961157048
76561197961157051
76561197961157052
76561197961157055
76561197961157056
76561197961157057
76561197961157060
76561197961157061
76561197961157062
76561197961157063
76561197961157064
76561197961157065
76561197961157066
76561197961157067
76561197961157068
76561197961157069
76561197961157070
76561197961157071
76561197961157072
76561197961157073
76561197961157074
76561197961157075
76561197961157076
76561197961157078
76561197961157079
76561197961157083
76561197961157084
76561197961157085
76561197961157086
76561197961157088
76561197961157089
76561197961157090
76561197961157091
76561197961157092
76561197961157095
76561197961157098
76561197961157102
76561197961157104
76561197961157105
76561197961157106
76561197961157109
76561197961157110
76561197961157114
76561197961157115
76561197961157117
76561197961157118
76561197961157120
76561197961157121
76561197961157122
76561197961157123
76561197961157124
76561197961157125
76561197961157126
76561197961157127
76561197961157128
76561197961157129
76561197961157130
76561197961157131
76561197961157132
76561197961157136
76561197961157137
76561197961157138
76561197961157140
76561197961157143
76561197961157145
76561197961157146
76561197961157147
76561197961157149
76561197961157151
76561197961157152
76561197961157154
76561197961157155
76561197961157156
76561197961157157
76561197961157158
76561197961157159
76561197961157160
76561197961157161
76561197961157163
76561197961157164
76561197961157165
76561197961157167
76561197961157168
76561197961157169
76561197961157171
76561197961157175
76561197961157176
76561197961157180
76561197961157181
76561197961157182
76561197961157183
76561197961157184
76561197961157185
76561197961157187
76561197961157188
76561197961157189
76561197961157190
76561197961157191
76561197961157192
76561197961157193
76561197961157195
76561197961157197
76561197961157198
76561197961157199
76561197961157201
76561197961157202
76561197961157203
76561197961157205
76561197961157206
76561197961157208
76561197961157210
76561197961157212
76561197961157213
76561197961157214
76561197961157215
76561197961157216
76561197961157218
76561197961157219
76561197961157221
76561197961157222
76561197961157223
76561197961157224
76561197961157225
76561197961157226
76561197961157227
76561197961157228
76561197961157229
76561197961157230
76561197961157232
76561197961157233
76561197961157235
76561197961157236
76561197961157240
76561197961157241
76561197961157242
76561197961157243
76561197961157244
76561197961157245
76561197961157250
76561197961157252
76561197961157253
76561197961157255
76561197961157256
76561197961157258
76561197961157261
76561197961157263
76561197961157266
76561197961157267
76561197961157270
76561197961157271
76561197961157274
76561197961157275
76561197961157277
76561197961157279
76561197961157280
76561197961157282
76561197961157287
76561197961157288
76561197961157289
76561197961157290
76561197961157291
76561197961157293
76561197961157295
76561197961157297
76561197961157298
76561197961157299
76561197961157300
76561197961157301
76561197961157302
76561197961157304
76561197961157305
76561197961157306
76561197961157307
76561197961157308
76561197961157309
76561197961157311
76561197961157315
76561197961157316
76561197961157318
76561197961157319
76561197961157321
76561197961157322
76561197961157324
76561197961157325
76561197961157326
76561197961157327
76561197961157328
76561197961157329
76561197961157330
76561197961157331
76561197961157334
76561197961157336
76561197961157337
76561197961157338
76561197961157340
76561197961157343
76561197961157344
76561197961157346
76561197961157347
76561197961157348
76561197961157349
76561197961157352
76561197961157353
76561197961157354
76561197961157355
76561197961157359
76561197961157360
76561197961157361
76561197961157363
76561197961157366
76561197961157367
76561197961157368
76561197961157369
76561197961157372
76561197961157373
76561197961157379
76561197961157380
76561197961157381
76561197961157384
76561197961157386
76561197961157388
76561197961157389
76561197961157390
76561197961157391
76561197961157392
76561197961157393
76561197961157395
76561197961157397
76561197961157398
76561197961157400
76561197961157401
76561197961157403
76561197961157406
76561197961157407
76561197961157408
76561197961157411
76561197961157412
76561197961157413
76561197961157414
76561197961157415
76561197961157418
76561197961157420
76561197961157421
76561197961157423
76561197961157424
76561197961157426
76561197961157428
76561197961157429
76561197961157431
76561197961157433
76561197961157434
76561197961157436
76561197961157437
76561197961157438
76561197961157439
76561197961157440
76561197961157441
76561197961157442
76561197961157445
76561197961157447
76561197961157450
76561197961157453
76561197961157456
76561197961157458
76561197961157459
76561197961157463
76561197961157464
76561197961157465
76561197961157466
76561197961157467
76561197961157468
76561197961157471
76561197961157473
76561197961157474
76561197961157475
76561197961157477
76561197961157478
76561197961157479
76561197961157480
76561197961157481
76561197961157482
76561197961157486
76561197961157488
76561197961157489
76561197961157490
76561197961157491
76561197961157492
76561197961157493
76561197961157494
76561197961157495
76561197961157496
76561197961157497
76561197961157498
76561197961157503
76561197961157504
76561197961157505
76561197961157506
76561197961157507
76561197961157508
76561197961157509
76561197961157511
76561197961157513
76561197961157515
76561197961157516
76561197961157517
76561197961157518
76561197961157519
76561197961157520
76561197961157521
76561197961157522
76561197961157524
76561197961157525
76561197961157526
76561197961157527
76561197961157529
76561197961157531
76561197961157532
76561197961157533
76561197961157536
76561197961157543
76561197961157544
76561197961157545
76561197961157547
76561197961157548
76561197961157549
76561197961157552
76561197961157553
76561197961157555
76561197961157556
76561197961157558
76561197961157560
76561197961157561
76561197961157562
76561197961157563
76561197961157566
76561197961157567
76561197961157569
76561197961157571
76561197961157573
76561197961157574
76561197961157575
76561197961157576
76561197961157577
76561197961157578
76561197961157580
76561197961157582
76561197961157583
76561197961157584
76561197961157586
76561197961157587
76561197961157588
76561197961157589
76561197961157591
76561197961157592
76561197961157593
76561197961157598
76561197961157599
76561197961157600
76561197961157601
76561197961157603
76561197961157606
76561197961157607
76561197961157609
76561197961157611
76561197961157613
76561197961157614
76561197961157615
76561197961157617
76561197961157620
76561197961157622
76561197961157624
76561197961157625
76561197961157627
76561197961157631
76561197961157632
76561197961157634
76561197961157635
76561197961157636
76561197961157637
76561197961157638
76561197961157639
76561197961157640
76561197961157641
76561197961157643
76561197961157645
76561197961157646
76561197961157647
76561197961157648
76561197961157649
76561197961157650
76561197961157651
76561197961157654
76561197961157655
76561197961157657
76561197961157659
76561197961157660
76561197961157661
76561197961157662
76561197961157663
76561197961157664
76561197961157666
76561197961157667
76561197961157668
76561197961157670
76561197961157671
76561197961157673
76561197961157675
76561197961157678
76561197961157679
76561197961157680
76561197961157681
76561197961157684
76561197961157688
76561197961157689
76561197961157690
76561197961157691
76561197961157692
76561197961157693
76561197961157694
76561197961157695
76561197961157696
76561197961157697
76561197961157701
76561197961157702
76561197961157704
76561197961157705
76561197961157706
76561197961157709
76561197961157710
76561197961157711
76561197961157712
76561197961157715
76561197961157717
76561197961157718
76561197961157719
76561197961157720
76561197961157722
76561197961157726
76561197961157727
76561197961157728
76561197961157730
76561197961157731
76561197961157732
76561197961157733
76561197961157735
76561197961157738
76561197961157739
76561197961157740
76561197961157742
76561197961157744
76561197961157745
76561197961157746
76561197961157747
76561197961157748
76561197961157749
76561197961157751
76561197961157752
76561197961157753
76561197961157756
76561197961157757
76561197961157758
76561197961157759
76561197961157761
76561197961157762
76561197961157763
76561197961157764
76561197961157765
76561197961157766
76561197961157767
76561197961157768
76561197961157769
76561197961157770
76561197961157772
76561197961157773
76561197961157774
76561197961157775
76561197961157776
76561197961157777
76561197961157779
76561197961157781
76561197961157782
76561197961157783
76561197961157784
76561197961157785
76561197961157786
76561197961157788
76561197961157789
76561197961157797
76561197961157799
76561197961157803
76561197961157806
76561197961157807
76561197961157811
76561197961157812
76561197961157813
76561197961157814
76561197961157815
76561197961157816
76561197961157817
76561197961157819
76561197961157820
76561197961157821
76561197961157822
76561197961157823
76561197961157824
76561197961157825
76561197961157829
76561197961157831
76561197961157832
76561197961157834
76561197961157836
76561197961157838
76561197961157840
76561197961157842
76561197961157844
76561197961157845
76561197961157847
76561197961157848
76561197961157849
76561197961157851
76561197961157852
76561197961157853
76561197961157854
76561197961157855
76561197961157857
76561197961157859
76561197961157860
76561197961157861
76561197961157862
76561197961157863
76561197961157866
76561197961157867
76561197961157869
76561197961157870
76561197961157871
76561197961157872
76561197961157874
76561197961157875
76561197961157877
76561197961157878
76561197961157879
76561197961157881
76561197961157883
76561197961157884
76561197961157885
76561197961157886
76561197961157887
76561197961157888
76561197961157889
76561197961157890
76561197961157891
76561197961157892
76561197961157894
76561197961157895
76561197961157896
76561197961157897
76561197961157898
76561197961157900
76561197961157902
76561197961157903
76561197961157904
76561197961157905
76561197961157906
76561197961157908
76561197961157911
76561197961157912
76561197961157914
76561197961157915
76561197961157916
76561197961157919
76561197961157920
76561197961157922
76561197961157925
76561197961157926
76561197961157928
76561197961157929
76561197961157932
76561197961157933
76561197961157934
76561197961157935
76561197961157939
76561197961157940
76561197961157941
76561197961157942
76561197961157944
76561197961157946
76561197961157949
76561197961157951
76561197961157952
76561197961157953
76561197961157954
76561197961157955
76561197961157956
76561197961157957
76561197961157958
76561197961157959
76561197961157962
76561197961157963
76561197961157964
76561197961157965
76561197961157966
76561197961157967
76561197961157968
76561197961157969
76561197961157970
76561197961157971
76561197961157972
76561197961157973
76561197961157974
76561197961157976
76561197961157977
76561197961157979
76561197961157980
76561197961157981
76561197961157986
76561197961157988
76561197961157989
76561197961157990
76561197961157991
76561197961157992
76561197961157993
76561197961157994
76561197961157995
76561197961157996
76561197961158000
76561197961158001
76561197961158005
76561197961158006
76561197961158007
76561197961158008
76561197961158009
76561197961158011
76561197961158012
76561197961158013
76561197961158016
76561197961158017
76561197961158018
76561197961158019
76561197961158020
76561197961158021
76561197961158026
76561197961158028
76561197961158031
76561197961158033
76561197961158034
76561197961158035
76561197961158036
76561197961158039
76561197961158040
76561197961158041
76561197961158042
76561197961158043
76561197961158044
76561197961158045
76561197961158047
76561197961158048
76561197961158050
76561197961158051
76561197961158052
76561197961158053
76561197961158054
76561197961158055
76561197961158056
76561197961158057
76561197961158059
76561197961158060
76561197961158062
76561197961158065
76561197961158066
76561197961158067
76561197961158068
76561197961158069
76561197961158070
76561197961158072
76561197961158074
76561197961158075
76561197961158076
76561197961158077
76561197961158078
76561197961158082
76561197961158083
76561197961158084
76561197961158086
