76561197961955825
76561197961955827
76561197961955828
76561197961955832
76561197961955834
76561197961955836
76561197961955837
76561197961955843
76561197961955845
76561197961955846
76561197961955847
76561197961955850
76561197961955854
76561197961955855
76561197961955859
76561197961955860
76561197961955864
76561197961955866
76561197961955867
76561197961955869
76561197961955875
76561197961955876
76561197961955883
76561197961955885
76561197961955887
76561197961955888
76561197961955893
76561197961955897
76561197961955899
76561197961955900
76561197961955901
76561197961955904
76561197961955905
76561197961955908
76561197961955916
76561197961955917
76561197961955923
76561197961955925
76561197961955929
76561197961955930
76561197961955932
76561197961955934
76561197961955937
76561197961955941
76561197961955942
76561197961955943
76561197961955944
76561197961955946
76561197961955947
76561197961955948
76561197961955949
76561197961955951
76561197961955952
76561197961955954
76561197961955965
76561197961955969
76561197961955970
76561197961955974
76561197961955975
76561197961955977
76561197961955980
76561197961955981
76561197961955984
76561197961955985
76561197961955987
76561197961955988
76561197961955989
76561197961955991
76561197961955992
76561197961955998
76561197961955999
76561197961956000
76561197961956001
76561197961956003
76561197961956009
76561197961956011
76561197961956014
76561197961956016
76561197961956017
76561197961956018
76561197961956022
76561197961956023
76561197961956024
76561197961956028
76561197961956029
76561197961956030
76561197961956032
76561197961956035
76561197961956040
76561197961956044
76561197961956046
76561197961956048
76561197961956050
76561197961956052
76561197961956057
76561197961956058
76561197961956059
76561197961956062
76561197961956064
76561197961956065
76561197961956066
76561197961956067
76561197961956069
76561197961956070
76561197961956071
76561197961956072
76561197961956073
76561197961956074
76561197961956077
76561197961956078
76561197961956080
76561197961956082
76561197961956086
76561197961956087
76561197961956089
76561197961956094
76561197961956096
76561197961956097
76561197961956098
76561197961956100
76561197961956101
76561197961956105
76561197961956106
76561197961956109
76561197961956110
76561197961956111
76561197961956112
76561197961956114
76561197961956124
76561197961956129
76561197961956131
76561197961956141
76561197961956142
76561197961956148
76561197961956151
76561197961956152
76561197961956155
76561197961956156
76561197961956158
76561197961956162
76561197961956163
76561197961956168
76561197961956169
76561197961956172
76561197961956173
76561197961956177
76561197961956179
76561197961956181
76561197961956184
76561197961956185
76561197961956186
76561197961956188
76561197961956189
76561197961956194
76561197961956196
76561197961956199
76561197961956204
76561197961956206
76561197961956211
76561197961956213
76561197961956215
76561197961956216
76561197961956219
76561197961956220
76561197961956221
76561197961956224
76561197961956226
76561197961956229
76561197961956230
76561197961956233
76561197961956238
76561197961956239
76561197961956240
76561197961956242
76561197961956243
76561197961956244
76561197961956246
76561197961956247
76561197961956252
76561197961956254
76561197961956256
76561197961956257
76561197961956258
76561197961956260
76561197961956263
76561197961956265
76561197961956267
76561197961956270
76561197961956271
76561197961956272
76561197961956273
76561197961956274
76561197961956276
76561197961956282
76561197961956284
76561197961956287
76561197961956288
76561197961956293
76561197961956296
76561197961956297
76561197961956300
76561197961956302
76561197961956303
76561197961956307
76561197961956312
76561197961956314
76561197961956315
76561197961956316
76561197961956319
76561197961956320
76561197961956321
76561197961956326
76561197961956328
76561197961956329
76561197961956331
76561197961956332
76561197961956335
76561197961956336
76561197961956337
76561197961956340
76561197961956341
76561197961956343
76561197961956346
76561197961956347
76561197961956349
76561197961956352
76561197961956353
76561197961956354
76561197961956355
76561197961956356
76561197961956357
76561197961956358
76561197961956360
76561197961956362
76561197961956366
76561197961956367
76561197961956368
76561197961956369
76561197961956376
76561197961956379
76561197961956380
76561197961956383
76561197961956384
76561197961956385
76561197961956390
76561197961956391
76561197961956395
76561197961956397
76561197961956398
76561197961956399
76561197961956402
76561197961956406
76561197961956409
76561197961956411
76561197961956413
76561197961956416
76561197961956417
76561197961956419
76561197961956420
76561197961956421
76561197961956422
76561197961956423
76561197961956424
76561197961956425
76561197961956428
76561197961956431
76561197961956433
76561197961956434
76561197961956435
76561197961956436
76561197961956437
76561197961956439
76561197961956442
76561197961956445
76561197961956447
76561197961956448
76561197961956452
76561197961956453
76561197961956455
76561197961956456
76561197961956458
76561197961956459
76561197961956463
76561197961956467
76561197961956468
76561197961956469
76561197961956476
76561197961956479
76561197961956483
76561197961956485
76561197961956490
76561197961956491
76561197961956493
76561197961956494
76561197961956498
76561197961956502
76561197961956504
76561197961956506
76561197961956507
76561197961956510
76561197961956514
76561197961956515
76561197961956516
76561197961956517
76561197961956519
76561197961956520
76561197961956521
76561197961956525
76561197961956526
76561197961956529
76561197961956531
76561197961956532
76561197961956533
76561197961956535
76561197961956537
76561197961956539
76561197961956541
76561197961956542
76561197961956544
76561197961956547
76561197961956549
76561197961956550
76561197961956551
76561197961956552
76561197961956554
76561197961956555
76561197961956556
76561197961956558
76561197961956560
76561197961956562
76561197961956567
76561197961956569
76561197961956571
76561197961956572
76561197961956573
76561197961956575
76561197961956577
76561197961956581
76561197961956587
76561197961956588
76561197961956594
76561197961956595
76561197961956596
76561197961956597
76561197961956600
76561197961956602
76561197961956603
76561197961956604
76561197961956606
76561197961956608
76561197961956610
76561197961956611
76561197961956612
76561197961956613
76561197961956615
76561197961956617
76561197961956619
76561197961956625
76561197961956629
76561197961956632
76561197961956633
76561197961956634
76561197961956636
76561197961956637
76561197961956639
76561197961956641
76561197961956644
76561197961956645
76561197961956650
76561197961956651
76561197961956652
76561197961956653
76561197961956654
76561197961956657
76561197961956659
76561197961956660
76561197961956664
76561197961956667
76561197961956668
76561197961956669
76561197961956671
76561197961956672
76561197961956673
76561197961956674
76561197961956676
76561197961956679
76561197961956682
76561197961956683
76561197961956684
76561197961956686
76561197961956688
76561197961956689
76561197961956691
76561197961956692
76561197961956694
76561197961956695
76561197961956697
76561197961956699
76561197961956701
76561197961956702
76561197961956706
76561197961956707
76561197961956708
76561197961956714
76561197961956717
76561197961956718
76561197961956719
76561197961956721
76561197961956722
76561197961956723
76561197961956724
76561197961956727
76561197961956728
76561197961956733
76561197961956735
76561197961956737
76561197961956738
76561197961956741
76561197961956742
76561197961956744
76561197961956745
76561197961956746
76561197961956747
76561197961956748
76561197961956749
76561197961956750
76561197961956751
76561197961956752
76561197961956753
76561197961956758
76561197961956761
76561197961956764
76561197961956765
76561197961956769
76561197961956778
76561197961956779
76561197961956781
76561197961956782
76561197961956783
76561197961956786
76561197961956788
76561197961956789
76561197961956792
76561197961956794
76561197961956800
76561197961956802
76561197961956806
76561197961956808
76561197961956811
76561197961956812
76561197961956814
76561197961956815
76561197961956816
76561197961956817
76561197961956820
76561197961956821
76561197961956822
76561197961956824
76561197961956826
76561197961956828
76561197961956829
76561197961956831
76561197961956833
76561197961956834
76561197961956835
76561197961956836
76561197961956837
76561197961956839
76561197961956840
76561197961956842
76561197961956844
76561197961956845
76561197961956846
76561197961956847
76561197961956851
76561197961956854
76561197961956858
76561197961956866
76561197961956868
76561197961956869
76561197961956870
76561197961956872
76561197961956873
76561197961956877
76561197961956878
76561197961956881
76561197961956882
76561197961956883
76561197961956886
76561197961956887
76561197961956891
76561197961956892
76561197961956893
76561197961956898
76561197961956899
76561197961956900
76561197961956901
76561197961956903
76561197961956905
76561197961956906
76561197961956907
76561197961956910
76561197961956914
76561197961956917
76561197961956919
76561197961956923
76561197961956924
76561197961956926
76561197961956927
76561197961956928
76561197961956929
76561197961956930
76561197961956933
76561197961956934
76561197961956935
76561197961956936
76561197961956939
76561197961956943
76561197961956946
76561197961956947
76561197961956949
76561197961956950
76561197961956951
76561197961956954
76561197961956957
76561197961956958
76561197961956961
76561197961956963
76561197961956964
76561197961956972
76561197961956976
76561197961956979
76561197961956986
76561197961956987
76561197961956989
76561197961956990
76561197961956991
76561197961956993
76561197961956996
76561197961956998
76561197961956999
76561197961957001
76561197961957002
76561197961957003
76561197961957008
76561197961957009
76561197961957010
76561197961957011
76561197961957012
76561197961957013
76561197961957014
76561197961957015
76561197961957016
76561197961957017
76561197961957019
76561197961957021
76561197961957022
76561197961957026
76561197961957027
76561197961957028
76561197961957032
76561197961957033
76561197961957036
76561197961957039
76561197961957041
76561197961957043
76561197961957045
76561197961957046
76561197961957047
76561197961957049
76561197961957050
76561197961957056
76561197961957062
76561197961957064
76561197961957066
76561197961957068
76561197961957071
76561197961957072
76561197961957073
76561197961957074
76561197961957076
76561197961957079
76561197961957080
76561197961957083
76561197961957085
76561197961957088
76561197961957089
76561197961957090
76561197961957092
76561197961957093
76561197961957097
76561197961957099
76561197961957102
76561197961957103
76561197961957105
76561197961957106
76561197961957109
76561197961957110
76561197961957111
76561197961957113
76561197961957115
76561197961957116
76561197961957117
76561197961957120
76561197961957122
76561197961957123
76561197961957124
76561197961957125
76561197961957126
76561197961957129
76561197961957130
76561197961957131
76561197961957133
76561197961957136
76561197961957140
76561197961957141
76561197961957146
76561197961957147
76561197961957148
76561197961957150
76561197961957151
76561197961957159
76561197961957160
76561197961957162
76561197961957163
76561197961957165
76561197961957168
76561197961957172
76561197961957173
76561197961957174
76561197961957178
76561197961957186
76561197961957188
76561197961957189
76561197961957190
76561197961957191
76561197961957194
76561197961957199
76561197961957200
76561197961957201
76561197961957203
76561197961957206
76561197961957208
76561197961957209
76561197961957213
76561197961957215
76561197961957216
76561197961957217
76561197961957218
76561197961957219
76561197961957222
76561197961957226
76561197961957227
76561197961957230
76561197961957237
76561197961957238
76561197961957239
76561197961957240
76561197961957244
76561197961957245
76561197961957247
76561197961957250
76561197961957252
76561197961957253
76561197961957254
76561197961957255
76561197961957257
76561197961957258
76561197961957261
76561197961957262
76561197961957266
76561197961957268
76561197961957274
76561197961957276
76561197961957278
76561197961957283
76561197961957284
76561197961957286
76561197961957288
76561197961957290
76561197961957292
76561197961957294
76561197961957297
76561197961957302
76561197961957304
76561197961957305
76561197961957307
76561197961957312
76561197961957315
76561197961957316
76561197961957317
76561197961957318
76561197961957324
76561197961957327
76561197961957328
76561197961957331
76561197961957333
76561197961957334
76561197961957338
76561197961957343
76561197961957346
76561197961957348
76561197961957350
76561197961957351
76561197961957353
76561197961957356
76561197961957357
76561197961957359
76561197961957363
76561197961957364
76561197961957368
76561197961957370
76561197961957371
76561197961957372
76561197961957376
76561197961957377
76561197961957381
76561197961957382
76561197961957386
76561197961957388
76561197961957389
76561197961957391
76561197961957392
76561197961957394
76561197961957396
76561197961957400
76561197961957401
76561197961957403
76561197961957411
76561197961957412
76561197961957413
76561197961957415
76561197961957417
76561197961957418
76561197961957419
76561197961957422
76561197961957428
76561197961957429
76561197961957430
76561197961957431
76561197961957432
76561197961957434
76561197961957436
76561197961957438
76561197961957444
76561197961957445
76561197961957446
76561197961957457
76561197961957458
76561197961957463
76561197961957468
76561197961957469
76561197961957470
76561197961957471
76561197961957475
76561197961957476
76561197961957478
76561197961957479
76561197961957480
76561197961957483
76561197961957486
76561197961957487
76561197961957489
76561197961957490
76561197961957495
76561197961957496
76561197961957497
76561197961957499
76561197961957500
76561197961957501
76561197961957502
76561197961957504
76561197961957506
76561197961957508
76561197961957512
76561197961957514
76561197961957516
76561197961957517
76561197961957518
76561197961957519
76561197961957520
76561197961957523
76561197961957524
76561197961957525
76561197961957526
76561197961957527
76561197961957528
76561197961957530
76561197961957533
76561197961957534
76561197961957535
76561197961957537
76561197961957538
76561197961957539
76561197961957544
76561197961957548
76561197961957549
76561197961957550
76561197961957551
76561197961957552
76561197961957554
76561197961957556
76561197961957558
76561197961957559
76561197961957560
76561197961957561
76561197961957562
76561197961957566
76561197961957567
76561197961957568
76561197961957569
76561197961957571
76561197961957572
76561197961957574
76561197961957575
76561197961957576
76561197961957580
76561197961957584
76561197961957585
76561197961957589
76561197961957591
76561197961957592
76561197961957594
76561197961957596
76561197961957598
76561197961957600
76561197961957605
76561197961957606
76561197961957607
76561197961957608
76561197961957609
76561197961957610
76561197961957612
76561197961957613
76561197961957616
76561197961957617
76561197961957618
76561197961957620
76561197961957623
76561197961957625
76561197961957627
76561197961957629
76561197961957630
76561197961957631
76561197961957634
76561197961957636
76561197961957638
76561197961957639
76561197961957640
76561197961957642
76561197961957643
76561197961957645
76561197961957646
76561197961957648
76561197961957649
76561197961957652
76561197961957654
76561197961957655
76561197961957658
76561197961957659
76561197961957660
76561197961957661
76561197961957662
76561197961957665
76561197961957666
76561197961957669
76561197961957672
76561197961957673
76561197961957674
76561197961957677
76561197961957679
76561197961957681
76561197961957682
76561197961957684
76561197961957685
76561197961957686
76561197961957689
76561197961957696
76561197961957697
76561197961957699
76561197961957700
76561197961957701
76561197961957706
76561197961957707
76561197961957711
76561197961957713
76561197961957714
76561197961957716
76561197961957722
76561197961957724
76561197961957725
76561197961957726
76561197961957727
76561197961957728
76561197961957729
76561197961957733
76561197961957736
76561197961957740
76561197961957741
76561197961957742
76561197961957743
76561197961957750
76561197961957752
76561197961957753
76561197961957755
76561197961957758
76561197961957759
76561197961957762
76561197961957766
76561197961957767
76561197961957768
76561197961957770
76561197961957773
76561197961957779
76561197961957781
76561197961957782
76561197961957783
76561197961957784
76561197961957786
76561197961957788
76561197961957789
76561197961957791
76561197961957794
76561197961957795
76561197961957796
76561197961957797
76561197961957802
76561197961957804
76561197961957805
76561197961957806
76561197961957807
76561197961957809
76561197961957813
76561197961957816
76561197961957818
76561197961957819
76561197961957821
76561197961957822
76561197961957826
76561197961957827
76561197961957829
76561197961957831
76561197961957834
76561197961957836
76561197961957837
76561197961957840
76561197961957842
76561197961957848
76561197961957849
76561197961957851
76561197961957852
76561197961957853
76561197961957854
76561197961957855
76561197961957857
76561197961957858
76561197961957860
76561197961957862
76561197961957865
76561197961957867
76561197961957868
76561197961957871
76561197961957873
76561197961957875
76561197961957877
76561197961957878
76561197961957879
76561197961957880
76561197961957881
76561197961957884
76561197961957886
76561197961957887
76561197961957891
76561197961957892
76561197961957893
76561197961957894
76561197961957895
76561197961957899
76561197961957902
76561197961957908
76561197961957909
76561197961957910
76561197961957911
76561197961957912
76561197961957913
76561197961957914
76561197961957916
76561197961957918
76561197961957919
76561197961957920
76561197961957921
76561197961957924
76561197961957927
76561197961957928
76561197961957929
76561197961957932
76561197961957933
76561197961957934
76561197961957936
76561197961957937
