76561197960937572
76561197960937575
76561197960937578
76561197960937588
76561197960937591
76561197960937592
76561197960937594
76561197960937596
76561197960937598
76561197960937599
76561197960937600
76561197960937601
76561197960937602
76561197960937604
76561197960937606
76561197960937607
76561197960937609
76561197960937611
76561197960937612
76561197960937616
76561197960937617
76561197960937618
76561197960937619
76561197960937620
76561197960937622
76561197960937624
76561197960937626
76561197960937627
76561197960937628
76561197960937629
76561197960937630
76561197960937634
76561197960937635
76561197960937636
76561197960937640
76561197960937641
76561197960937642
76561197960937643
76561197960937644
76561197960937645
76561197960937649
76561197960937652
76561197960937654
76561197960937658
76561197960937660
76561197960937661
76561197960937662
76561197960937664
76561197960937668
76561197960937669
76561197960937670
76561197960937671
76561197960937672
76561197960937673
76561197960937679
76561197960937680
76561197960937681
76561197960937682
76561197960937684
76561197960937686
76561197960937687
76561197960937689
76561197960937690
76561197960937691
76561197960937692
76561197960937693
76561197960937694
76561197960937696
76561197960937699
76561197960937700
76561197960937703
76561197960937704
76561197960937705
76561197960937706
76561197960937710
76561197960937712
76561197960937715
76561197960937716
76561197960937717
76561197960937718
76561197960937720
76561197960937722
76561197960937723
76561197960937724
76561197960937725
76561197960937726
76561197960937728
76561197960937730
76561197960937732
76561197960937733
76561197960937734
76561197960937735
76561197960937736
76561197960937737
76561197960937739
76561197960937740
76561197960937741
76561197960937742
76561197960937746
76561197960937748
76561197960937749
76561197960937750
76561197960937752
76561197960937753
76561197960937754
76561197960937755
76561197960937756
76561197960937758
76561197960937760
76561197960937762
76561197960937764
76561197960937765
76561197960937766
76561197960937770
76561197960937771
76561197960937772
76561197960937773
76561197960937774
76561197960937776
76561197960937780
76561197960937781
76561197960937782
76561197960937783
76561197960937786
76561197960937788
76561197960937789
76561197960937794
76561197960937795
76561197960937796
76561197960937797
76561197960937798
76561197960937800
76561197960937801
76561197960937802
76561197960937804
76561197960937805
76561197960937806
76561197960937807
76561197960937808
76561197960937809
76561197960937812
76561197960937813
76561197960937814
76561197960937818
76561197960937820
76561197960937824
76561197960937825
76561197960937826
76561197960937827
76561197960937828
76561197960937829
76561197960937830
76561197960937834
76561197960937835
76561197960937836
76561197960937838
76561197960937839
76561197960937840
76561197960937841
76561197960937842
76561197960937844
76561197960937845
76561197960937846
76561197960937848
76561197960937849
76561197960937850
76561197960937852
76561197960937856
76561197960937858
76561197960937859
76561197960937860
76561197960937862
76561197960937864
76561197960937865
76561197960937866
76561197960937867
76561197960937868
76561197960937870
76561197960937872
76561197960937874
76561197960937875
76561197960937876
76561197960937879
76561197960937881
76561197960937882
76561197960937884
76561197960937885
76561197960937886
76561197960937887
76561197960937889
76561197960937890
76561197960937891
76561197960937892
76561197960937893
76561197960937894
76561197960937895
76561197960937896
76561197960937898
76561197960937899
76561197960937900
76561197960937902
76561197960937903
76561197960937904
76561197960937905
76561197960937906
76561197960937910
76561197960937912
76561197960937914
76561197960937915
76561197960937917
76561197960937918
76561197960937919
76561197960937920
76561197960937921
76561197960937922
76561197960937924
76561197960937925
76561197960937926
76561197960937927
76561197960937928
76561197960937929
76561197960937931
76561197960937932
76561197960937933
76561197960937934
76561197960937935
76561197960937937
76561197960937938
76561197960937939
76561197960937942
76561197960937943
76561197960937944
76561197960937945
76561197960937946
76561197960937948
76561197960937949
76561197960937950
76561197960937952
76561197960937954
76561197960937956
76561197960937957
76561197960937958
76561197960937960
76561197960937962
76561197960937964
76561197960937965
76561197960937966
76561197960937968
76561197960937969
76561197960937970
76561197960937972
76561197960937974
76561197960937975
76561197960937976
76561197960937977
76561197960937978
76561197960937979
76561197960937980
76561197960937984
76561197960937985
76561197960937986
76561197960937988
76561197960937990
76561197960937991
76561197960937992
76561197960937993
76561197960937995
76561197960937997
76561197960937998
76561197960937999
76561197960938002
76561197960938003
76561197960938004
76561197960938005
76561197960938006
76561197960938007
76561197960938008
76561197960938009
76561197960938010
76561197960938012
76561197960938013
76561197960938014
76561197960938016
76561197960938018
76561197960938020
76561197960938021
76561197960938022
76561197960938024
76561197960938032
76561197960938034
76561197960938036
76561197960938037
76561197960938038
76561197960938039
76561197960938041
76561197960938042
76561197960938046
76561197960938047
76561197960938048
76561197960938050
76561197960938052
76561197960938053
76561197960938054
76561197960938055
76561197960938056
76561197960938057
76561197960938058
76561197960938060
76561197960938062
76561197960938064
76561197960938065
76561197960938066
76561197960938068
76561197960938069
76561197960938070
76561197960938071
76561197960938072
76561197960938073
76561197960938074
76561197960938075
76561197960938076
76561197960938078
76561197960938079
76561197960938080
76561197960938081
76561197960938082
76561197960938084
76561197960938085
76561197960938086
76561197960938087
76561197960938091
76561197960938092
76561197960938093
76561197960938095
76561197960938096
76561197960938099
76561197960938100
76561197960938101
76561197960938102
76561197960938103
76561197960938105
76561197960938106
76561197960938109
76561197960938111
76561197960938112
76561197960938113
76561197960938115
76561197960938119
76561197960938120
76561197960938121
76561197960938122
76561197960938123
76561197960938124
76561197960938125
76561197960938127
76561197960938129
76561197960938130
76561197960938132
76561197960938134
76561197960938135
76561197960938137
76561197960938140
76561197960938141
76561197960938142
76561197960938145
76561197960938146
76561197960938147
76561197960938148
76561197960938150
76561197960938151
76561197960938152
76561197960938153
76561197960938154
76561197960938157
76561197960938158
76561197960938159
76561197960938160
76561197960938162
76561197960938165
76561197960938168
76561197960938173
76561197960938174
76561197960938175
76561197960938176
76561197960938178
76561197960938180
76561197960938182
76561197960938184
76561197960938185
76561197960938186
76561197960938192
76561197960938198
76561197960938201
76561197960938203
76561197960938204
76561197960938205
76561197960938206
76561197960938207
76561197960938209
76561197960938210
76561197960938211
76561197960938212
76561197960938214
76561197960938216
76561197960938217
76561197960938218
76561197960938219
76561197960938220
76561197960938222
76561197960938224
76561197960938225
76561197960938226
76561197960938228
76561197960938230
76561197960938232
76561197960938234
76561197960938237
76561197960938239
76561197960938240
76561197960938241
76561197960938242
76561197960938243
76561197960938245
76561197960938246
76561197960938247
76561197960938249
76561197960938250
76561197960938252
76561197960938254
76561197960938255
76561197960938256
76561197960938257
76561197960938259
76561197960938262
76561197960938263
76561197960938265
76561197960938266
76561197960938267
76561197960938268
76561197960938269
76561197960938273
76561197960938274
76561197960938276
76561197960938278
76561197960938279
76561197960938328
76561197960938398
76561197960938445
76561197960938446
76561197960938448
76561197960938451
76561197960938453
76561197960938454
76561197960938455
76561197960938456
76561197960938457
76561197960938458
76561197960938460
76561197960938461
76561197960938462
76561197960938463
76561197960938464
76561197960938466
76561197960938468
76561197960938469
76561197960938470
76561197960938473
76561197960938474
76561197960938478
76561197960938479
76561197960938480
76561197960938481
76561197960938482
76561197960938484
76561197960938485
76561197960938486
76561197960938487
76561197960938488
76561197960938490
76561197960938493
76561197960938494
76561197960938496
76561197960938498
76561197960938500
76561197960938501
76561197960938502
76561197960938503
76561197960938505
76561197960938506
76561197960938507
76561197960938508
76561197960938510
76561197960938512
76561197960938513
76561197960938514
76561197960938515
76561197960938516
76561197960938518
76561197960938519
76561197960938520
76561197960938521
76561197960938524
76561197960938525
76561197960938526
76561197960938527
76561197960938528
76561197960938529
76561197960938530
76561197960938534
76561197960938535
76561197960938536
76561197960938538
76561197960938543
76561197960938545
76561197960938546
76561197960938549
76561197960938550
76561197960938551
76561197960938552
76561197960938553
76561197960938554
76561197960938557
76561197960938558
76561197960938559
76561197960938561
76561197960938562
76561197960938563
76561197960938564
76561197960938565
76561197960938571
76561197960938572
76561197960938574
76561197960938575
76561197960938576
76561197960938577
76561197960938578
76561197960938580
76561197960938581
76561197960938582
76561197960938583
76561197960938585
76561197960938586
76561197960938587
76561197960938590
76561197960938592
76561197960938594
76561197960938595
76561197960938596
76561197960938598
76561197960938600
76561197960938601
76561197960938602
76561197960938603
76561197960938604
76561197960938605
76561197960938606
76561197960938609
76561197960938610
76561197960938611
76561197960938612
76561197960938613
76561197960938616
76561197960938617
76561197960938618
76561197960938619
76561197960938620
76561197960938621
76561197960938622
76561197960938623
76561197960938626
76561197960938628
76561197960938629
76561197960938630
76561197960938631
76561197960938632
76561197960938633
76561197960938634
76561197960938635
76561197960938636
76561197960938637
76561197960938638
76561197960938639
76561197960938641
76561197960938642
76561197960938644
76561197960938645
76561197960938646
76561197960938647
76561197960938648
76561197960938649
76561197960938650
76561197960938652
76561197960938653
76561197960938654
76561197960938655
76561197960938656
76561197960938658
76561197960938659
76561197960938662
76561197960938664
76561197960938665
76561197960938667
76561197960938668
76561197960938669
76561197960938671
76561197960938673
76561197960938675
76561197960938676
76561197960938677
76561197960938678
76561197960938680
76561197960938681
76561197960938683
76561197960938684
76561197960938685
76561197960938686
76561197960938687
76561197960938688
76561197960938689
76561197960938691
76561197960938694
76561197960938695
76561197960938696
76561197960938697
76561197960938698
76561197960938700
76561197960938704
76561197960938709
76561197960938711
76561197960938714
76561197960938719
76561197960938720
76561197960938721
76561197960938722
76561197960938724
76561197960938726
76561197960938727
76561197960938729
76561197960938730
76561197960938732
76561197960938734
76561197960938736
76561197960938737
76561197960938739
76561197960938740
76561197960938743
76561197960938744
76561197960938746
76561197960938748
76561197960938749
76561197960938750
76561197960938751
76561197960938752
76561197960938753
76561197960938756
76561197960938758
76561197960938760
76561197960938761
76561197960938764
76561197960938765
76561197960938766
76561197960938767
76561197960938769
76561197960938770
76561197960938772
76561197960938774
76561197960938776
76561197960938777
76561197960938780
76561197960938783
76561197960938784
76561197960938785
76561197960938786
76561197960938790
76561197960938791
76561197960938792
76561197960938793
76561197960938795
76561197960938796
76561197960938797
76561197960938798
76561197960938800
76561197960938801
76561197960938802
76561197960938803
76561197960938804
76561197960938806
76561197960938808
76561197960938809
76561197960938810
76561197960938811
76561197960938812
76561197960938814
76561197960938815
76561197960938817
76561197960938818
76561197960938819
76561197960938820
76561197960938822
76561197960938823
76561197960938824
76561197960938825
76561197960938826
76561197960938827
76561197960938829
76561197960938830
76561197960938831
76561197960938832
76561197960938834
76561197960938836
76561197960938837
76561197960938838
76561197960938840
76561197960938842
76561197960938843
76561197960938844
76561197960938846
76561197960938848
76561197960938851
76561197960938852
76561197960938853
76561197960938855
76561197960938856
76561197960938859
76561197960938860
76561197960938862
76561197960938863
76561197960938865
76561197960938866
76561197960938868
76561197960938872
76561197960938873
76561197960938874
76561197960938877
76561197960938878
76561197960938879
76561197960938880
76561197960938881
76561197960938882
76561197960938883
76561197960938884
76561197960938885
76561197960938886
76561197960938887
76561197960938889
76561197960938890
76561197960938891
76561197960938892
76561197960938893
76561197960938894
76561197960938895
76561197960938896
76561197960938898
76561197960938900
76561197960938901
76561197960938902
76561197960938904
76561197960938906
76561197960938910
76561197960938911
76561197960938912
76561197960938913
76561197960938914
76561197960938915
76561197960938916
76561197960938918
76561197960938921
76561197960938924
76561197960938925
76561197960938926
76561197960938928
76561197960938930
76561197960938931
76561197960938932
76561197960938933
76561197960938934
76561197960938935
76561197960938936
76561197960938937
76561197960938938
76561197960938939
76561197960938940
76561197960938941
76561197960938942
76561197960938943
76561197960938944
76561197960938946
76561197960938948
76561197960938952
76561197960938954
76561197960938956
76561197960938957
76561197960938958
76561197960938960
76561197960938961
76561197960938966
76561197960938967
76561197960938968
76561197960938970
76561197960938971
76561197960938972
76561197960938973
76561197960938975
76561197960938976
76561197960938978
76561197960938980
76561197960938981
76561197960938982
76561197960938983
76561197960938984
76561197960938985
76561197960938987
76561197960938988
76561197960938989
76561197960938991
76561197960938992
76561197960938993
76561197960938994
76561197960938995
76561197960938996
76561197960938997
76561197960938998
76561197960938999
76561197960939000
76561197960939002
76561197960939003
76561197960939004
76561197960939005
76561197960939006
76561197960939007
76561197960939009
76561197960939010
76561197960939013
76561197960939014
76561197960939015
76561197960939016
76561197960939017
76561197960939021
76561197960939023
76561197960939024
76561197960939025
76561197960939026
76561197960939028
76561197960939030
76561197960939031
76561197960939032
76561197960939033
76561197960939036
76561197960939038
76561197960939039
76561197960939040
76561197960939041
76561197960939043
76561197960939044
76561197960939045
76561197960939046
76561197960939047
76561197960939048
76561197960939049
76561197960939050
76561197960939051
76561197960939052
76561197960939053
76561197960939054
76561197960939055
76561197960939056
76561197960939057
76561197960939058
76561197960939059
76561197960939060
76561197960939062
76561197960939064
76561197960939065
76561197960939066
76561197960939067
76561197960939071
76561197960939072
76561197960939073
76561197960939074
76561197960939077
76561197960939079
76561197960939080
76561197960939084
76561197960939086
76561197960939088
76561197960939089
76561197960939091
76561197960939092
76561197960939093
76561197960939096
76561197960939098
76561197960939100
76561197960939101
76561197960939102
76561197960939103
76561197960939104
76561197960939105
76561197960939107
76561197960939108
76561197960939113
76561197960939114
76561197960939118
76561197960939119
76561197960939120
76561197960939121
76561197960939123
76561197960939125
76561197960939126
76561197960939127
76561197960939128
76561197960939129
76561197960939131
76561197960939132
76561197960939133
76561197960939134
76561197960939135
76561197960939137
76561197960939139
76561197960939141
76561197960939145
76561197960939147
76561197960939150
76561197960939151
76561197960939152
76561197960939153
76561197960939154
76561197960939155
76561197960939158
76561197960939159
76561197960939164
76561197960939166
76561197960939172
76561197960939176
76561197960939177
76561197960939180
76561197960939181
76561197960939184
76561197960939186
76561197960939189
76561197960939191
76561197960939192
76561197960939194
76561197960939197
76561197960939200
76561197960939201
76561197960939202
76561197960939203
76561197960939204
76561197960939205
76561197960939206
76561197960939207
76561197960939210
76561197960939211
76561197960939212
76561197960939214
76561197960939216
76561197960939217
76561197960939218
76561197960939220
76561197960939223
76561197960939224
76561197960939225
76561197960939226
76561197960939229
76561197960939230
76561197960939234
76561197960939235
76561197960939236
76561197960939238
76561197960939239
76561197960939240
76561197960939241
76561197960939244
76561197960939245
76561197960939246
76561197960939247
76561197960939249
76561197960939250
76561197960939251
76561197960939252
76561197960939253
76561197960939254
76561197960939255
76561197960939257
76561197960939258
76561197960939259
76561197960939260
76561197960939261
76561197960939262
76561197960939264
76561197960939266
76561197960939267
76561197960939268
76561197960939269
76561197960939270
76561197960939273
76561197960939275
76561197960939276
76561197960939278
76561197960939279
