76561197961683010
76561197961683011
76561197961683012
76561197961683014
76561197961683019
76561197961683020
76561197961683022
76561197961683026
76561197961683030
76561197961683031
76561197961683032
76561197961683034
76561197961683036
76561197961683037
76561197961683039
76561197961683043
76561197961683046
76561197961683047
76561197961683048
76561197961683049
76561197961683051
76561197961683052
76561197961683056
76561197961683058
76561197961683060
76561197961683062
76561197961683064
76561197961683065
76561197961683066
76561197961683067
76561197961683072
76561197961683075
76561197961683080
76561197961683083
76561197961683085
76561197961683086
76561197961683087
76561197961683088
76561197961683089
76561197961683093
76561197961683096
76561197961683097
76561197961683098
76561197961683101
76561197961683106
76561197961683108
76561197961683109
76561197961683110
76561197961683112
76561197961683114
76561197961683116
76561197961683117
76561197961683121
76561197961683125
76561197961683126
76561197961683127
76561197961683133
76561197961683134
76561197961683136
76561197961683137
76561197961683138
76561197961683140
76561197961683141
76561197961683144
76561197961683145
76561197961683146
76561197961683147
76561197961683148
76561197961683149
76561197961683152
76561197961683154
76561197961683155
76561197961683156
76561197961683158
76561197961683161
76561197961683162
76561197961683164
76561197961683165
76561197961683168
76561197961683171
76561197961683175
76561197961683176
76561197961683177
76561197961683180
76561197961683182
76561197961683184
76561197961683185
76561197961683187
76561197961683188
76561197961683190
76561197961683193
76561197961683194
76561197961683198
76561197961683200
76561197961683203
76561197961683205
76561197961683212
76561197961683213
76561197961683216
76561197961683219
76561197961683220
76561197961683222
76561197961683231
76561197961683232
76561197961683235
76561197961683236
76561197961683237
76561197961683238
76561197961683239
76561197961683240
76561197961683249
76561197961683250
76561197961683253
76561197961683254
76561197961683255
76561197961683256
76561197961683260
76561197961683263
76561197961683264
76561197961683265
76561197961683266
76561197961683267
76561197961683268
76561197961683274
76561197961683275
76561197961683276
76561197961683281
76561197961683282
76561197961683286
76561197961683291
76561197961683292
76561197961683295
76561197961683296
76561197961683297
76561197961683298
76561197961683299
76561197961683302
76561197961683303
76561197961683305
76561197961683309
76561197961683310
76561197961683311
76561197961683316
76561197961683319
76561197961683321
76561197961683325
76561197961683327
76561197961683328
76561197961683333
76561197961683334
76561197961683336
76561197961683340
76561197961683341
76561197961683342
76561197961683345
76561197961683348
76561197961683352
76561197961683353
76561197961683354
76561197961683357
76561197961683358
76561197961683360
76561197961683361
76561197961683366
76561197961683369
76561197961683375
76561197961683376
76561197961683378
76561197961683380
76561197961683382
76561197961683385
76561197961683395
76561197961683396
76561197961683397
76561197961683398
76561197961683399
76561197961683400
76561197961683402
76561197961683403
76561197961683405
76561197961683406
76561197961683407
76561197961683409
76561197961683410
76561197961683412
76561197961683414
76561197961683415
76561197961683417
76561197961683418
76561197961683419
76561197961683424
76561197961683425
76561197961683428
76561197961683429
76561197961683430
76561197961683431
76561197961683433
76561197961683436
76561197961683437
76561197961683440
76561197961683441
76561197961683444
76561197961683447
76561197961683451
76561197961683453
76561197961683454
76561197961683458
76561197961683460
76561197961683461
76561197961683462
76561197961683463
76561197961683464
76561197961683465
76561197961683468
76561197961683469
76561197961683470
76561197961683474
76561197961683479
76561197961683487
76561197961683489
76561197961683490
76561197961683494
76561197961683495
76561197961683496
76561197961683499
76561197961683502
76561197961683508
76561197961683509
76561197961683510
76561197961683512
76561197961683515
76561197961683517
76561197961683518
76561197961683522
76561197961683524
76561197961683528
76561197961683529
76561197961683530
76561197961683535
76561197961683537
76561197961683540
76561197961683541
76561197961683542
76561197961683544
76561197961683546
76561197961683547
76561197961683548
76561197961683550
76561197961683552
76561197961683553
76561197961683554
76561197961683555
76561197961683559
76561197961683560
76561197961683566
76561197961683568
76561197961683569
76561197961683570
76561197961683571
76561197961683572
76561197961683573
76561197961683574
76561197961683575
76561197961683577
76561197961683579
76561197961683580
76561197961683581
76561197961683582
76561197961683583
76561197961683584
76561197961683585
76561197961683591
76561197961683592
76561197961683594
76561197961683595
76561197961683597
76561197961683598
76561197961683600
76561197961683602
76561197961683603
76561197961683610
76561197961683612
76561197961683616
76561197961683617
76561197961683623
76561197961683627
76561197961683628
76561197961683632
76561197961683634
76561197961683639
76561197961683642
76561197961683643
76561197961683645
76561197961683646
76561197961683648
76561197961683649
76561197961683651
76561197961683653
76561197961683657
76561197961683658
76561197961683660
76561197961683661
76561197961683662
76561197961683665
76561197961683666
76561197961683667
76561197961683671
76561197961683674
76561197961683675
76561197961683676
76561197961683677
76561197961683678
76561197961683679
76561197961683680
76561197961683683
76561197961683685
76561197961683686
76561197961683689
76561197961683690
76561197961683692
76561197961683694
76561197961683695
76561197961683697
76561197961683698
76561197961683699
76561197961683701
76561197961683702
76561197961683707
76561197961683708
76561197961683709
76561197961683710
76561197961683717
76561197961683718
76561197961683720
76561197961683724
76561197961683730
76561197961683732
76561197961683733
76561197961683735
76561197961683742
76561197961683744
76561197961683747
76561197961683750
76561197961683752
76561197961683753
76561197961683754
76561197961683755
76561197961683756
76561197961683757
76561197961683765
76561197961683767
76561197961683771
76561197961683772
76561197961683774
76561197961683775
76561197961683776
76561197961683777
76561197961683778
76561197961683782
76561197961683784
76561197961683787
76561197961683788
76561197961683789
76561197961683790
76561197961683792
76561197961683793
76561197961683795
76561197961683805
76561197961683808
76561197961683810
76561197961683811
76561197961683814
76561197961683815
76561197961683817
76561197961683818
76561197961683823
76561197961683825
76561197961683827
76561197961683829
76561197961683831
76561197961683832
76561197961683839
76561197961683840
76561197961683841
76561197961683842
76561197961683845
76561197961683847
76561197961683848
76561197961683851
76561197961683853
76561197961683854
76561197961683857
76561197961683860
76561197961683862
76561197961683863
76561197961683876
76561197961683877
76561197961683879
76561197961683883
76561197961683888
76561197961683890
76561197961683892
76561197961683893
76561197961683894
76561197961683895
76561197961683899
76561197961683900
76561197961683901
76561197961683902
76561197961683903
76561197961683904
76561197961683906
76561197961683909
76561197961683910
76561197961683912
76561197961683913
76561197961683914
76561197961683915
76561197961683921
76561197961683925
76561197961683926
76561197961683931
76561197961683933
76561197961683934
76561197961683936
76561197961683938
76561197961683939
76561197961683941
76561197961683942
76561197961683945
76561197961683947
76561197961683948
76561197961683949
76561197961683953
76561197961683955
76561197961683959
76561197961683960
76561197961683963
76561197961683967
76561197961683970
76561197961683972
76561197961683975
76561197961683978
76561197961683980
76561197961683982
76561197961683983
76561197961683985
76561197961683989
76561197961683993
76561197961683996
76561197961683999
76561197961684001
76561197961684003
76561197961684005
76561197961684006
76561197961684008
76561197961684010
76561197961684015
76561197961684016
76561197961684018
76561197961684020
76561197961684024
76561197961684025
76561197961684027
76561197961684029
76561197961684031
76561197961684034
76561197961684035
76561197961684036
76561197961684039
76561197961684047
76561197961684050
76561197961684051
76561197961684054
76561197961684055
76561197961684058
76561197961684059
76561197961684062
76561197961684063
76561197961684065
76561197961684068
76561197961684077
76561197961684081
76561197961684083
76561197961684084
76561197961684092
76561197961684094
76561197961684095
76561197961684096
76561197961684099
76561197961684100
76561197961684102
76561197961684103
76561197961684104
76561197961684105
76561197961684106
76561197961684107
76561197961684111
76561197961684112
76561197961684113
76561197961684114
76561197961684115
76561197961684119
76561197961684122
76561197961684125
76561197961684126
76561197961684127
76561197961684129
76561197961684130
76561197961684132
76561197961684134
76561197961684135
76561197961684140
76561197961684143
76561197961684145
76561197961684146
76561197961684148
76561197961684151
76561197961684152
76561197961684155
76561197961684156
76561197961684159
76561197961684161
76561197961684162
76561197961684163
76561197961684166
76561197961684167
76561197961684171
76561197961684172
76561197961684173
76561197961684177
76561197961684179
76561197961684180
76561197961684181
76561197961684182
76561197961684183
76561197961684184
76561197961684185
76561197961684191
76561197961684193
76561197961684195
76561197961684196
76561197961684201
76561197961684202
76561197961684203
76561197961684207
76561197961684209
76561197961684210
76561197961684212
76561197961684213
76561197961684214
76561197961684215
76561197961684217
76561197961684218
76561197961684219
76561197961684221
76561197961684222
76561197961684224
76561197961684225
76561197961684230
76561197961684231
76561197961684232
76561197961684233
76561197961684237
76561197961684238
76561197961684241
76561197961684242
76561197961684245
76561197961684250
76561197961684251
76561197961684253
76561197961684255
76561197961684258
76561197961684260
76561197961684262
76561197961684264
76561197961684266
76561197961684268
76561197961684270
76561197961684273
76561197961684274
76561197961684280
76561197961684283
76561197961684286
76561197961684287
76561197961684290
76561197961684292
76561197961684294
76561197961684297
76561197961684298
76561197961684300
76561197961684301
76561197961684302
76561197961684303
76561197961684305
76561197961684307
76561197961684308
76561197961684310
76561197961684312
76561197961684314
76561197961684315
76561197961684317
76561197961684318
76561197961684319
76561197961684322
76561197961684324
76561197961684326
76561197961684327
76561197961684329
76561197961684331
76561197961684340
76561197961684342
76561197961684343
76561197961684345
76561197961684347
76561197961684355
76561197961684357
76561197961684363
76561197961684364
76561197961684366
76561197961684368
76561197961684369
76561197961684371
76561197961684372
76561197961684374
76561197961684377
76561197961684378
76561197961684380
76561197961684381
76561197961684383
76561197961684386
76561197961684389
76561197961684392
76561197961684396
76561197961684398
76561197961684400
76561197961684403
76561197961684404
76561197961684405
76561197961684407
76561197961684408
76561197961684409
76561197961684413
76561197961684414
76561197961684415
76561197961684419
76561197961684423
76561197961684427
76561197961684432
76561197961684433
76561197961684434
76561197961684435
76561197961684436
76561197961684438
76561197961684439
76561197961684441
76561197961684442
76561197961684443
76561197961684452
76561197961684454
76561197961684455
76561197961684457
76561197961684459
76561197961684460
76561197961684467
76561197961684468
76561197961684469
76561197961684470
76561197961684474
76561197961684476
76561197961684480
76561197961684483
76561197961684489
76561197961684491
76561197961684493
76561197961684495
76561197961684497
76561197961684498
76561197961684502
76561197961684504
76561197961684506
76561197961684507
76561197961684508
76561197961684510
76561197961684511
76561197961684512
76561197961684513
76561197961684516
76561197961684518
76561197961684519
76561197961684520
76561197961684521
76561197961684526
76561197961684527
76561197961684529
76561197961684532
76561197961684533
76561197961684534
76561197961684539
76561197961684540
76561197961684541
76561197961684542
76561197961684543
76561197961684544
76561197961684545
76561197961684546
76561197961684547
76561197961684549
76561197961684550
76561197961684553
76561197961684555
76561197961684558
76561197961684561
76561197961684562
76561197961684563
76561197961684564
76561197961684565
76561197961684566
76561197961684568
76561197961684569
76561197961684574
76561197961684576
76561197961684577
76561197961684578
76561197961684581
76561197961684582
76561197961684584
76561197961684586
76561197961684588
76561197961684591
76561197961684596
76561197961684597
76561197961684599
76561197961684600
76561197961684605
76561197961684608
76561197961684609
76561197961684611
76561197961684612
76561197961684614
76561197961684615
76561197961684619
76561197961684621
76561197961684623
76561197961684627
76561197961684629
76561197961684631
76561197961684633
76561197961684634
76561197961684635
76561197961684637
76561197961684638
76561197961684639
76561197961684640
76561197961684647
76561197961684650
76561197961684652
76561197961684654
76561197961684655
76561197961684656
76561197961684657
76561197961684658
76561197961684659
76561197961684660
76561197961684661
76561197961684662
76561197961684664
76561197961684665
76561197961684667
76561197961684669
76561197961684671
76561197961684673
76561197961684674
76561197961684677
76561197961684678
76561197961684679
76561197961684680
76561197961684686
76561197961684688
76561197961684689
76561197961684690
76561197961684691
76561197961684692
76561197961684694
76561197961684702
76561197961684703
76561197961684705
76561197961684707
76561197961684709
76561197961684711
76561197961684713
76561197961684714
76561197961684715
76561197961684717
76561197961684719
76561197961684720
76561197961684721
76561197961684723
76561197961684724
76561197961684728
76561197961684729
76561197961684730
76561197961684731
76561197961684732
76561197961684733
76561197961684738
76561197961684745
76561197961684748
76561197961684751
76561197961684752
76561197961684753
76561197961684762
76561197961684768
76561197961684770
76561197961684772
76561197961684774
76561197961684775
76561197961684776
76561197961684777
76561197961684779
76561197961684780
76561197961684781
76561197961684782
76561197961684783
76561197961684784
76561197961684785
76561197961684788
76561197961684789
76561197961684790
76561197961684792
76561197961684793
76561197961684797
76561197961684798
76561197961684802
76561197961684803
76561197961684806
76561197961684807
76561197961684808
76561197961684812
76561197961684814
76561197961684815
76561197961684816
76561197961684817
76561197961684819
76561197961684820
76561197961684821
76561197961684822
76561197961684824
76561197961684825
76561197961684826
76561197961684830
76561197961684831
76561197961684836
76561197961684838
76561197961684840
76561197961684842
76561197961684846
76561197961684848
76561197961684849
76561197961684851
76561197961684852
76561197961684856
76561197961684857
76561197961684858
76561197961684859
76561197961684861
76561197961684862
76561197961684864
76561197961684865
76561197961684869
76561197961684870
76561197961684873
76561197961684874
76561197961684875
76561197961684878
76561197961684879
76561197961684881
76561197961684883
76561197961684885
76561197961684886
76561197961684890
76561197961684891
76561197961684895
76561197961684899
76561197961684900
76561197961684904
76561197961684909
76561197961684910
76561197961684911
76561197961684913
76561197961684915
76561197961684918
76561197961684920
76561197961684922
76561197961684923
76561197961684924
76561197961684930
76561197961684935
76561197961684937
76561197961684940
76561197961684941
76561197961684944
76561197961684945
76561197961684946
76561197961684947
76561197961684948
76561197961684951
76561197961684952
76561197961684953
76561197961684955
76561197961684957
76561197961684958
76561197961684959
76561197961684964
76561197961684965
76561197961684968
76561197961684972
76561197961684974
76561197961684975
76561197961684978
76561197961684979
76561197961684980
76561197961684981
76561197961684982
76561197961684983
76561197961684986
76561197961684987
76561197961684990
76561197961684998
76561197961684999
76561197961685000
76561197961685001
76561197961685002
76561197961685003
76561197961685005
76561197961685009
76561197961685010
76561197961685012
76561197961685013
76561197961685016
76561197961685017
76561197961685020
76561197961685021
76561197961685023
76561197961685025
76561197961685028
76561197961685029
76561197961685031
76561197961685033
76561197961685034
76561197961685038
76561197961685040
76561197961685041
76561197961685042
76561197961685044
76561197961685046
76561197961685047
76561197961685048
76561197961685050
76561197961685056
76561197961685059
76561197961685062
76561197961685065
76561197961685066
76561197961685068
76561197961685069
76561197961685070
76561197961685073
76561197961685074
76561197961685076
76561197961685080
76561197961685084
76561197961685085
76561197961685087
76561197961685088
76561197961685091
76561197961685093
76561197961685095
76561197961685096
76561197961685097
76561197961685098
76561197961685099
76561197961685100
76561197961685101
76561197961685102
76561197961685105
76561197961685106
76561197961685107
76561197961685108
76561197961685109
76561197961685110
76561197961685112
76561197961685113
76561197961685122
76561197961685123
76561197961685127
76561197961685129
76561197961685133
76561197961685134
76561197961685141
