76561197961497135
76561197961497136
76561197961497137
76561197961497138
76561197961497139
76561197961497141
76561197961497143
76561197961497145
76561197961497147
76561197961497151
76561197961497153
76561197961497155
76561197961497159
76561197961497161
76561197961497165
76561197961497171
76561197961497177
76561197961497183
76561197961497187
76561197961497195
76561197961497197
76561197961497207
76561197961497209
76561197961497211
76561197961497217
76561197961497223
76561197961497227
76561197961497239
76561197961497241
76561197961497245
76561197961497247
76561197961497249
76561197961497251
76561197961497253
76561197961497255
76561197961497257
76561197961497259
76561197961497261
76561197961497265
76561197961497267
76561197961497269
76561197961497271
76561197961497275
76561197961497281
76561197961497283
76561197961497285
76561197961497287
76561197961497291
76561197961497293
76561197961497299
76561197961497303
76561197961497305
76561197961497307
76561197961497309
76561197961497313
76561197961497317
76561197961497321
76561197961497323
76561197961497325
76561197961497327
76561197961497335
76561197961497343
76561197961497355
76561197961497357
76561197961497359
76561197961497361
76561197961497363
76561197961497373
76561197961497375
76561197961497377
76561197961497379
76561197961497385
76561197961497389
76561197961497391
76561197961497393
76561197961497399
76561197961497401
76561197961497407
76561197961497413
76561197961497415
76561197961497427
76561197961497433
76561197961497437
76561197961497439
76561197961497441
76561197961497447
76561197961497449
76561197961497453
76561197961497457
76561197961497459
76561197961497463
76561197961497465
76561197961497469
76561197961497473
76561197961497475
76561197961497479
76561197961497483
76561197961497485
76561197961497489
76561197961497495
76561197961497499
76561197961497501
76561197961497503
76561197961497507
76561197961497509
76561197961497517
76561197961497521
76561197961497523
76561197961497525
76561197961497529
76561197961497531
76561197961497533
76561197961497541
76561197961497543
76561197961497547
76561197961497553
76561197961497561
76561197961497567
76561197961497573
76561197961497575
76561197961497577
76561197961497579
76561197961497583
76561197961497585
76561197961497589
76561197961497593
76561197961497597
76561197961497605
76561197961497607
76561197961497609
76561197961497617
76561197961497623
76561197961497625
76561197961497627
76561197961497629
76561197961497631
76561197961497635
76561197961497639
76561197961497641
76561197961497643
76561197961497649
76561197961497651
76561197961497655
76561197961497657
76561197961497661
76561197961497663
76561197961497667
76561197961497671
76561197961497673
76561197961497675
76561197961497677
76561197961497681
76561197961497683
76561197961497685
76561197961497691
76561197961497693
76561197961497695
76561197961497699
76561197961497703
76561197961497705
76561197961497711
76561197961497713
76561197961497715
76561197961497717
76561197961497721
76561197961497723
76561197961497725
76561197961497727
76561197961497729
76561197961497731
76561197961497733
76561197961497735
76561197961497737
76561197961497741
76561197961497743
76561197961497745
76561197961497747
76561197961497753
76561197961497755
76561197961497763
76561197961497765
76561197961497767
76561197961497769
76561197961497771
76561197961497773
76561197961497777
76561197961497781
76561197961497785
76561197961497787
76561197961497789
76561197961497791
76561197961497793
76561197961497795
76561197961497797
76561197961497799
76561197961497801
76561197961497803
76561197961497809
76561197961497811
76561197961497813
76561197961497817
76561197961497819
76561197961497821
76561197961497831
76561197961497833
76561197961497835
76561197961497837
76561197961497839
76561197961497841
76561197961497847
76561197961497849
76561197961497859
76561197961497863
76561197961497865
76561197961497867
76561197961497869
76561197961497873
76561197961497875
76561197961497877
76561197961497879
76561197961497881
76561197961497883
76561197961497887
76561197961497889
76561197961497893
76561197961497895
76561197961497897
76561197961497901
76561197961497903
76561197961497905
76561197961497909
76561197961497911
76561197961497923
76561197961497925
76561197961497927
76561197961497931
76561197961497933
76561197961497935
76561197961497941
76561197961497943
76561197961497945
76561197961497949
76561197961497951
76561197961497953
76561197961497955
76561197961497957
76561197961497959
76561197961497961
76561197961497963
76561197961497965
76561197961497967
76561197961497973
76561197961497977
76561197961497979
76561197961497981
76561197961497993
76561197961497995
76561197961498001
76561197961498003
76561197961498007
76561197961498009
76561197961498011
76561197961498015
76561197961498017
76561197961498019
76561197961498025
76561197961498027
76561197961498033
76561197961498035
76561197961498037
76561197961498043
76561197961498051
76561197961498053
76561197961498057
76561197961498059
76561197961498063
76561197961498065
76561197961498069
76561197961498071
76561197961498075
76561197961498077
76561197961498079
76561197961498087
76561197961498093
76561197961498095
76561197961498099
76561197961498103
76561197961498105
76561197961498113
76561197961498115
76561197961498117
76561197961498125
76561197961498127
76561197961498129
76561197961498131
76561197961498137
76561197961498139
76561197961498141
76561197961498145
76561197961498147
76561197961498151
76561197961498153
76561197961498155
76561197961498159
76561197961498161
76561197961498163
76561197961498167
76561197961498171
76561197961498173
76561197961498175
76561197961498177
76561197961498185
76561197961498187
76561197961498191
76561197961498193
76561197961498195
76561197961498197
76561197961498203
76561197961498207
76561197961498209
76561197961498213
76561197961498217
76561197961498229
76561197961498233
76561197961498235
76561197961498237
76561197961498241
76561197961498247
76561197961498249
76561197961498255
76561197961498257
76561197961498263
76561197961498265
76561197961498267
76561197961498269
76561197961498271
76561197961498275
76561197961498279
76561197961498283
76561197961498285
76561197961498287
76561197961498291
76561197961498297
76561197961498301
76561197961498303
76561197961498309
76561197961498311
76561197961498315
76561197961498319
76561197961498321
76561197961498325
76561197961498329
76561197961498331
76561197961498339
76561197961498341
76561197961498343
76561197961498347
76561197961498353
76561197961498355
76561197961498357
76561197961498359
76561197961498363
76561197961498365
76561197961498371
76561197961498375
76561197961498379
76561197961498385
76561197961498387
76561197961498389
76561197961498393
76561197961498395
76561197961498399
76561197961498407
76561197961498411
76561197961498413
76561197961498417
76561197961498419
76561197961498427
76561197961498433
76561197961498441
76561197961498443
76561197961498447
76561197961498449
76561197961498451
76561197961498453
76561197961498461
76561197961498463
76561197961498469
76561197961498471
76561197961498473
76561197961498475
76561197961498481
76561197961498483
76561197961498485
76561197961498487
76561197961498489
76561197961498491
76561197961498493
76561197961498495
76561197961498497
76561197961498501
76561197961498503
76561197961498505
76561197961498507
76561197961498511
76561197961498515
76561197961498519
76561197961498525
76561197961498527
76561197961498529
76561197961498531
76561197961498541
76561197961498543
76561197961498545
76561197961498547
76561197961498549
76561197961498553
76561197961498563
76561197961498567
76561197961498569
76561197961498571
76561197961498573
76561197961498575
76561197961498577
76561197961498583
76561197961498585
76561197961498595
76561197961498601
76561197961498607
76561197961498609
76561197961498611
76561197961498613
76561197961498615
76561197961498619
76561197961498621
76561197961498623
76561197961498629
76561197961498631
76561197961498633
76561197961498635
76561197961498637
76561197961498641
76561197961498645
76561197961498647
76561197961498649
76561197961498657
76561197961498659
76561197961498661
76561197961498669
76561197961498671
76561197961498673
76561197961498675
76561197961498677
76561197961498681
76561197961498683
76561197961498685
76561197961498687
76561197961498689
76561197961498691
76561197961498695
76561197961498699
76561197961498701
76561197961498705
76561197961498711
76561197961498713
76561197961498715
76561197961498717
76561197961498719
76561197961498721
76561197961498723
76561197961498725
76561197961498727
76561197961498731
76561197961498735
76561197961498741
76561197961498745
76561197961498749
76561197961498757
76561197961498759
76561197961498761
76561197961498765
76561197961498767
76561197961498769
76561197961498773
76561197961498777
76561197961498779
76561197961498781
76561197961498783
76561197961498785
76561197961498789
76561197961498793
76561197961498795
76561197961498797
76561197961498799
76561197961498807
76561197961498811
76561197961498813
76561197961498815
76561197961498817
76561197961498821
76561197961498823
76561197961498829
76561197961498831
76561197961498833
76561197961498835
76561197961498837
76561197961498839
76561197961498841
76561197961498843
76561197961498847
76561197961498849
76561197961498855
76561197961498863
76561197961498869
76561197961498871
76561197961498875
76561197961498883
76561197961498885
76561197961498887
76561197961498889
76561197961498891
76561197961498893
76561197961498895
76561197961498897
76561197961498901
76561197961498905
76561197961498907
76561197961498913
76561197961498917
76561197961498919
76561197961498921
76561197961498923
76561197961498925
76561197961498927
76561197961498931
76561197961498941
76561197961498943
76561197961498949
76561197961498951
76561197961498953
76561197961498955
76561197961498961
76561197961498965
76561197961498967
76561197961498971
76561197961498973
76561197961498975
76561197961498977
76561197961498979
76561197961498981
76561197961498983
76561197961498985
76561197961498987
76561197961498993
76561197961498995
76561197961498997
76561197961499001
76561197961499003
76561197961499005
76561197961499007
76561197961499011
76561197961499013
76561197961499017
76561197961499019
76561197961499021
76561197961499023
76561197961499025
76561197961499030
76561197961499031
76561197961499032
76561197961499033
76561197961499038
76561197961499041
76561197961499045
76561197961499047
76561197961499048
76561197961499051
76561197961499055
76561197961499057
76561197961499060
76561197961499061
76561197961499064
76561197961499067
76561197961499069
76561197961499070
76561197961499075
76561197961499077
76561197961499079
76561197961499081
76561197961499083
76561197961499089
76561197961499095
76561197961499097
76561197961499099
76561197961499101
76561197961499103
76561197961499107
76561197961499109
76561197961499111
76561197961499113
76561197961499115
76561197961499119
76561197961499121
76561197961499125
76561197961499129
76561197961499133
76561197961499137
76561197961499139
76561197961499145
76561197961499147
76561197961499149
76561197961499151
76561197961499153
76561197961499155
76561197961499157
76561197961499165
76561197961499169
76561197961499171
76561197961499177
76561197961499179
76561197961499181
76561197961499183
76561197961499185
76561197961499187
76561197961499189
76561197961499193
76561197961499195
76561197961499201
76561197961499203
76561197961499207
76561197961499209
76561197961499213
76561197961499217
76561197961499219
76561197961499221
76561197961499223
76561197961499235
76561197961499241
76561197961499243
76561197961499253
76561197961499255
76561197961499257
76561197961499261
76561197961499265
76561197961499269
76561197961499271
76561197961499275
76561197961499277
76561197961499279
76561197961499281
76561197961499285
76561197961499287
76561197961499289
76561197961499291
76561197961499293
76561197961499295
76561197961499299
76561197961499301
76561197961499303
76561197961499305
76561197961499311
76561197961499313
76561197961499315
76561197961499317
76561197961499319
76561197961499321
76561197961499323
76561197961499325
76561197961499335
76561197961499339
76561197961499341
76561197961499345
76561197961499353
76561197961499357
76561197961499361
76561197961499363
76561197961499365
76561197961499371
76561197961499373
76561197961499375
76561197961499377
76561197961499383
76561197961499391
76561197961499393
76561197961499395
76561197961499397
76561197961499399
76561197961499401
76561197961499403
76561197961499407
76561197961499409
76561197961499411
76561197961499413
76561197961499415
76561197961499417
76561197961499421
76561197961499431
76561197961499437
76561197961499439
76561197961499443
76561197961499447
76561197961499449
76561197961499453
76561197961499457
76561197961499461
76561197961499463
76561197961499465
76561197961499467
76561197961499469
76561197961499471
76561197961499473
76561197961499477
76561197961499481
76561197961499483
76561197961499487
76561197961499491
76561197961499497
76561197961499501
76561197961499505
76561197961499509
76561197961499511
76561197961499515
76561197961499519
76561197961499521
76561197961499523
76561197961499525
76561197961499527
76561197961499531
76561197961499537
76561197961499539
76561197961499545
76561197961499547
76561197961499553
76561197961499555
76561197961499563
76561197961499571
76561197961499581
76561197961499583
76561197961499585
76561197961499591
76561197961499599
76561197961499603
76561197961499611
76561197961499617
76561197961499621
76561197961499627
76561197961499631
76561197961499633
76561197961499635
76561197961499637
76561197961499639
76561197961499643
76561197961499647
76561197961499649
76561197961499651
76561197961499653
76561197961499657
76561197961499659
76561197961499661
76561197961499665
76561197961499667
76561197961499679
76561197961499681
76561197961499683
76561197961499687
76561197961499689
76561197961499693
76561197961499697
76561197961499699
76561197961499707
76561197961499717
76561197961499719
76561197961499721
76561197961499723
76561197961499729
76561197961499731
76561197961499735
76561197961499739
76561197961499741
76561197961499743
76561197961499747
76561197961499749
76561197961499753
76561197961499757
76561197961499759
76561197961499761
76561197961499763
76561197961499769
76561197961499773
76561197961499781
76561197961499783
76561197961499785
76561197961499787
76561197961499789
76561197961499791
76561197961499805
76561197961499811
76561197961499817
76561197961499823
76561197961499825
76561197961499829
76561197961499833
76561197961499839
76561197961499843
76561197961499847
76561197961499849
76561197961499851
76561197961499853
76561197961499855
76561197961499859
76561197961499865
76561197961499871
76561197961499877
76561197961499879
76561197961499881
76561197961499885
76561197961499889
76561197961499891
76561197961499897
76561197961499901
76561197961499903
76561197961499905
76561197961499907
76561197961499915
76561197961499917
76561197961499919
76561197961499921
76561197961499923
76561197961499925
76561197961499927
76561197961499929
76561197961499935
76561197961499939
76561197961499945
76561197961499951
76561197961499953
76561197961499955
76561197961499957
76561197961499959
76561197961499961
76561197961499963
76561197961499965
76561197961499967
76561197961499969
76561197961499971
76561197961499973
76561197961499975
76561197961499977
76561197961499979
76561197961499981
76561197961499983
76561197961499987
76561197961499989
76561197961499993
76561197961499995
76561197961499997
76561197961499999
76561197961500003
76561197961500005
76561197961500007
76561197961500011
76561197961500013
76561197961500015
76561197961500017
76561197961500019
76561197961500021
76561197961500025
76561197961500027
76561197961500043
76561197961500051
76561197961500055
76561197961500057
76561197961500059
76561197961500061
76561197961500069
76561197961500073
76561197961500077
76561197961500083
76561197961500085
76561197961500087
76561197961500093
76561197961500095
76561197961500097
76561197961500103
76561197961500105
76561197961500109
76561197961500111
76561197961500113
76561197961500117
76561197961500125
76561197961500127
76561197961500131
76561197961500133
76561197961500137
76561197961500139
76561197961500141
76561197961500149
76561197961500151
76561197961500159
76561197961500161
76561197961500163
76561197961500167
76561197961500169
76561197961500177
76561197961500179
76561197961500183
76561197961500187
76561197961500191
76561197961500195
76561197961500197
76561197961500199
76561197961500201
76561197961500203
76561197961500205
76561197961500217
76561197961500219
76561197961500221
76561197961500223
76561197961500229
76561197961500231
76561197961500233
76561197961500235
76561197961500237
76561197961500239
76561197961500243
76561197961500253
76561197961500255
76561197961500257
76561197961500259
76561197961500263
76561197961500265
76561197961500269
76561197961500275
76561197961500279
76561197961500281
76561197961500283
76561197961500285
76561197961500291
76561197961500297
76561197961500299
76561197961500301
76561197961500303
76561197961500305
76561197961500307
76561197961500315
76561197961500319
76561197961500325
76561197961500329
76561197961500331
76561197961500335
76561197961500337
76561197961500347
76561197961500349
76561197961500351
76561197961500353
76561197961500359
76561197961500361
76561197961500363
76561197961500367
76561197961500373
76561197961500375
76561197961500383
76561197961500395
76561197961500397
76561197961500399
76561197961500403
76561197961500407
76561197961500413
76561197961500415
76561197961500417
76561197961500419
76561197961500423
76561197961500429
76561197961500431
76561197961500433
76561197961500435
76561197961500437
76561197961500441
76561197961500443
76561197961500445
76561197961500447
76561197961500449
76561197961500451
76561197961500453
76561197961500457
76561197961500459
76561197961500461
76561197961500467
76561197961500469
76561197961500475
76561197961500477
76561197961500483
76561197961500487
76561197961500489
76561197961500491
76561197961500493
76561197961500497
76561197961500499
76561197961500501
76561197961500505
