76561197961909524
76561197961909528
76561197961909533
76561197961909534
76561197961909535
76561197961909537
76561197961909539
76561197961909541
76561197961909542
76561197961909546
76561197961909547
76561197961909549
76561197961909551
76561197961909553
76561197961909555
76561197961909556
76561197961909557
76561197961909559
76561197961909562
76561197961909564
76561197961909566
76561197961909568
76561197961909569
76561197961909575
76561197961909576
76561197961909581
76561197961909583
76561197961909584
76561197961909586
76561197961909587
76561197961909588
76561197961909589
76561197961909592
76561197961909593
76561197961909594
76561197961909595
76561197961909596
76561197961909599
76561197961909601
76561197961909602
76561197961909603
76561197961909605
76561197961909607
76561197961909614
76561197961909617
76561197961909618
76561197961909619
76561197961909620
76561197961909621
76561197961909624
76561197961909627
76561197961909629
76561197961909633
76561197961909636
76561197961909642
76561197961909643
76561197961909645
76561197961909647
76561197961909649
76561197961909650
76561197961909654
76561197961909656
76561197961909658
76561197961909661
76561197961909662
76561197961909663
76561197961909665
76561197961909666
76561197961909667
76561197961909669
76561197961909670
76561197961909671
76561197961909673
76561197961909677
76561197961909684
76561197961909685
76561197961909687
76561197961909689
76561197961909691
76561197961909692
76561197961909693
76561197961909695
76561197961909697
76561197961909698
76561197961909699
76561197961909700
76561197961909701
76561197961909707
76561197961909709
76561197961909711
76561197961909712
76561197961909713
76561197961909717
76561197961909718
76561197961909720
76561197961909723
76561197961909725
76561197961909726
76561197961909727
76561197961909731
76561197961909733
76561197961909735
76561197961909736
76561197961909739
76561197961909741
76561197961909742
76561197961909743
76561197961909747
76561197961909752
76561197961909753
76561197961909755
76561197961909756
76561197961909757
76561197961909758
76561197961909759
76561197961909761
76561197961909762
76561197961909763
76561197961909764
76561197961909765
76561197961909767
76561197961909775
76561197961909776
76561197961909777
76561197961909779
76561197961909780
76561197961909783
76561197961909790
76561197961909791
76561197961909792
76561197961909793
76561197961909795
76561197961909799
76561197961909800
76561197961909801
76561197961909803
76561197961909804
76561197961909805
76561197961909806
76561197961909807
76561197961909811
76561197961909812
76561197961909818
76561197961909819
76561197961909821
76561197961909823
76561197961909825
76561197961909828
76561197961909830
76561197961909831
76561197961909833
76561197961909834
76561197961909835
76561197961909837
76561197961909838
76561197961909839
76561197961909840
76561197961909843
76561197961909846
76561197961909847
76561197961909848
76561197961909850
76561197961909852
76561197961909859
76561197961909860
76561197961909861
76561197961909863
76561197961909865
76561197961909868
76561197961909869
76561197961909870
76561197961909873
76561197961909875
76561197961909876
76561197961909877
76561197961909879
76561197961909880
76561197961909882
76561197961909884
76561197961909885
76561197961909887
76561197961909888
76561197961909889
76561197961909890
76561197961909891
76561197961909892
76561197961909893
76561197961909895
76561197961909899
76561197961909901
76561197961909904
76561197961909906
76561197961909915
76561197961909917
76561197961909920
76561197961909921
76561197961909922
76561197961909923
76561197961909924
76561197961909925
76561197961909927
76561197961909929
76561197961909935
76561197961909937
76561197961909938
76561197961909946
76561197961909948
76561197961909954
76561197961909956
76561197961909957
76561197961909958
76561197961909959
76561197961909960
76561197961909961
76561197961909962
76561197961909965
76561197961909966
76561197961909968
76561197961909969
76561197961909971
76561197961909972
76561197961909975
76561197961909978
76561197961909979
76561197961909980
76561197961909981
76561197961909986
76561197961909993
76561197961909994
76561197961909996
76561197961910004
76561197961910005
76561197961910009
76561197961910010
76561197961910013
76561197961910017
76561197961910019
76561197961910029
76561197961910031
76561197961910034
76561197961910035
76561197961910039
76561197961910042
76561197961910043
76561197961910047
76561197961910051
76561197961910053
76561197961910055
76561197961910056
76561197961910057
76561197961910058
76561197961910059
76561197961910061
76561197961910063
76561197961910064
76561197961910065
76561197961910067
76561197961910071
76561197961910081
76561197961910083
76561197961910084
76561197961910085
76561197961910086
76561197961910087
76561197961910090
76561197961910093
76561197961910094
76561197961910097
76561197961910098
76561197961910099
76561197961910102
76561197961910103
76561197961910104
76561197961910107
76561197961910109
76561197961910111
76561197961910115
76561197961910116
76561197961910117
76561197961910123
76561197961910124
76561197961910125
76561197961910126
76561197961910129
76561197961910133
76561197961910139
76561197961910143
76561197961910144
76561197961910146
76561197961910147
76561197961910149
76561197961910151
76561197961910153
76561197961910154
76561197961910159
76561197961910161
76561197961910163
76561197961910165
76561197961910166
76561197961910167
76561197961910168
76561197961910169
76561197961910170
76561197961910171
76561197961910176
76561197961910181
76561197961910185
76561197961910186
76561197961910187
76561197961910189
76561197961910191
76561197961910192
76561197961910195
76561197961910202
76561197961910203
76561197961910206
76561197961910212
76561197961910219
76561197961910223
76561197961910225
76561197961910227
76561197961910231
76561197961910235
76561197961910236
76561197961910245
76561197961910248
76561197961910249
76561197961910252
76561197961910253
76561197961910257
76561197961910259
76561197961910263
76561197961910265
76561197961910266
76561197961910269
76561197961910273
76561197961910274
76561197961910275
76561197961910278
76561197961910284
76561197961910285
76561197961910287
76561197961910289
76561197961910290
76561197961910291
76561197961910293
76561197961910294
76561197961910295
76561197961910297
76561197961910298
76561197961910299
76561197961910304
76561197961910307
76561197961910309
76561197961910311
76561197961910312
76561197961910317
76561197961910324
76561197961910325
76561197961910328
76561197961910331
76561197961910332
76561197961910334
76561197961910337
76561197961910338
76561197961910339
76561197961910340
76561197961910344
76561197961910345
76561197961910346
76561197961910349
76561197961910351
76561197961910352
76561197961910353
76561197961910356
76561197961910357
76561197961910361
76561197961910367
76561197961910368
76561197961910369
76561197961910373
76561197961910377
76561197961910378
76561197961910379
76561197961910380
76561197961910381
76561197961910387
76561197961910389
76561197961910394
76561197961910399
76561197961910401
76561197961910402
76561197961910403
76561197961910406
76561197961910407
76561197961910411
76561197961910412
76561197961910413
76561197961910414
76561197961910420
76561197961910423
76561197961910425
76561197961910428
76561197961910429
76561197961910430
76561197961910431
76561197961910435
76561197961910437
76561197961910439
76561197961910440
76561197961910444
76561197961910445
76561197961910446
76561197961910448
76561197961910449
76561197961910452
76561197961910454
76561197961910455
76561197961910457
76561197961910459
76561197961910462
76561197961910463
76561197961910465
76561197961910466
76561197961910469
76561197961910471
76561197961910473
76561197961910477
76561197961910478
76561197961910479
76561197961910487
76561197961910488
76561197961910489
76561197961910491
76561197961910501
76561197961910502
76561197961910503
76561197961910507
76561197961910509
76561197961910511
76561197961910513
76561197961910516
76561197961910517
76561197961910519
76561197961910520
76561197961910522
76561197961910523
76561197961910525
76561197961910534
76561197961910535
76561197961910537
76561197961910538
76561197961910544
76561197961910545
76561197961910547
76561197961910548
76561197961910553
76561197961910554
76561197961910555
76561197961910556
76561197961910558
76561197961910559
76561197961910560
76561197961910562
76561197961910564
76561197961910565
76561197961910567
76561197961910568
76561197961910573
76561197961910575
76561197961910579
76561197961910582
76561197961910584
76561197961910585
76561197961910587
76561197961910590
76561197961910593
76561197961910599
76561197961910601
76561197961910602
76561197961910604
76561197961910606
76561197961910607
76561197961910608
76561197961910611
76561197961910615
76561197961910617
76561197961910618
76561197961910621
76561197961910625
76561197961910627
76561197961910629
76561197961910637
76561197961910638
76561197961910639
76561197961910640
76561197961910641
76561197961910653
76561197961910654
76561197961910655
76561197961910658
76561197961910661
76561197961910668
76561197961910669
76561197961910670
76561197961910671
76561197961910677
76561197961910683
76561197961910686
76561197961910690
76561197961910691
76561197961910692
76561197961910693
76561197961910695
76561197961910697
76561197961910699
76561197961910701
76561197961910702
76561197961910706
76561197961910709
76561197961910711
76561197961910713
76561197961910714
76561197961910715
76561197961910717
76561197961910719
76561197961910720
76561197961910732
76561197961910733
76561197961910735
76561197961910737
76561197961910742
76561197961910743
76561197961910747
76561197961910749
76561197961910751
76561197961910754
76561197961910759
76561197961910760
76561197961910764
76561197961910766
76561197961910769
76561197961910770
76561197961910778
76561197961910779
76561197961910781
76561197961910783
76561197961910785
76561197961910786
76561197961910788
76561197961910790
76561197961910793
76561197961910799
76561197961910801
76561197961910803
76561197961910805
76561197961910808
76561197961910811
76561197961910812
76561197961910813
76561197961910816
76561197961910819
76561197961910821
76561197961910823
76561197961910825
76561197961910827
76561197961910828
76561197961910830
76561197961910835
76561197961910838
76561197961910840
76561197961910843
76561197961910844
76561197961910845
76561197961910846
76561197961910847
76561197961910853
76561197961910859
76561197961910860
76561197961910861
76561197961910863
76561197961910871
76561197961910875
76561197961910878
76561197961910879
76561197961910882
76561197961910885
76561197961910886
76561197961910887
76561197961910891
76561197961910892
76561197961910893
76561197961910894
76561197961910895
76561197961910897
76561197961910898
76561197961910901
76561197961910902
76561197961910903
76561197961910905
76561197961910907
76561197961910910
76561197961910911
76561197961910912
76561197961910914
76561197961910921
76561197961910922
76561197961910926
76561197961910927
76561197961910928
76561197961910933
76561197961910934
76561197961910936
76561197961910941
76561197961910943
76561197961910946
76561197961910947
76561197961910950
76561197961910951
76561197961910952
76561197961910955
76561197961910957
76561197961910967
76561197961910968
76561197961910969
76561197961910970
76561197961910973
76561197961910975
76561197961910976
76561197961910977
76561197961910981
76561197961910984
76561197961910985
76561197961910986
76561197961910987
76561197961910988
76561197961910989
76561197961910990
76561197961910991
76561197961910992
76561197961910997
76561197961910999
76561197961911005
76561197961911008
76561197961911009
76561197961911013
76561197961911019
76561197961911024
76561197961911025
76561197961911027
76561197961911031
76561197961911034
76561197961911035
76561197961911037
76561197961911039
76561197961911042
76561197961911043
76561197961911044
76561197961911046
76561197961911047
76561197961911050
76561197961911051
76561197961911055
76561197961911059
76561197961911060
76561197961911062
76561197961911063
76561197961911065
76561197961911066
76561197961911068
76561197961911071
76561197961911072
76561197961911073
76561197961911075
76561197961911077
76561197961911079
76561197961911082
76561197961911083
76561197961911085
76561197961911089
76561197961911090
76561197961911092
76561197961911093
76561197961911097
76561197961911101
76561197961911102
76561197961911103
76561197961911106
76561197961911107
76561197961911109
76561197961911111
76561197961911112
76561197961911119
76561197961911122
76561197961911123
76561197961911127
76561197961911129
76561197961911131
76561197961911133
76561197961911135
76561197961911136
76561197961911141
76561197961911143
76561197961911145
76561197961911146
76561197961911149
76561197961911150
76561197961911151
76561197961911152
76561197961911154
76561197961911155
76561197961911157
76561197961911162
76561197961911163
76561197961911166
76561197961911169
76561197961911171
76561197961911173
76561197961911174
76561197961911175
76561197961911177
76561197961911179
76561197961911180
76561197961911181
76561197961911185
76561197961911186
76561197961911189
76561197961911190
76561197961911191
76561197961911193
76561197961911196
76561197961911197
76561197961911199
76561197961911202
76561197961911204
76561197961911205
76561197961911206
76561197961911209
76561197961911212
76561197961911213
76561197961911215
76561197961911216
76561197961911219
76561197961911220
76561197961911222
76561197961911233
76561197961911235
76561197961911236
76561197961911237
76561197961911239
76561197961911245
76561197961911246
76561197961911252
76561197961911253
76561197961911255
76561197961911258
76561197961911261
76561197961911262
76561197961911266
76561197961911267
76561197961911268
76561197961911269
76561197961911271
76561197961911272
76561197961911275
76561197961911279
76561197961911280
76561197961911281
76561197961911283
76561197961911284
76561197961911286
76561197961911289
76561197961911291
76561197961911297
76561197961911300
76561197961911302
76561197961911306
76561197961911308
76561197961911309
76561197961911313
76561197961911314
76561197961911321
76561197961911322
76561197961911323
76561197961911325
76561197961911327
76561197961911328
76561197961911329
76561197961911331
76561197961911332
76561197961911335
76561197961911336
76561197961911339
76561197961911341
76561197961911343
76561197961911345
76561197961911349
76561197961911350
76561197961911355
76561197961911357
76561197961911359
76561197961911363
76561197961911365
76561197961911367
76561197961911369
76561197961911371
76561197961911375
76561197961911377
76561197961911378
76561197961911381
76561197961911383
76561197961911385
76561197961911386
76561197961911387
76561197961911388
76561197961911389
76561197961911391
76561197961911392
76561197961911393
76561197961911395
76561197961911399
76561197961911400
76561197961911401
76561197961911405
76561197961911407
76561197961911409
76561197961911412
76561197961911415
76561197961911417
76561197961911420
76561197961911421
76561197961911427
76561197961911428
76561197961911430
76561197961911431
76561197961911434
76561197961911435
76561197961911436
76561197961911439
76561197961911442
76561197961911445
76561197961911446
76561197961911448
76561197961911449
76561197961911451
76561197961911457
76561197961911459
76561197961911460
76561197961911467
76561197961911468
76561197961911469
76561197961911474
76561197961911475
76561197961911478
76561197961911479
76561197961911481
76561197961911482
76561197961911483
76561197961911484
76561197961911485
76561197961911487
76561197961911491
76561197961911495
76561197961911499
76561197961911501
76561197961911503
76561197961911504
76561197961911505
76561197961911506
76561197961911508
76561197961911509
76561197961911510
76561197961911511
76561197961911513
76561197961911514
76561197961911516
76561197961911517
76561197961911519
76561197961911523
76561197961911524
76561197961911525
76561197961911527
76561197961911529
76561197961911535
76561197961911536
76561197961911537
76561197961911543
76561197961911545
76561197961911546
76561197961911548
76561197961911550
76561197961911551
76561197961911559
76561197961911561
76561197961911563
76561197961911564
76561197961911565
76561197961911569
76561197961911571
76561197961911573
76561197961911574
76561197961911575
76561197961911576
76561197961911577
76561197961911579
76561197961911580
76561197961911581
76561197961911582
76561197961911583
76561197961911587
76561197961911589
76561197961911593
76561197961911600
76561197961911603
76561197961911604
76561197961911605
76561197961911607
76561197961911608
76561197961911610
76561197961911613
76561197961911615
76561197961911616
76561197961911617
76561197961911618
76561197961911621
76561197961911625
76561197961911626
76561197961911629
76561197961911632
76561197961911636
76561197961911637
76561197961911638
76561197961911639
76561197961911642
76561197961911644
76561197961911648
76561197961911649
76561197961911653
76561197961911655
76561197961911663
76561197961911667
76561197961911668
76561197961911671
76561197961911677
76561197961911680
76561197961911683
76561197961911684
76561197961911688
76561197961911691
76561197961911698
76561197961911701
76561197961911702
76561197961911706
76561197961911709
76561197961911713
76561197961911716
76561197961911717
76561197961911720
76561197961911723
76561197961911724
76561197961911725
76561197961911730
76561197961911735
76561197961911738
76561197961911739
76561197961911740
76561197961911741
76561197961911745
76561197961911748
76561197961911749
76561197961911750
76561197961911753
76561197961911754
76561197961911755
76561197961911765
76561197961911767
76561197961911771
76561197961911774
76561197961911776
76561197961911779
76561197961911782
76561197961911785
76561197961911790
76561197961911791
76561197961911793
76561197961911794
76561197961911798
76561197961911799
76561197961911803
76561197961911806
76561197961911807
76561197961911808
76561197961911809
76561197961911811
76561197961911813
76561197961911817
76561197961911818
76561197961911819
76561197961911821
76561197961911822
