76561197960494762
76561197960494763
76561197960494764
76561197960494765
76561197960494766
76561197960494767
76561197960494768
76561197960494769
76561197960494771
76561197960494772
76561197960494773
76561197960494774
76561197960494775
76561197960494776
76561197960494782
76561197960494783
76561197960494784
76561197960494785
76561197960494786
76561197960494787
76561197960494788
76561197960494789
76561197960494790
76561197960494792
76561197960494794
76561197960494796
76561197960494797
76561197960494798
76561197960494799
76561197960494800
76561197960494801
76561197960494802
76561197960494803
76561197960494804
76561197960494805
76561197960494807
76561197960494808
76561197960494809
76561197960494810
76561197960494811
76561197960494812
76561197960494813
76561197960494814
76561197960494815
76561197960494817
76561197960494819
76561197960494820
76561197960494821
76561197960494823
76561197960494826
76561197960494827
76561197960494828
76561197960494829
76561197960494830
76561197960494831
76561197960494832
76561197960494833
76561197960494834
76561197960494835
76561197960494836
76561197960494837
76561197960494838
76561197960494839
76561197960494840
76561197960494841
76561197960494842
76561197960494843
76561197960494844
76561197960494846
76561197960494848
76561197960494849
76561197960494851
76561197960494852
76561197960494853
76561197960494854
76561197960494857
76561197960494859
76561197960494861
76561197960494862
76561197960494864
76561197960494865
76561197960494866
76561197960494867
76561197960494870
76561197960494871
76561197960494873
76561197960494874
76561197960494875
76561197960494876
76561197960494877
76561197960494878
76561197960494880
76561197960494883
76561197960494886
76561197960494888
76561197960494890
76561197960494892
76561197960494895
76561197960494896
76561197960494897
76561197960494898
76561197960494902
76561197960494903
76561197960494904
76561197960494905
76561197960494906
76561197960494907
76561197960494910
76561197960494913
76561197960494915
76561197960494916
76561197960494917
76561197960494918
76561197960494920
76561197960494921
76561197960494922
76561197960494923
76561197960494924
76561197960494926
76561197960494927
76561197960494928
76561197960494929
76561197960494930
76561197960494931
76561197960494932
76561197960494933
76561197960494934
76561197960494935
76561197960494936
76561197960494937
76561197960494941
76561197960494942
76561197960494943
76561197960494944
76561197960494945
76561197960494946
76561197960494947
76561197960494948
76561197960494950
76561197960494951
76561197960494953
76561197960494954
76561197960494955
76561197960494956
76561197960494957
76561197960494958
76561197960494960
76561197960494962
76561197960494963
76561197960494964
76561197960494966
76561197960494967
76561197960494968
76561197960494969
76561197960494970
76561197960494971
76561197960494973
76561197960494974
76561197960494975
76561197960494976
76561197960494977
76561197960494980
76561197960494981
76561197960494984
76561197960494985
76561197960494986
76561197960494987
76561197960494988
76561197960494989
76561197960494991
76561197960494992
76561197960494993
76561197960494998
76561197960494999
76561197960495000
76561197960495001
76561197960495002
76561197960495003
76561197960495004
76561197960495005
76561197960495008
76561197960495009
76561197960495013
76561197960495014
76561197960495015
76561197960495016
76561197960495017
76561197960495018
76561197960495020
76561197960495021
76561197960495022
76561197960495023
76561197960495024
76561197960495025
76561197960495027
76561197960495028
76561197960495029
76561197960495030
76561197960495031
76561197960495033
76561197960495034
76561197960495035
76561197960495036
76561197960495037
76561197960495038
76561197960495040
76561197960495043
76561197960495044
76561197960495045
76561197960495046
76561197960495048
76561197960495049
76561197960495050
76561197960495052
76561197960495053
76561197960495054
76561197960495060
76561197960495062
76561197960495063
76561197960495064
76561197960495065
76561197960495066
76561197960495067
76561197960495068
76561197960495069
76561197960495070
76561197960495071
76561197960495072
76561197960495073
76561197960495074
76561197960495075
76561197960495076
76561197960495077
76561197960495078
76561197960495079
76561197960495082
76561197960495083
76561197960495084
76561197960495085
76561197960495086
76561197960495088
76561197960495089
76561197960495090
76561197960495091
76561197960495092
76561197960495093
76561197960495095
76561197960495096
76561197960495097
76561197960495098
76561197960495099
76561197960495101
76561197960495104
76561197960495105
76561197960495106
76561197960495107
76561197960495109
76561197960495111
76561197960495112
76561197960495113
76561197960495115
76561197960495117
76561197960495118
76561197960495119
76561197960495120
76561197960495121
76561197960495123
76561197960495124
76561197960495125
76561197960495126
76561197960495127
76561197960495130
76561197960495131
76561197960495133
76561197960495134
76561197960495135
76561197960495137
76561197960495139
76561197960495141
76561197960495142
76561197960495143
76561197960495145
76561197960495146
76561197960495148
76561197960495149
76561197960495150
76561197960495151
76561197960495152
76561197960495153
76561197960495154
76561197960495155
76561197960495157
76561197960495158
76561197960495160
76561197960495161
76561197960495162
76561197960495163
76561197960495164
76561197960495165
76561197960495166
76561197960495167
76561197960495168
76561197960495169
76561197960495171
76561197960495172
76561197960495173
76561197960495174
76561197960495175
76561197960495176
76561197960495177
76561197960495178
76561197960495179
76561197960495180
76561197960495181
76561197960495182
76561197960495184
76561197960495187
76561197960495189
76561197960495190
76561197960495191
76561197960495193
76561197960495194
76561197960495195
76561197960495196
76561197960495197
76561197960495198
76561197960495199
76561197960495200
76561197960495201
76561197960495202
76561197960495204
76561197960495206
76561197960495207
76561197960495209
76561197960495210
76561197960495212
76561197960495214
76561197960495215
76561197960495216
76561197960495217
76561197960495219
76561197960495220
76561197960495222
76561197960495223
76561197960495224
76561197960495226
76561197960495229
76561197960495230
76561197960495231
76561197960495232
76561197960495233
76561197960495234
76561197960495235
76561197960495236
76561197960495237
76561197960495238
76561197960495239
76561197960495240
76561197960495241
76561197960495242
76561197960495243
76561197960495246
76561197960495247
76561197960495248
76561197960495250
76561197960495252
76561197960495253
76561197960495254
76561197960495255
76561197960495256
76561197960495257
76561197960495258
76561197960495259
76561197960495260
76561197960495262
76561197960495264
76561197960495265
76561197960495267
76561197960495269
76561197960495270
76561197960495271
76561197960495274
76561197960495276
76561197960495277
76561197960495278
76561197960495279
76561197960495280
76561197960495281
76561197960495283
76561197960495284
76561197960495285
76561197960495286
76561197960495287
76561197960495288
76561197960495289
76561197960495290
76561197960495291
76561197960495292
76561197960495293
76561197960495294
76561197960495295
76561197960495296
76561197960495298
76561197960495299
76561197960495300
76561197960495302
76561197960495306
76561197960495308
76561197960495311
76561197960495312
76561197960495313
76561197960495314
76561197960495316
76561197960495317
76561197960495319
76561197960495322
76561197960495323
76561197960495324
76561197960495325
76561197960495326
76561197960495327
76561197960495328
76561197960495331
76561197960495332
76561197960495333
76561197960495336
76561197960495337
76561197960495338
76561197960495341
76561197960495342
76561197960495344
76561197960495345
76561197960495346
76561197960495349
76561197960495350
76561197960495351
76561197960495352
76561197960495354
76561197960495356
76561197960495359
76561197960495363
76561197960495365
76561197960495366
76561197960495367
76561197960495369
76561197960495370
76561197960495371
76561197960495372
76561197960495373
76561197960495374
76561197960495375
76561197960495376
76561197960495377
76561197960495380
76561197960495381
76561197960495382
76561197960495384
76561197960495385
76561197960495386
76561197960495387
76561197960495389
76561197960495390
76561197960495392
76561197960495396
76561197960495397
76561197960495399
76561197960495401
76561197960495402
76561197960495403
76561197960495404
76561197960495405
76561197960495406
76561197960495407
76561197960495409
76561197960495410
76561197960495411
76561197960495412
76561197960495416
76561197960495417
76561197960495418
76561197960495419
76561197960495420
76561197960495421
76561197960495422
76561197960495423
76561197960495425
76561197960495426
76561197960495427
76561197960495428
76561197960495429
76561197960495430
76561197960495431
76561197960495432
76561197960495433
76561197960495434
76561197960495436
76561197960495438
76561197960495440
76561197960495442
76561197960495443
76561197960495444
76561197960495445
76561197960495446
76561197960495447
76561197960495448
76561197960495449
76561197960495450
76561197960495451
76561197960495452
76561197960495453
76561197960495454
76561197960495455
76561197960495456
76561197960495457
76561197960495460
76561197960495462
76561197960495463
76561197960495464
76561197960495465
76561197960495467
76561197960495469
76561197960495470
76561197960495471
76561197960495473
76561197960495474
76561197960495476
76561197960495478
76561197960495479
76561197960495480
76561197960495482
76561197960495483
76561197960495484
76561197960495485
76561197960495487
76561197960495488
76561197960495489
76561197960495490
76561197960495492
76561197960495493
76561197960495494
76561197960495497
76561197960495499
76561197960495500
76561197960495502
76561197960495503
76561197960495506
76561197960495509
76561197960495510
76561197960495512
76561197960495515
76561197960495516
76561197960495519
76561197960495520
76561197960495522
76561197960495523
76561197960495524
76561197960495525
76561197960495526
76561197960495527
76561197960495528
76561197960495529
76561197960495530
76561197960495531
76561197960495532
76561197960495533
76561197960495534
76561197960495536
76561197960495537
76561197960495538
76561197960495539
76561197960495540
76561197960495541
76561197960495542
76561197960495543
76561197960495544
76561197960495546
76561197960495547
76561197960495548
76561197960495549
76561197960495550
76561197960495551
76561197960495552
76561197960495553
76561197960495554
76561197960495555
76561197960495556
76561197960495558
76561197960495559
76561197960495560
76561197960495561
76561197960495562
76561197960495563
76561197960495564
76561197960495566
76561197960495567
76561197960495568
76561197960495569
76561197960495570
76561197960495571
76561197960495572
76561197960495575
76561197960495576
76561197960495577
76561197960495578
76561197960495579
76561197960495581
76561197960495582
76561197960495583
76561197960495584
76561197960495585
76561197960495587
76561197960495588
76561197960495591
76561197960495592
76561197960495593
76561197960495594
76561197960495595
76561197960495596
76561197960495597
76561197960495598
76561197960495599
76561197960495600
76561197960495601
76561197960495602
76561197960495603
76561197960495604
76561197960495606
76561197960495607
76561197960495608
76561197960495609
76561197960495610
76561197960495611
76561197960495612
76561197960495613
76561197960495616
76561197960495617
76561197960495618
76561197960495619
76561197960495620
76561197960495622
76561197960495623
76561197960495626
76561197960495627
76561197960495628
76561197960495629
76561197960495631
76561197960495632
76561197960495633
76561197960495635
76561197960495636
76561197960495637
76561197960495638
76561197960495639
76561197960495642
76561197960495644
76561197960495645
76561197960495646
76561197960495648
76561197960495649
76561197960495650
76561197960495652
76561197960495654
76561197960495656
76561197960495657
76561197960495658
76561197960495659
76561197960495660
76561197960495661
76561197960495662
76561197960495663
76561197960495664
76561197960495665
76561197960495666
76561197960495668
76561197960495669
76561197960495670
76561197960495671
76561197960495672
76561197960495673
76561197960495674
76561197960495675
76561197960495676
76561197960495677
76561197960495678
76561197960495679
76561197960495681
76561197960495682
76561197960495683
76561197960495684
76561197960495685
76561197960495686
76561197960495687
76561197960495688
76561197960495690
76561197960495691
76561197960495693
76561197960495694
76561197960495696
76561197960495697
76561197960495698
76561197960495700
76561197960495703
76561197960495704
76561197960495705
76561197960495707
76561197960495708
76561197960495709
76561197960495710
76561197960495711
76561197960495712
76561197960495713
76561197960495715
76561197960495716
76561197960495720
76561197960495721
76561197960495722
76561197960495725
76561197960495726
76561197960495728
76561197960495729
76561197960495731
76561197960495732
76561197960495734
76561197960495735
76561197960495739
76561197960495740
76561197960495741
76561197960495743
76561197960495744
76561197960495746
76561197960495747
76561197960495748
76561197960495749
76561197960495750
76561197960495751
76561197960495753
76561197960495754
76561197960495755
76561197960495756
76561197960495758
76561197960495760
76561197960495761
76561197960495762
76561197960495763
76561197960495764
76561197960495765
76561197960495767
76561197960495768
76561197960495769
76561197960495770
76561197960495771
76561197960495773
76561197960495774
76561197960495775
76561197960495776
76561197960495777
76561197960495778
76561197960495779
76561197960495780
76561197960495781
76561197960495782
76561197960495784
76561197960495786
76561197960495788
76561197960495789
76561197960495790
76561197960495791
76561197960495792
76561197960495794
76561197960495795
76561197960495798
76561197960495799
76561197960495800
76561197960495801
76561197960495802
76561197960495803
76561197960495804
76561197960495805
76561197960495806
76561197960495807
76561197960495809
76561197960495811
76561197960495813
76561197960495814
76561197960495817
76561197960495819
76561197960495820
76561197960495821
76561197960495822
76561197960495823
76561197960495824
76561197960495825
76561197960495826
76561197960495827
76561197960495828
76561197960495829
76561197960495830
76561197960495831
76561197960495833
76561197960495835
76561197960495836
76561197960495838
76561197960495839
76561197960495840
76561197960495842
76561197960495843
76561197960495844
76561197960495845
76561197960495846
76561197960495847
76561197960495848
76561197960495849
76561197960495850
76561197960495852
76561197960495853
76561197960495854
76561197960495855
76561197960495858
76561197960495859
76561197960495860
76561197960495861
76561197960495862
76561197960495863
76561197960495864
76561197960495865
76561197960495866
76561197960495869
76561197960495870
76561197960495872
76561197960495874
76561197960495876
76561197960495879
76561197960495880
76561197960495881
76561197960495882
76561197960495883
76561197960495884
76561197960495885
76561197960495886
76561197960495887
76561197960495888
76561197960495890
76561197960495891
76561197960495892
76561197960495893
76561197960495894
76561197960495895
76561197960495896
76561197960495897
76561197960495898
76561197960495900
76561197960495901
76561197960495902
76561197960495903
76561197960495904
76561197960495905
76561197960495906
76561197960495907
76561197960495908
76561197960495910
76561197960495911
76561197960495912
76561197960495913
76561197960495918
76561197960495919
76561197960495920
76561197960495921
76561197960495922
76561197960495923
76561197960495924
76561197960495925
76561197960495926
76561197960495928
76561197960495929
76561197960495930
76561197960495931
76561197960495932
76561197960495935
76561197960495936
76561197960495940
76561197960495941
76561197960495943
76561197960495944
76561197960495947
76561197960495948
76561197960495949
76561197960495950
76561197960495951
76561197960495952
76561197960495953
76561197960495954
76561197960495955
76561197960495956
76561197960495957
76561197960495958
76561197960495959
76561197960495960
76561197960495961
76561197960495962
76561197960495963
76561197960495965
76561197960495966
76561197960495967
76561197960495969
76561197960495970
76561197960495971
76561197960495972
76561197960495973
76561197960495974
76561197960495975
76561197960495977
76561197960495980
76561197960495981
76561197960495983
76561197960495984
76561197960495985
76561197960495986
76561197960495987
76561197960495988
76561197960495989
76561197960495990
76561197960495991
76561197960495994
76561197960495995
76561197960495996
76561197960495998
76561197960495999
76561197960496002
76561197960496003
76561197960496004
76561197960496005
76561197960496006
76561197960496007
76561197960496010
76561197960496011
76561197960496012
76561197960496013
76561197960496014
76561197960496016
76561197960496017
76561197960496019
76561197960496020
76561197960496021
76561197960496026
76561197960496027
76561197960496028
76561197960496029
76561197960496030
76561197960496031
76561197960496034
76561197960496035
76561197960496036
76561197960496038
76561197960496040
76561197960496041
76561197960496042
76561197960496044
76561197960496047
76561197960496048
76561197960496051
76561197960496053
76561197960496054
76561197960496055
76561197960496056
76561197960496057
76561197960496058
76561197960496060
76561197960496061
76561197960496062
76561197960496063
76561197960496064
76561197960496065
76561197960496066
76561197960496067
76561197960496068
76561197960496069
76561197960496070
76561197960496071
76561197960496073
76561197960496075
76561197960496076
76561197960496077
76561197960496078
76561197960496079
76561197960496080
76561197960496083
76561197960496084
76561197960496086
76561197960496087
76561197960496088
76561197960496089
76561197960496091
76561197960496094
76561197960496096
76561197960496097
76561197960496098
76561197960496099
76561197960496101
76561197960496102
76561197960496103
