76561197960899455
76561197960899457
76561197960899458
76561197960899460
76561197960899461
76561197960899462
76561197960899464
76561197960899465
76561197960899466
76561197960899467
76561197960899469
76561197960899470
76561197960899471
76561197960899472
76561197960899473
76561197960899475
76561197960899476
76561197960899477
76561197960899479
76561197960899482
76561197960899483
76561197960899485
76561197960899486
76561197960899487
76561197960899488
76561197960899491
76561197960899493
76561197960899494
76561197960899495
76561197960899496
76561197960899497
76561197960899498
76561197960899500
76561197960899501
76561197960899502
76561197960899503
76561197960899504
76561197960899507
76561197960899508
76561197960899509
76561197960899515
76561197960899519
76561197960899520
76561197960899521
76561197960899522
76561197960899523
76561197960899524
76561197960899527
76561197960899528
76561197960899531
76561197960899535
76561197960899536
76561197960899538
76561197960899540
76561197960899542
76561197960899544
76561197960899545
76561197960899547
76561197960899550
76561197960899551
76561197960899553
76561197960899554
76561197960899556
76561197960899559
76561197960899560
76561197960899562
76561197960899564
76561197960899567
76561197960899570
76561197960899572
76561197960899573
76561197960899575
76561197960899577
76561197960899579
76561197960899581
76561197960899582
76561197960899583
76561197960899584
76561197960899585
76561197960899586
76561197960899587
76561197960899588
76561197960899590
76561197960899594
76561197960899595
76561197960899597
76561197960899600
76561197960899602
76561197960899603
76561197960899604
76561197960899606
76561197960899609
76561197960899614
76561197960899615
76561197960899617
76561197960899618
76561197960899620
76561197960899622
76561197960899624
76561197960899626
76561197960899627
76561197960899628
76561197960899629
76561197960899632
76561197960899634
76561197960899635
76561197960899637
76561197960899638
76561197960899640
76561197960899643
76561197960899644
76561197960899645
76561197960899647
76561197960899648
76561197960899649
76561197960899651
76561197960899652
76561197960899653
76561197960899655
76561197960899656
76561197960899658
76561197960899661
76561197960899663
76561197960899664
76561197960899667
76561197960899668
76561197960899669
76561197960899674
76561197960899676
76561197960899679
76561197960899681
76561197960899682
76561197960899684
76561197960899687
76561197960899688
76561197960899689
76561197960899690
76561197960899692
76561197960899693
76561197960899695
76561197960899698
76561197960899700
76561197960899701
76561197960899702
76561197960899705
76561197960899706
76561197960899707
76561197960899708
76561197960899710
76561197960899711
76561197960899712
76561197960899713
76561197960899714
76561197960899715
76561197960899718
76561197960899719
76561197960899721
76561197960899724
76561197960899726
76561197960899728
76561197960899730
76561197960899731
76561197960899733
76561197960899734
76561197960899736
76561197960899737
76561197960899738
76561197960899739
76561197960899740
76561197960899741
76561197960899742
76561197960899744
76561197960899745
76561197960899746
76561197960899747
76561197960899750
76561197960899752
76561197960899758
76561197960899759
76561197960899760
76561197960899762
76561197960899763
76561197960899764
76561197960899767
76561197960899771
76561197960899775
76561197960899777
76561197960899781
76561197960899782
76561197960899783
76561197960899785
76561197960899787
76561197960899788
76561197960899789
76561197960899790
76561197960899791
76561197960899794
76561197960899796
76561197960899797
76561197960899798
76561197960899799
76561197960899800
76561197960899805
76561197960899806
76561197960899807
76561197960899809
76561197960899810
76561197960899811
76561197960899812
76561197960899815
76561197960899816
76561197960899817
76561197960899818
76561197960899821
76561197960899824
76561197960899826
76561197960899827
76561197960899828
76561197960899831
76561197960899833
76561197960899834
76561197960899836
76561197960899837
76561197960899838
76561197960899842
76561197960899843
76561197960899845
76561197960899846
76561197960899849
76561197960899850
76561197960899851
76561197960899852
76561197960899853
76561197960899854
76561197960899857
76561197960899858
76561197960899859
76561197960899860
76561197960899861
76561197960899863
76561197960899864
76561197960899865
76561197960899871
76561197960899872
76561197960899873
76561197960899875
76561197960899876
76561197960899877
76561197960899878
76561197960899880
76561197960899881
76561197960899882
76561197960899884
76561197960899885
76561197960899887
76561197960899889
76561197960899891
76561197960899894
76561197960899896
76561197960899900
76561197960899901
76561197960899904
76561197960899906
76561197960899907
76561197960899908
76561197960899909
76561197960899910
76561197960899915
76561197960899916
76561197960899918
76561197960899922
76561197960899923
76561197960899925
76561197960899927
76561197960899928
76561197960899929
76561197960899930
76561197960899932
76561197960899933
76561197960899934
76561197960899935
76561197960899938
76561197960899942
76561197960899944
76561197960899945
76561197960899949
76561197960899950
76561197960899954
76561197960899955
76561197960899956
76561197960899957
76561197960899958
76561197960899959
76561197960899961
76561197960899963
76561197960899966
76561197960899968
76561197960899971
76561197960899972
76561197960899974
76561197960899975
76561197960899977
76561197960899981
76561197960899983
76561197960899990
76561197960899992
76561197960899993
76561197960899995
76561197960899996
76561197960899997
76561197960899999
76561197960900002
76561197960900004
76561197960900005
76561197960900006
76561197960900007
76561197960900008
76561197960900010
76561197960900011
76561197960900012
76561197960900013
76561197960900014
76561197960900016
76561197960900017
76561197960900018
76561197960900020
76561197960900021
76561197960900022
76561197960900023
76561197960900027
76561197960900028
76561197960900029
76561197960900030
76561197960900033
76561197960900036
76561197960900038
76561197960900040
76561197960900042
76561197960900045
76561197960900046
76561197960900047
76561197960900049
76561197960900050
76561197960900051
76561197960900053
76561197960900054
76561197960900055
76561197960900059
76561197960900062
76561197960900063
76561197960900064
76561197960900065
76561197960900067
76561197960900071
76561197960900072
76561197960900073
76561197960900076
76561197960900079
76561197960900081
76561197960900082
76561197960900083
76561197960900085
76561197960900087
76561197960900088
76561197960900094
76561197960900095
76561197960900096
76561197960900097
76561197960900099
76561197960900101
76561197960900105
76561197960900108
76561197960900109
76561197960900112
76561197960900114
76561197960900115
76561197960900116
76561197960900117
76561197960900118
76561197960900119
76561197960900120
76561197960900125
76561197960900128
76561197960900131
76561197960900132
76561197960900133
76561197960900134
76561197960900135
76561197960900138
76561197960900141
76561197960900142
76561197960900143
76561197960900145
76561197960900146
76561197960900149
76561197960900150
76561197960900151
76561197960900153
76561197960900157
76561197960900159
76561197960900160
76561197960900162
76561197960900165
76561197960900166
76561197960900168
76561197960900169
76561197960900170
76561197960900171
76561197960900173
76561197960900175
76561197960900176
76561197960900179
76561197960900181
76561197960900182
76561197960900183
76561197960900185
76561197960900186
76561197960900187
76561197960900188
76561197960900189
76561197960900190
76561197960900191
76561197960900192
76561197960900193
76561197960900194
76561197960900195
76561197960900196
76561197960900198
76561197960900199
76561197960900200
76561197960900201
76561197960900202
76561197960900204
76561197960900205
76561197960900206
76561197960900207
76561197960900208
76561197960900209
76561197960900210
76561197960900211
76561197960900212
76561197960900214
76561197960900218
76561197960900219
76561197960900224
76561197960900227
76561197960900228
76561197960900229
76561197960900233
76561197960900234
76561197960900235
76561197960900237
76561197960900238
76561197960900239
76561197960900240
76561197960900244
76561197960900246
76561197960900247
76561197960900250
76561197960900251
76561197960900252
76561197960900253
76561197960900256
76561197960900257
76561197960900259
76561197960900261
76561197960900262
76561197960900263
76561197960900265
76561197960900267
76561197960900268
76561197960900269
76561197960900270
76561197960900271
76561197960900273
76561197960900274
76561197960900276
76561197960900277
76561197960900278
76561197960900281
76561197960900282
76561197960900284
76561197960900285
76561197960900286
76561197960900287
76561197960900288
76561197960900289
76561197960900294
76561197960900296
76561197960900297
76561197960900299
76561197960900301
76561197960900302
76561197960900304
76561197960900305
76561197960900306
76561197960900307
76561197960900308
76561197960900309
76561197960900311
76561197960900312
76561197960900313
76561197960900315
76561197960900316
76561197960900319
76561197960900320
76561197960900321
76561197960900323
76561197960900324
76561197960900327
76561197960900329
76561197960900333
76561197960900334
76561197960900335
76561197960900336
76561197960900337
76561197960900338
76561197960900339
76561197960900341
76561197960900342
76561197960900343
76561197960900344
76561197960900347
76561197960900350
76561197960900351
76561197960900353
76561197960900355
76561197960900356
76561197960900358
76561197960900360
76561197960900361
76561197960900364
76561197960900367
76561197960900368
76561197960900371
76561197960900372
76561197960900374
76561197960900377
76561197960900378
76561197960900383
76561197960900384
76561197960900385
76561197960900386
76561197960900388
76561197960900391
76561197960900393
76561197960900394
76561197960900395
76561197960900397
76561197960900400
76561197960900401
76561197960900402
76561197960900404
76561197960900406
76561197960900407
76561197960900409
76561197960900410
76561197960900411
76561197960900413
76561197960900414
76561197960900415
76561197960900417
76561197960900422
76561197960900424
76561197960900425
76561197960900426
76561197960900428
76561197960900429
76561197960900433
76561197960900434
76561197960900436
76561197960900437
76561197960900439
76561197960900440
76561197960900441
76561197960900443
76561197960900444
76561197960900445
76561197960900446
76561197960900452
76561197960900454
76561197960900455
76561197960900457
76561197960900460
76561197960900461
76561197960900464
76561197960900465
76561197960900466
76561197960900467
76561197960900468
76561197960900469
76561197960900471
76561197960900472
76561197960900474
76561197960900477
76561197960900478
76561197960900479
76561197960900480
76561197960900483
76561197960900485
76561197960900487
76561197960900488
76561197960900489
76561197960900490
76561197960900492
76561197960900493
76561197960900494
76561197960900498
76561197960900500
76561197960900501
76561197960900502
76561197960900503
76561197960900504
76561197960900508
76561197960900510
76561197960900512
76561197960900513
76561197960900515
76561197960900517
76561197960900522
76561197960900523
76561197960900525
76561197960900527
76561197960900528
76561197960900531
76561197960900532
76561197960900533
76561197960900534
76561197960900535
76561197960900536
76561197960900537
76561197960900538
76561197960900542
76561197960900543
76561197960900545
76561197960900547
76561197960900548
76561197960900549
76561197960900550
76561197960900552
76561197960900553
76561197960900554
76561197960900555
76561197960900557
76561197960900558
76561197960900560
76561197960900561
76561197960900564
76561197960900566
76561197960900567
76561197960900568
76561197960900569
76561197960900570
76561197960900571
76561197960900572
76561197960900573
76561197960900575
76561197960900576
76561197960900577
76561197960900578
76561197960900579
76561197960900580
76561197960900581
76561197960900582
76561197960900585
76561197960900586
76561197960900589
76561197960900591
76561197960900594
76561197960900595
76561197960900596
76561197960900598
76561197960900599
76561197960900604
76561197960900605
76561197960900606
76561197960900609
76561197960900610
76561197960900612
76561197960900614
76561197960900615
76561197960900616
76561197960900618
76561197960900619
76561197960900621
76561197960900622
76561197960900625
76561197960900626
76561197960900627
76561197960900629
76561197960900630
76561197960900631
76561197960900632
76561197960900633
76561197960900634
76561197960900636
76561197960900637
76561197960900638
76561197960900641
76561197960900645
76561197960900649
76561197960900651
76561197960900652
76561197960900653
76561197960900654
76561197960900655
76561197960900657
76561197960900660
76561197960900662
76561197960900664
76561197960900665
76561197960900667
76561197960900669
76561197960900671
76561197960900673
76561197960900674
76561197960900675
76561197960900676
76561197960900677
76561197960900678
76561197960900679
76561197960900683
76561197960900684
76561197960900685
76561197960900689
76561197960900690
76561197960900693
76561197960900697
76561197960900698
76561197960900699
76561197960900700
76561197960900701
76561197960900702
76561197960900703
76561197960900704
76561197960900705
76561197960900706
76561197960900708
76561197960900709
76561197960900710
76561197960900713
76561197960900714
76561197960900715
76561197960900716
76561197960900717
76561197960900718
76561197960900719
76561197960900720
76561197960900723
76561197960900724
76561197960900725
76561197960900726
76561197960900727
76561197960900729
76561197960900730
76561197960900732
76561197960900733
76561197960900734
76561197960900735
76561197960900737
76561197960900738
76561197960900741
76561197960900742
76561197960900743
76561197960900744
76561197960900745
76561197960900747
76561197960900748
76561197960900752
76561197960900753
76561197960900757
76561197960900758
76561197960900759
76561197960900761
76561197960900762
76561197960900764
76561197960900765
76561197960900767
76561197960900771
76561197960900772
76561197960900773
76561197960900778
76561197960900779
76561197960900780
76561197960900782
76561197960900783
76561197960900784
76561197960900785
76561197960900786
76561197960900787
76561197960900789
76561197960900790
76561197960900791
76561197960900792
76561197960900793
76561197960900795
76561197960900796
76561197960900797
76561197960900801
76561197960900802
76561197960900805
76561197960900806
76561197960900808
76561197960900809
76561197960900811
76561197960900816
76561197960900820
76561197960900823
76561197960900824
76561197960900827
76561197960900830
76561197960900832
76561197960900833
76561197960900834
76561197960900835
76561197960900836
76561197960900837
76561197960900839
76561197960900841
76561197960900842
76561197960900843
76561197960900844
76561197960900847
76561197960900848
76561197960900849
76561197960900851
76561197960900853
76561197960900854
76561197960900856
76561197960900858
76561197960900859
76561197960900861
76561197960900863
76561197960900864
76561197960900865
76561197960900866
76561197960900867
76561197960900869
76561197960900870
76561197960900871
76561197960900876
76561197960900877
76561197960900879
76561197960900880
76561197960900884
76561197960900887
76561197960900888
76561197960900889
76561197960900895
76561197960900897
76561197960900898
76561197960900899
76561197960900901
76561197960900902
76561197960900905
76561197960900907
76561197960900909
76561197960900911
76561197960900912
76561197960900913
76561197960900914
76561197960900915
76561197960900916
76561197960900917
76561197960900919
76561197960900922
76561197960900923
76561197960900924
76561197960900929
76561197960900930
76561197960900931
76561197960900934
76561197960900936
76561197960900937
76561197960900938
76561197960900939
76561197960900943
76561197960900944
76561197960900946
76561197960900948
76561197960900950
76561197960900951
76561197960900952
76561197960900953
76561197960900954
76561197960900955
76561197960900957
76561197960900958
76561197960900959
76561197960900960
76561197960900961
76561197960900963
76561197960900964
76561197960900965
76561197960900966
76561197960900968
76561197960900970
76561197960900971
76561197960900972
76561197960900973
76561197960900974
76561197960900976
76561197960900978
76561197960900980
76561197960900982
76561197960900984
76561197960900985
76561197960900987
76561197960900988
76561197960900989
76561197960900990
76561197960900991
76561197960900992
76561197960900993
76561197960900995
76561197960901000
76561197960901001
76561197960901002
76561197960901004
76561197960901007
76561197960901009
76561197960901011
76561197960901015
76561197960901017
76561197960901020
76561197960901022
76561197960901026
76561197960901027
76561197960901028
76561197960901031
76561197960901032
76561197960901034
76561197960901036
76561197960901037
76561197960901038
76561197960901039
76561197960901041
76561197960901044
76561197960901045
76561197960901048
76561197960901050
76561197960901051
76561197960901052
76561197960901053
76561197960901054
76561197960901055
76561197960901056
76561197960901057
76561197960901059
76561197960901063
76561197960901064
76561197960901065
76561197960901067
76561197960901068
76561197960901070
76561197960901071
76561197960901073
76561197960901074
76561197960901076
76561197960901079
76561197960901081
76561197960901082
76561197960901083
76561197960901084
76561197960901086
76561197960901087
76561197960901088
76561197960901089
76561197960901091
76561197960901092
76561197960901095
76561197960901098
76561197960901100
76561197960901101
76561197960901103
76561197960901104
76561197960901109
76561197960901110
76561197960901111
76561197960901112
76561197960901114
76561197960901116
76561197960901118
76561197960901119
76561197960901120
76561197960901122
76561197960901123
76561197960901124
76561197960901125
76561197960901126
76561197960901127
76561197960901128
76561197960901129
76561197960901131
76561197960901132
76561197960901133
76561197960901134
76561197960901137
76561197960901139
76561197960901140
