76561197960880689
76561197960880690
76561197960880691
76561197960880695
76561197960880696
76561197960880699
76561197960880702
76561197960880703
76561197960880704
76561197960880705
76561197960880706
76561197960880710
76561197960880711
76561197960880712
76561197960880713
76561197960880715
76561197960880720
76561197960880721
76561197960880722
76561197960880723
76561197960880724
76561197960880725
76561197960880728
76561197960880729
76561197960880731
76561197960880732
76561197960880733
76561197960880734
76561197960880735
76561197960880738
76561197960880739
76561197960880741
76561197960880743
76561197960880745
76561197960880746
76561197960880748
76561197960880750
76561197960880751
76561197960880753
76561197960880756
76561197960880757
76561197960880758
76561197960880760
76561197960880761
76561197960880762
76561197960880763
76561197960880765
76561197960880766
76561197960880767
76561197960880768
76561197960880769
76561197960880772
76561197960880773
76561197960880776
76561197960880777
76561197960880778
76561197960880780
76561197960880783
76561197960880786
76561197960880787
76561197960880788
76561197960880789
76561197960880790
76561197960880791
76561197960880792
76561197960880793
76561197960880794
76561197960880796
76561197960880797
76561197960880802
76561197960880803
76561197960880804
76561197960880806
76561197960880807
76561197960880808
76561197960880809
76561197960880810
76561197960880811
76561197960880812
76561197960880814
76561197960880816
76561197960880817
76561197960880818
76561197960880821
76561197960880822
76561197960880824
76561197960880825
76561197960880826
76561197960880827
76561197960880828
76561197960880831
76561197960880834
76561197960880835
76561197960880838
76561197960880839
76561197960880841
76561197960880844
76561197960880847
76561197960880850
76561197960880851
76561197960880852
76561197960880854
76561197960880856
76561197960880857
76561197960880858
76561197960880860
76561197960880861
76561197960880862
76561197960880863
76561197960880868
76561197960880870
76561197960880871
76561197960880873
76561197960880875
76561197960880876
76561197960880878
76561197960880881
76561197960880883
76561197960880884
76561197960880885
76561197960880886
76561197960880887
76561197960880889
76561197960880893
76561197960880894
76561197960880895
76561197960880896
76561197960880899
76561197960880900
76561197960880901
76561197960880902
76561197960880903
76561197960880905
76561197960880906
76561197960880907
76561197960880908
76561197960880909
76561197960880910
76561197960880911
76561197960880912
76561197960880918
76561197960880920
76561197960880927
76561197960880928
76561197960880929
76561197960880930
76561197960880931
76561197960880932
76561197960880933
76561197960880934
76561197960880936
76561197960880937
76561197960880938
76561197960880939
76561197960880941
76561197960880942
76561197960880943
76561197960880945
76561197960880947
76561197960880948
76561197960880950
76561197960880951
76561197960880953
76561197960880954
76561197960880956
76561197960880958
76561197960880961
76561197960880962
76561197960880963
76561197960880964
76561197960880965
76561197960880966
76561197960880967
76561197960880968
76561197960880970
76561197960880971
76561197960880972
76561197960880973
76561197960880975
76561197960880977
76561197960880979
76561197960880981
76561197960880983
76561197960880984
76561197960880985
76561197960880987
76561197960880988
76561197960880990
76561197960880992
76561197960880997
76561197960880999
76561197960881002
76561197960881003
76561197960881006
76561197960881007
76561197960881009
76561197960881010
76561197960881011
76561197960881012
76561197960881014
76561197960881015
76561197960881020
76561197960881021
76561197960881023
76561197960881028
76561197960881033
76561197960881035
76561197960881037
76561197960881038
76561197960881039
76561197960881040
76561197960881041
76561197960881042
76561197960881044
76561197960881045
76561197960881046
76561197960881047
76561197960881048
76561197960881049
76561197960881053
76561197960881055
76561197960881059
76561197960881060
76561197960881062
76561197960881067
76561197960881071
76561197960881072
76561197960881073
76561197960881074
76561197960881076
76561197960881077
76561197960881079
76561197960881081
76561197960881083
76561197960881084
76561197960881085
76561197960881087
76561197960881088
76561197960881089
76561197960881090
76561197960881091
76561197960881093
76561197960881094
76561197960881095
76561197960881096
76561197960881097
76561197960881102
76561197960881103
76561197960881105
76561197960881106
76561197960881108
76561197960881109
76561197960881110
76561197960881111
76561197960881112
76561197960881113
76561197960881114
76561197960881115
76561197960881117
76561197960881121
76561197960881122
76561197960881123
76561197960881124
76561197960881125
76561197960881126
76561197960881127
76561197960881128
76561197960881130
76561197960881131
76561197960881132
76561197960881135
76561197960881136
76561197960881137
76561197960881138
76561197960881140
76561197960881142
76561197960881143
76561197960881144
76561197960881147
76561197960881151
76561197960881154
76561197960881155
76561197960881157
76561197960881158
76561197960881159
76561197960881163
76561197960881167
76561197960881168
76561197960881169
76561197960881170
76561197960881172
76561197960881175
76561197960881176
76561197960881177
76561197960881178
76561197960881179
76561197960881181
76561197960881184
76561197960881185
76561197960881187
76561197960881188
76561197960881189
76561197960881190
76561197960881191
76561197960881192
76561197960881198
76561197960881200
76561197960881201
76561197960881203
76561197960881205
76561197960881206
76561197960881209
76561197960881210
76561197960881212
76561197960881217
76561197960881219
76561197960881220
76561197960881221
76561197960881223
76561197960881225
76561197960881227
76561197960881229
76561197960881230
76561197960881231
76561197960881233
76561197960881236
76561197960881237
76561197960881238
76561197960881241
76561197960881242
76561197960881243
76561197960881244
76561197960881246
76561197960881249
76561197960881250
76561197960881251
76561197960881253
76561197960881257
76561197960881258
76561197960881260
76561197960881261
76561197960881262
76561197960881263
76561197960881264
76561197960881265
76561197960881269
76561197960881270
76561197960881271
76561197960881272
76561197960881273
76561197960881274
76561197960881278
76561197960881279
76561197960881280
76561197960881281
76561197960881282
76561197960881284
76561197960881285
76561197960881289
76561197960881290
76561197960881291
76561197960881292
76561197960881293
76561197960881295
76561197960881296
76561197960881297
76561197960881299
76561197960881300
76561197960881301
76561197960881303
76561197960881304
76561197960881305
76561197960881306
76561197960881309
76561197960881310
76561197960881312
76561197960881313
76561197960881314
76561197960881315
76561197960881316
76561197960881317
76561197960881318
76561197960881319
76561197960881321
76561197960881322
76561197960881323
76561197960881325
76561197960881326
76561197960881328
76561197960881329
76561197960881330
76561197960881332
76561197960881333
76561197960881334
76561197960881335
76561197960881336
76561197960881337
76561197960881339
76561197960881340
76561197960881343
76561197960881345
76561197960881349
76561197960881350
76561197960881351
76561197960881352
76561197960881353
76561197960881355
76561197960881356
76561197960881357
76561197960881358
76561197960881359
76561197960881361
76561197960881362
76561197960881363
76561197960881367
76561197960881369
76561197960881370
76561197960881372
76561197960881375
76561197960881376
76561197960881377
76561197960881378
76561197960881379
76561197960881380
76561197960881381
76561197960881382
76561197960881383
76561197960881384
76561197960881385
76561197960881388
76561197960881389
76561197960881390
76561197960881393
76561197960881394
76561197960881395
76561197960881396
76561197960881397
76561197960881398
76561197960881400
76561197960881402
76561197960881403
76561197960881404
76561197960881405
76561197960881409
76561197960881410
76561197960881412
76561197960881413
76561197960881414
76561197960881415
76561197960881416
76561197960881417
76561197960881418
76561197960881419
76561197960881420
76561197960881421
76561197960881423
76561197960881424
76561197960881425
76561197960881426
76561197960881427
76561197960881428
76561197960881429
76561197960881431
76561197960881432
76561197960881433
76561197960881435
76561197960881437
76561197960881439
76561197960881442
76561197960881443
76561197960881444
76561197960881445
76561197960881446
76561197960881447
76561197960881448
76561197960881450
76561197960881451
76561197960881454
76561197960881455
76561197960881456
76561197960881457
76561197960881458
76561197960881461
76561197960881462
76561197960881463
76561197960881467
76561197960881468
76561197960881469
76561197960881471
76561197960881472
76561197960881476
76561197960881479
76561197960881480
76561197960881481
76561197960881482
76561197960881483
76561197960881484
76561197960881485
76561197960881486
76561197960881488
76561197960881489
76561197960881490
76561197960881493
76561197960881494
76561197960881495
76561197960881496
76561197960881498
76561197960881499
76561197960881500
76561197960881502
76561197960881503
76561197960881507
76561197960881508
76561197960881509
76561197960881510
76561197960881513
76561197960881514
76561197960881515
76561197960881517
76561197960881518
76561197960881519
76561197960881521
76561197960881523
76561197960881524
76561197960881527
76561197960881530
76561197960881532
76561197960881534
76561197960881535
76561197960881536
76561197960881538
76561197960881539
76561197960881540
76561197960881541
76561197960881543
76561197960881546
76561197960881547
76561197960881548
76561197960881549
76561197960881550
76561197960881551
76561197960881553
76561197960881554
76561197960881555
76561197960881556
76561197960881557
76561197960881561
76561197960881562
76561197960881565
76561197960881566
76561197960881567
76561197960881568
76561197960881569
76561197960881570
76561197960881574
76561197960881575
76561197960881576
76561197960881577
76561197960881581
76561197960881582
76561197960881584
76561197960881586
76561197960881589
76561197960881590
76561197960881591
76561197960881592
76561197960881594
76561197960881595
76561197960881597
76561197960881598
76561197960881599
76561197960881600
76561197960881601
76561197960881602
76561197960881603
76561197960881604
76561197960881605
76561197960881606
76561197960881608
76561197960881609
76561197960881615
76561197960881616
76561197960881619
76561197960881620
76561197960881621
76561197960881623
76561197960881624
76561197960881625
76561197960881626
76561197960881628
76561197960881629
76561197960881633
76561197960881636
76561197960881637
76561197960881638
76561197960881639
76561197960881640
76561197960881641
76561197960881642
76561197960881643
76561197960881645
76561197960881648
76561197960881651
76561197960881652
76561197960881656
76561197960881657
76561197960881658
76561197960881659
76561197960881661
76561197960881662
76561197960881663
76561197960881664
76561197960881665
76561197960881666
76561197960881668
76561197960881669
76561197960881670
76561197960881671
76561197960881672
76561197960881673
76561197960881676
76561197960881677
76561197960881679
76561197960881680
76561197960881681
76561197960881682
76561197960881684
76561197960881686
76561197960881687
76561197960881689
76561197960881691
76561197960881693
76561197960881694
76561197960881696
76561197960881699
76561197960881700
76561197960881702
76561197960881704
76561197960881705
76561197960881707
76561197960881709
76561197960881711
76561197960881712
76561197960881713
76561197960881714
76561197960881715
76561197960881716
76561197960881718
76561197960881719
76561197960881720
76561197960881721
76561197960881722
76561197960881723
76561197960881724
76561197960881727
76561197960881728
76561197960881729
76561197960881730
76561197960881731
76561197960881732
76561197960881733
76561197960881735
76561197960881736
76561197960881743
76561197960881744
76561197960881745
76561197960881747
76561197960881748
76561197960881749
76561197960881751
76561197960881752
76561197960881755
76561197960881757
76561197960881758
76561197960881759
76561197960881761
76561197960881762
76561197960881763
76561197960881764
76561197960881766
76561197960881767
76561197960881768
76561197960881769
76561197960881773
76561197960881774
76561197960881776
76561197960881777
76561197960881778
76561197960881779
76561197960881780
76561197960881781
76561197960881782
76561197960881783
76561197960881784
76561197960881785
76561197960881786
76561197960881787
76561197960881789
76561197960881790
76561197960881792
76561197960881793
76561197960881794
76561197960881795
76561197960881798
76561197960881799
76561197960881800
76561197960881802
76561197960881803
76561197960881804
76561197960881805
76561197960881806
76561197960881807
76561197960881808
76561197960881809
76561197960881810
76561197960881811
76561197960881812
76561197960881813
76561197960881816
76561197960881817
76561197960881819
76561197960881820
76561197960881822
76561197960881823
76561197960881824
76561197960881827
76561197960881828
76561197960881829
76561197960881830
76561197960881832
76561197960881833
76561197960881835
76561197960881837
76561197960881838
76561197960881839
76561197960881840
76561197960881841
76561197960881842
76561197960881845
76561197960881847
76561197960881848
76561197960881849
76561197960881850
76561197960881852
76561197960881854
76561197960881855
76561197960881856
76561197960881857
76561197960881859
76561197960881860
76561197960881862
76561197960881864
76561197960881867
76561197960881868
76561197960881869
76561197960881870
76561197960881871
76561197960881872
76561197960881873
76561197960881874
76561197960881875
76561197960881876
76561197960881878
76561197960881879
76561197960881880
76561197960881881
76561197960881882
76561197960881883
76561197960881885
76561197960881886
76561197960881887
76561197960881888
76561197960881889
76561197960881891
76561197960881892
76561197960881894
76561197960881897
76561197960881899
76561197960881901
76561197960881904
76561197960881907
76561197960881908
76561197960881909
76561197960881910
76561197960881912
76561197960881913
76561197960881914
76561197960881915
76561197960881916
76561197960881918
76561197960881919
76561197960881921
76561197960881923
76561197960881924
76561197960881925
76561197960881926
76561197960881927
76561197960881928
76561197960881929
76561197960881930
76561197960881933
76561197960881934
76561197960881935
76561197960881938
76561197960881940
76561197960881941
76561197960881942
76561197960881944
76561197960881945
76561197960881947
76561197960881951
76561197960881952
76561197960881953
76561197960881955
76561197960881956
76561197960881957
76561197960881958
76561197960881959
76561197960881960
76561197960881961
76561197960881962
76561197960881964
76561197960881965
76561197960881966
76561197960881967
76561197960881968
76561197960881972
76561197960881973
76561197960881974
76561197960881979
76561197960881980
76561197960881981
76561197960881984
76561197960881987
76561197960881989
76561197960881990
76561197960881993
76561197960881994
76561197960881998
76561197960881999
76561197960882000
76561197960882001
76561197960882003
76561197960882005
76561197960882006
76561197960882007
76561197960882008
76561197960882009
76561197960882010
76561197960882011
76561197960882013
76561197960882014
76561197960882015
76561197960882016
76561197960882017
76561197960882020
76561197960882023
76561197960882026
76561197960882027
76561197960882028
76561197960882029
76561197960882030
76561197960882033
76561197960882034
76561197960882035
76561197960882036
76561197960882037
76561197960882038
76561197960882039
76561197960882040
76561197960882041
76561197960882042
76561197960882043
76561197960882044
76561197960882047
76561197960882048
76561197960882049
76561197960882050
76561197960882051
76561197960882055
76561197960882056
76561197960882057
76561197960882058
76561197960882060
76561197960882062
76561197960882063
76561197960882065
76561197960882067
76561197960882068
76561197960882069
76561197960882071
76561197960882073
76561197960882074
76561197960882078
76561197960882079
76561197960882080
76561197960882083
76561197960882085
76561197960882089
76561197960882090
76561197960882091
76561197960882093
76561197960882094
76561197960882095
76561197960882097
76561197960882099
76561197960882100
76561197960882103
76561197960882107
76561197960882108
76561197960882109
76561197960882110
76561197960882111
76561197960882112
76561197960882114
76561197960882115
76561197960882117
76561197960882119
76561197960882120
76561197960882121
76561197960882125
76561197960882126
76561197960882127
76561197960882129
76561197960882133
76561197960882134
76561197960882135
76561197960882136
76561197960882137
76561197960882138
76561197960882140
76561197960882144
76561197960882145
76561197960882147
76561197960882148
76561197960882149
76561197960882151
76561197960882152
76561197960882153
76561197960882154
76561197960882155
76561197960882156
76561197960882157
76561197960882159
76561197960882160
76561197960882161
76561197960882162
76561197960882163
76561197960882164
76561197960882165
76561197960882166
76561197960882167
76561197960882168
76561197960882169
76561197960882173
76561197960882174
76561197960882175
76561197960882179
76561197960882183
76561197960882184
76561197960882186
76561197960882187
76561197960882188
76561197960882189
76561197960882190
76561197960882191
76561197960882192
76561197960882193
76561197960882194
76561197960882197
76561197960882200
76561197960882201
76561197960882202
76561197960882203
76561197960882205
76561197960882208
76561197960882210
76561197960882212
76561197960882213
76561197960882214
76561197960882216
76561197960882218
76561197960882221
76561197960882222
76561197960882223
76561197960882224
76561197960882226
76561197960882227
76561197960882230
76561197960882233
76561197960882237
76561197960882238
76561197960882240
76561197960882241
76561197960882242
76561197960882243
76561197960882244
76561197960882245
76561197960882248
76561197960882250
