76561197960560687
76561197960560688
76561197960560689
76561197960560690
76561197960560691
76561197960560692
76561197960560694
76561197960560695
76561197960560696
76561197960560697
76561197960560700
76561197960560701
76561197960560702
76561197960560703
76561197960560704
76561197960560705
76561197960560706
76561197960560708
76561197960560709
76561197960560710
76561197960560711
76561197960560712
76561197960560717
76561197960560718
76561197960560719
76561197960560723
76561197960560724
76561197960560726
76561197960560728
76561197960560730
76561197960560731
76561197960560732
76561197960560734
76561197960560735
76561197960560736
76561197960560737
76561197960560738
76561197960560743
76561197960560745
76561197960560746
76561197960560747
76561197960560748
76561197960560750
76561197960560751
76561197960560752
76561197960560753
76561197960560754
76561197960560755
76561197960560756
76561197960560757
76561197960560760
76561197960560762
76561197960560764
76561197960560765
76561197960560766
76561197960560767
76561197960560769
76561197960560772
76561197960560774
76561197960560775
76561197960560777
76561197960560778
76561197960560781
76561197960560782
76561197960560784
76561197960560785
76561197960560786
76561197960560787
76561197960560790
76561197960560791
76561197960560792
76561197960560795
76561197960560796
76561197960560797
76561197960560798
76561197960560799
76561197960560802
76561197960560803
76561197960560804
76561197960560805
76561197960560806
76561197960560807
76561197960560808
76561197960560809
76561197960560810
76561197960560811
76561197960560814
76561197960560815
76561197960560816
76561197960560818
76561197960560819
76561197960560820
76561197960560821
76561197960560824
76561197960560826
76561197960560827
76561197960560829
76561197960560831
76561197960560833
76561197960560834
76561197960560835
76561197960560836
76561197960560838
76561197960560839
76561197960560840
76561197960560841
76561197960560842
76561197960560843
76561197960560844
76561197960560847
76561197960560848
76561197960560850
76561197960560851
76561197960560852
76561197960560853
76561197960560857
76561197960560858
76561197960560859
76561197960560860
76561197960560861
76561197960560862
76561197960560863
76561197960560864
76561197960560866
76561197960560868
76561197960560870
76561197960560871
76561197960560872
76561197960560874
76561197960560876
76561197960560877
76561197960560879
76561197960560880
76561197960560882
76561197960560883
76561197960560884
76561197960560886
76561197960560888
76561197960560891
76561197960560892
76561197960560893
76561197960560894
76561197960560895
76561197960560896
76561197960560897
76561197960560898
76561197960560899
76561197960560900
76561197960560902
76561197960560903
76561197960560904
76561197960560905
76561197960560906
76561197960560907
76561197960560908
76561197960560909
76561197960560910
76561197960560911
76561197960560912
76561197960560913
76561197960560914
76561197960560917
76561197960560919
76561197960560921
76561197960560922
76561197960560923
76561197960560925
76561197960560927
76561197960560929
76561197960560930
76561197960560931
76561197960560932
76561197960560933
76561197960560934
76561197960560935
76561197960560936
76561197960560938
76561197960560939
76561197960560941
76561197960560942
76561197960560943
76561197960560944
76561197960560945
76561197960560947
76561197960560949
76561197960560950
76561197960560951
76561197960560952
76561197960560953
76561197960560955
76561197960560956
76561197960560957
76561197960560958
76561197960560959
76561197960560960
76561197960560961
76561197960560962
76561197960560963
76561197960560964
76561197960560965
76561197960560966
76561197960560967
76561197960560969
76561197960560971
76561197960560974
76561197960560976
76561197960560977
76561197960560978
76561197960560979
76561197960560982
76561197960560983
76561197960560984
76561197960560986
76561197960560987
76561197960560988
76561197960560989
76561197960560990
76561197960560993
76561197960560994
76561197960560996
76561197960560997
76561197960560998
76561197960560999
76561197960561000
76561197960561001
76561197960561002
76561197960561003
76561197960561005
76561197960561006
76561197960561007
76561197960561008
76561197960561009
76561197960561010
76561197960561011
76561197960561012
76561197960561013
76561197960561015
76561197960561016
76561197960561018
76561197960561021
76561197960561022
76561197960561023
76561197960561024
76561197960561025
76561197960561026
76561197960561027
76561197960561028
76561197960561030
76561197960561031
76561197960561032
76561197960561033
76561197960561034
76561197960561035
76561197960561036
76561197960561037
76561197960561038
76561197960561039
76561197960561042
76561197960561043
76561197960561045
76561197960561047
76561197960561048
76561197960561050
76561197960561051
76561197960561052
76561197960561053
76561197960561054
76561197960561055
76561197960561056
76561197960561057
76561197960561058
76561197960561060
76561197960561061
76561197960561062
76561197960561063
76561197960561064
76561197960561065
76561197960561066
76561197960561068
76561197960561070
76561197960561071
76561197960561072
76561197960561075
76561197960561077
76561197960561078
76561197960561079
76561197960561080
76561197960561081
76561197960561082
76561197960561083
76561197960561084
76561197960561085
76561197960561086
76561197960561087
76561197960561088
76561197960561089
76561197960561090
76561197960561091
76561197960561092
76561197960561093
76561197960561094
76561197960561095
76561197960561096
76561197960561097
76561197960561098
76561197960561099
76561197960561100
76561197960561101
76561197960561102
76561197960561104
76561197960561105
76561197960561106
76561197960561107
76561197960561108
76561197960561109
76561197960561110
76561197960561111
76561197960561113
76561197960561114
76561197960561115
76561197960561116
76561197960561117
76561197960561118
76561197960561119
76561197960561120
76561197960561123
76561197960561124
76561197960561125
76561197960561126
76561197960561127
76561197960561128
76561197960561129
76561197960561130
76561197960561131
76561197960561133
76561197960561134
76561197960561135
76561197960561136
76561197960561137
76561197960561138
76561197960561139
76561197960561140
76561197960561142
76561197960561143
76561197960561144
76561197960561148
76561197960561149
76561197960561150
76561197960561151
76561197960561152
76561197960561153
76561197960561155
76561197960561156
76561197960561157
76561197960561158
76561197960561159
76561197960561161
76561197960561163
76561197960561165
76561197960561166
76561197960561167
76561197960561168
76561197960561169
76561197960561171
76561197960561172
76561197960561173
76561197960561175
76561197960561176
76561197960561177
76561197960561178
76561197960561179
76561197960561180
76561197960561181
76561197960561182
76561197960561183
76561197960561184
76561197960561186
76561197960561187
76561197960561189
76561197960561190
76561197960561194
76561197960561195
76561197960561196
76561197960561198
76561197960561199
76561197960561200
76561197960561201
76561197960561202
76561197960561204
76561197960561206
76561197960561208
76561197960561211
76561197960561212
76561197960561213
76561197960561214
76561197960561215
76561197960561216
76561197960561217
76561197960561218
76561197960561219
76561197960561220
76561197960561221
76561197960561222
76561197960561224
76561197960561225
76561197960561226
76561197960561227
76561197960561228
76561197960561229
76561197960561230
76561197960561231
76561197960561232
76561197960561233
76561197960561234
76561197960561235
76561197960561237
76561197960561238
76561197960561239
76561197960561241
76561197960561242
76561197960561244
76561197960561245
76561197960561246
76561197960561248
76561197960561249
76561197960561250
76561197960561251
76561197960561252
76561197960561254
76561197960561255
76561197960561256
76561197960561258
76561197960561259
76561197960561260
76561197960561261
76561197960561263
76561197960561265
76561197960561266
76561197960561267
76561197960561268
76561197960561270
76561197960561271
76561197960561273
76561197960561274
76561197960561275
76561197960561276
76561197960561277
76561197960561278
76561197960561281
76561197960561282
76561197960561283
76561197960561284
76561197960561285
76561197960561287
76561197960561288
76561197960561289
76561197960561290
76561197960561292
76561197960561293
76561197960561294
76561197960561295
76561197960561296
76561197960561298
76561197960561299
76561197960561301
76561197960561302
76561197960561303
76561197960561304
76561197960561306
76561197960561307
76561197960561308
76561197960561309
76561197960561310
76561197960561311
76561197960561312
76561197960561314
76561197960561315
76561197960561316
76561197960561317
76561197960561319
76561197960561320
76561197960561321
76561197960561322
76561197960561323
76561197960561324
76561197960561325
76561197960561326
76561197960561327
76561197960561328
76561197960561329
76561197960561331
76561197960561332
76561197960561333
76561197960561334
76561197960561335
76561197960561337
76561197960561338
76561197960561340
76561197960561343
76561197960561344
76561197960561345
76561197960561346
76561197960561348
76561197960561349
76561197960561350
76561197960561351
76561197960561352
76561197960561353
76561197960561354
76561197960561356
76561197960561357
76561197960561361
76561197960561362
76561197960561364
76561197960561365
76561197960561366
76561197960561370
76561197960561371
76561197960561372
76561197960561374
76561197960561375
76561197960561377
76561197960561378
76561197960561379
76561197960561380
76561197960561382
76561197960561383
76561197960561385
76561197960561386
76561197960561387
76561197960561389
76561197960561390
76561197960561391
76561197960561392
76561197960561394
76561197960561395
76561197960561396
76561197960561397
76561197960561400
76561197960561401
76561197960561402
76561197960561403
76561197960561404
76561197960561405
76561197960561406
76561197960561407
76561197960561408
76561197960561409
76561197960561411
76561197960561412
76561197960561413
76561197960561416
76561197960561417
76561197960561418
76561197960561419
76561197960561422
76561197960561425
76561197960561426
76561197960561427
76561197960561428
76561197960561429
76561197960561431
76561197960561432
76561197960561433
76561197960561434
76561197960561435
76561197960561436
76561197960561437
76561197960561439
76561197960561440
76561197960561443
76561197960561444
76561197960561445
76561197960561446
76561197960561447
76561197960561450
76561197960561451
76561197960561453
76561197960561454
76561197960561455
76561197960561459
76561197960561460
76561197960561462
76561197960561463
76561197960561466
76561197960561467
76561197960561469
76561197960561470
76561197960561471
76561197960561474
76561197960561475
76561197960561476
76561197960561477
76561197960561478
76561197960561479
76561197960561480
76561197960561482
76561197960561483
76561197960561485
76561197960561487
76561197960561488
76561197960561489
76561197960561491
76561197960561492
76561197960561493
76561197960561494
76561197960561495
76561197960561496
76561197960561498
76561197960561499
76561197960561500
76561197960561502
76561197960561503
76561197960561504
76561197960561506
76561197960561507
76561197960561508
76561197960561509
76561197960561511
76561197960561512
76561197960561513
76561197960561514
76561197960561515
76561197960561516
76561197960561517
76561197960561518
76561197960561519
76561197960561520
76561197960561521
76561197960561522
76561197960561524
76561197960561528
76561197960561529
76561197960561530
76561197960561533
76561197960561534
76561197960561535
76561197960561536
76561197960561537
76561197960561538
76561197960561539
76561197960561540
76561197960561541
76561197960561542
76561197960561543
76561197960561544
76561197960561545
76561197960561546
76561197960561547
76561197960561548
76561197960561550
76561197960561551
76561197960561552
76561197960561553
76561197960561554
76561197960561555
76561197960561556
76561197960561558
76561197960561559
76561197960561560
76561197960561561
76561197960561564
76561197960561565
76561197960561567
76561197960561568
76561197960561569
76561197960561572
76561197960561573
76561197960561576
76561197960561577
76561197960561580
76561197960561581
76561197960561582
76561197960561583
76561197960561584
76561197960561586
76561197960561588
76561197960561589
76561197960561590
76561197960561592
76561197960561596
76561197960561597
76561197960561598
76561197960561599
76561197960561600
76561197960561601
76561197960561602
76561197960561603
76561197960561604
76561197960561605
76561197960561606
76561197960561607
76561197960561608
76561197960561609
76561197960561610
76561197960561611
76561197960561613
76561197960561615
76561197960561616
76561197960561618
76561197960561619
76561197960561621
76561197960561623
76561197960561629
76561197960561630
76561197960561631
76561197960561633
76561197960561634
76561197960561635
76561197960561636
76561197960561637
76561197960561638
76561197960561639
76561197960561640
76561197960561642
76561197960561643
76561197960561644
76561197960561647
76561197960561649
76561197960561650
76561197960561651
76561197960561652
76561197960561654
76561197960561655
76561197960561656
76561197960561658
76561197960561659
76561197960561660
76561197960561661
76561197960561662
76561197960561663
76561197960561664
76561197960561665
76561197960561666
76561197960561667
76561197960561668
76561197960561670
76561197960561671
76561197960561673
76561197960561674
76561197960561675
76561197960561676
76561197960561677
76561197960561678
76561197960561679
76561197960561680
76561197960561682
76561197960561685
76561197960561687
76561197960561688
76561197960561690
76561197960561691
76561197960561693
76561197960561694
76561197960561695
76561197960561696
76561197960561698
76561197960561700
76561197960561701
76561197960561702
76561197960561703
76561197960561704
76561197960561705
76561197960561706
76561197960561707
76561197960561708
76561197960561709
76561197960561710
76561197960561712
76561197960561713
76561197960561715
76561197960561716
76561197960561717
76561197960561721
76561197960561722
76561197960561723
76561197960561724
76561197960561725
76561197960561726
76561197960561727
76561197960561728
76561197960561730
76561197960561731
76561197960561732
76561197960561733
76561197960561734
76561197960561735
76561197960561736
76561197960561737
76561197960561738
76561197960561741
76561197960561742
76561197960561743
76561197960561744
76561197960561747
76561197960561748
76561197960561749
76561197960561750
76561197960561752
76561197960561753
76561197960561754
76561197960561755
76561197960561756
76561197960561758
76561197960561759
76561197960561760
76561197960561763
76561197960561765
76561197960561766
76561197960561767
76561197960561768
76561197960561769
76561197960561770
76561197960561771
76561197960561772
76561197960561773
76561197960561774
76561197960561775
76561197960561776
76561197960561778
76561197960561780
76561197960561781
76561197960561782
76561197960561783
76561197960561784
76561197960561786
76561197960561787
76561197960561788
76561197960561789
76561197960561790
76561197960561792
76561197960561793
76561197960561794
76561197960561799
76561197960561801
76561197960561803
76561197960561804
76561197960561806
76561197960561807
76561197960561808
76561197960561809
76561197960561810
76561197960561811
76561197960561812
76561197960561813
76561197960561817
76561197960561818
76561197960561819
76561197960561821
76561197960561822
76561197960561825
76561197960561826
76561197960561829
76561197960561832
76561197960561833
76561197960561834
76561197960561836
76561197960561838
76561197960561840
76561197960561841
76561197960561843
76561197960561844
76561197960561845
76561197960561846
76561197960561847
76561197960561848
76561197960561849
76561197960561850
76561197960561851
76561197960561852
76561197960561853
76561197960561854
76561197960561855
76561197960561857
76561197960561858
76561197960561859
76561197960561860
76561197960561861
76561197960561862
76561197960561864
76561197960561865
76561197960561866
76561197960561867
76561197960561869
76561197960561870
76561197960561871
76561197960561872
76561197960561874
76561197960561875
76561197960561876
76561197960561878
76561197960561879
76561197960561880
76561197960561881
76561197960561882
76561197960561883
76561197960561884
76561197960561885
76561197960561886
76561197960561889
76561197960561890
76561197960561893
76561197960561894
76561197960561895
76561197960561896
76561197960561898
76561197960561899
76561197960561900
76561197960561901
76561197960561903
76561197960561904
76561197960561905
76561197960561906
76561197960561909
76561197960561911
76561197960561913
76561197960561915
76561197960561916
76561197960561917
76561197960561918
76561197960561920
76561197960561922
76561197960561926
76561197960561927
76561197960561928
76561197960561929
76561197960561930
76561197960561931
76561197960561932
76561197960561933
76561197960561935
76561197960561936
76561197960561937
76561197960561938
76561197960561939
76561197960561940
76561197960561942
76561197960561943
76561197960561944
76561197960561947
76561197960561948
76561197960561949
76561197960561950
76561197960561951
76561197960561952
76561197960561953
76561197960561954
76561197960561955
76561197960561956
76561197960561959
76561197960561960
76561197960561963
76561197960561964
76561197960561965
76561197960561966
76561197960561967
76561197960561968
76561197960561970
76561197960561971
76561197960561972
76561197960561973
76561197960561974
76561197960561975
76561197960561977
76561197960561978
76561197960561979
76561197960561981
76561197960561982
76561197960561983
76561197960561984
76561197960561985
76561197960561986
76561197960561987
76561197960561988
76561197960561990
76561197960561992
76561197960561994
76561197960561995
76561197960561996
76561197960561997
76561197960561998
76561197960561999
76561197960562000
76561197960562002
76561197960562003
76561197960562005
76561197960562008
76561197960562009
76561197960562011
76561197960562013
76561197960562015
76561197960562016
76561197960562018
76561197960562019
76561197960562020
76561197960562022
76561197960562023
76561197960562024
76561197960562026
76561197960562027
