76561197960741005
76561197960741011
76561197960741013
76561197960741014
76561197960741015
76561197960741018
76561197960741024
76561197960741027
76561197960741038
76561197960741041
76561197960741042
76561197960741048
76561197960741058
76561197960741060
76561197960741062
76561197960741066
76561197960741067
76561197960741068
76561197960741071
76561197960741072
76561197960741074
76561197960741075
76561197960741077
76561197960741078
76561197960741084
76561197960741088
76561197960741089
76561197960741092
76561197960741097
76561197960741099
76561197960741100
76561197960741104
76561197960741107
76561197960741109
76561197960741110
76561197960741112
76561197960741113
76561197960741120
76561197960741124
76561197960741126
76561197960741132
76561197960741133
76561197960741135
76561197960741143
76561197960741153
76561197960741154
76561197960741158
76561197960741159
76561197960741160
76561197960741169
76561197960741172
76561197960741176
76561197960741177
76561197960741178
76561197960741185
76561197960741186
76561197960741190
76561197960741191
76561197960741192
76561197960741193
76561197960741195
76561197960741196
76561197960741201
76561197960741206
76561197960741207
76561197960741209
76561197960741210
76561197960741217
76561197960741220
76561197960741222
76561197960741224
76561197960741226
76561197960741231
76561197960741233
76561197960741248
76561197960741253
76561197960741257
76561197960741259
76561197960741261
76561197960741264
76561197960741265
76561197960741266
76561197960741267
76561197960741296
76561197960741438
76561197960741454
76561197960741456
76561197960741528
76561197960741797
76561197960741803
76561197960741805
76561197960741815
76561197960741865
76561197960741872
76561197960741874
76561197960741875
76561197960741876
76561197960741877
76561197960741879
76561197960741882
76561197960741883
76561197960741885
76561197960741886
76561197960741890
76561197960741898
76561197960741899
76561197960741900
76561197960741901
76561197960741903
76561197960741905
76561197960741906
76561197960741908
76561197960741909
76561197960741913
76561197960741914
76561197960741916
76561197960741917
76561197960741919
76561197960741921
76561197960741933
76561197960741939
76561197960741941
76561197960741946
76561197960741947
76561197960741948
76561197960741952
76561197960741953
76561197960741957
76561197960741959
76561197960741966
76561197960741967
76561197960741970
76561197960741972
76561197960741973
76561197960741974
76561197960741979
76561197960741984
76561197960741985
76561197960741991
76561197960741993
76561197960741998
76561197960741999
76561197960742000
76561197960742003
76561197960742005
76561197960742018
76561197960742020
76561197960742021
76561197960742022
76561197960742025
76561197960742030
76561197960742032
76561197960742033
76561197960742034
76561197960742035
76561197960742038
76561197960742039
76561197960742040
76561197960742041
76561197960742043
76561197960742045
76561197960742052
76561197960742053
76561197960742055
76561197960742056
76561197960742059
76561197960742064
76561197960742065
76561197960742067
76561197960742072
76561197960742075
76561197960742081
76561197960742085
76561197960742086
76561197960742088
76561197960742092
76561197960742094
76561197960742095
76561197960742099
76561197960742101
76561197960742104
76561197960742107
76561197960742111
76561197960742113
76561197960742116
76561197960742123
76561197960742126
76561197960742127
76561197960742128
76561197960742129
76561197960742133
76561197960742138
76561197960742139
76561197960742144
76561197960742150
76561197960742154
76561197960742155
76561197960742159
76561197960742168
76561197960742175
76561197960742180
76561197960742181
76561197960742182
76561197960742188
76561197960742193
76561197960742194
76561197960742197
76561197960742199
76561197960742201
76561197960742204
76561197960742211
76561197960742212
76561197960742215
76561197960742218
76561197960742219
76561197960742229
76561197960742232
76561197960742234
76561197960742238
76561197960742240
76561197960742241
76561197960742253
76561197960742254
76561197960742255
76561197960742258
76561197960742263
76561197960742268
76561197960742270
76561197960742271
76561197960742283
76561197960742284
76561197960742286
76561197960742287
76561197960742288
76561197960742290
76561197960742291
76561197960742298
76561197960742300
76561197960742302
76561197960742303
76561197960742307
76561197960742313
76561197960742319
76561197960742320
76561197960742321
76561197960742322
76561197960742323
76561197960742327
76561197960742329
76561197960742330
76561197960742331
76561197960742334
76561197960742339
76561197960742340
76561197960742341
76561197960742347
76561197960742350
76561197960742352
76561197960742354
76561197960742356
76561197960742358
76561197960742365
76561197960742366
76561197960742367
76561197960742371
76561197960742377
76561197960742378
76561197960742381
76561197960742382
76561197960742383
76561197960742384
76561197960742385
76561197960742387
76561197960742388
76561197960742391
76561197960742392
76561197960742397
76561197960742398
76561197960742401
76561197960742403
76561197960742405
76561197960742411
76561197960742425
76561197960742426
76561197960742428
76561197960742432
76561197960742433
76561197960742434
76561197960742435
76561197960742436
76561197960742437
76561197960742440
76561197960742444
76561197960742445
76561197960742446
76561197960742447
76561197960742448
76561197960742450
76561197960742457
76561197960742458
76561197960742459
76561197960742461
76561197960742462
76561197960742463
76561197960742464
76561197960742465
76561197960742468
76561197960742478
76561197960742485
76561197960742487
76561197960742490
76561197960742492
76561197960742493
76561197960742498
76561197960742501
76561197960742503
76561197960742504
76561197960742507
76561197960742508
76561197960742509
76561197960742514
76561197960742515
76561197960742516
76561197960742518
76561197960742519
76561197960742523
76561197960742524
76561197960742527
76561197960742531
76561197960742532
76561197960742535
76561197960742538
76561197960742541
76561197960742542
76561197960742548
76561197960742549
76561197960742556
76561197960742558
76561197960742560
76561197960742561
76561197960742563
76561197960742566
76561197960742568
76561197960742569
76561197960742575
76561197960742577
76561197960742580
76561197960742581
76561197960742584
76561197960742587
76561197960742588
76561197960742595
76561197960742596
76561197960742597
76561197960742598
76561197960742599
76561197960742600
76561197960742601
76561197960742602
76561197960742603
76561197960742605
76561197960742608
76561197960742609
76561197960742610
76561197960742611
76561197960742612
76561197960742618
76561197960742621
76561197960742623
76561197960742624
76561197960742630
76561197960742631
76561197960742632
76561197960742633
76561197960742637
76561197960742639
76561197960742647
76561197960742650
76561197960742652
76561197960742653
76561197960742654
76561197960742656
76561197960742659
76561197960742662
76561197960742674
76561197960742675
76561197960742677
76561197960742678
76561197960742683
76561197960742684
76561197960742686
76561197960742690
76561197960742692
76561197960742702
76561197960742703
76561197960742705
76561197960742707
76561197960742713
76561197960742719
76561197960742722
76561197960742724
76561197960742725
76561197960742726
76561197960742727
76561197960742729
76561197960742731
76561197960742734
76561197960742739
76561197960742742
76561197960742743
76561197960742745
76561197960742748
76561197960742750
76561197960742751
76561197960742753
76561197960742756
76561197960742759
76561197960742763
76561197960742766
76561197960742768
76561197960742770
76561197960742774
76561197960742777
76561197960742778
76561197960742781
76561197960742787
76561197960742789
76561197960742790
76561197960742792
76561197960742794
76561197960742799
76561197960742800
76561197960742802
76561197960742803
76561197960742805
76561197960742806
76561197960742810
76561197960742811
76561197960742814
76561197960742815
76561197960742816
76561197960742821
76561197960742822
76561197960742827
76561197960742828
76561197960742835
76561197960742838
76561197960742841
76561197960742843
76561197960742846
76561197960742848
76561197960742852
76561197960742854
76561197960742855
76561197960742856
76561197960742857
76561197960742860
76561197960742862
76561197960742865
76561197960742868
76561197960742874
76561197960742875
76561197960742878
76561197960742880
76561197960742881
76561197960742882
76561197960742884
76561197960742885
76561197960742886
76561197960742890
76561197960742891
76561197960742893
76561197960742897
76561197960742898
76561197960742900
76561197960742903
76561197960742905
76561197960742907
76561197960742910
76561197960742912
76561197960742914
76561197960742915
76561197960742919
76561197960742935
76561197960742936
76561197960742940
76561197960742941
76561197960742946
76561197960742951
76561197960742953
76561197960742954
76561197960742955
76561197960742960
76561197960742964
76561197960742966
76561197960742967
76561197960742971
76561197960742978
76561197960742979
76561197960742982
76561197960742985
76561197960742987
76561197960742989
76561197960742993
76561197960742994
76561197960743001
76561197960743005
76561197960743006
76561197960743007
76561197960743015
76561197960743017
76561197960743021
76561197960743023
76561197960743024
76561197960743025
76561197960743027
76561197960743035
76561197960743037
76561197960743043
76561197960743045
76561197960743056
76561197960743060
76561197960743061
76561197960743062
76561197960743068
76561197960743072
76561197960743076
76561197960743084
76561197960743085
76561197960743086
76561197960743088
76561197960743090
76561197960743091
76561197960743092
76561197960743093
76561197960743094
76561197960743095
76561197960743098
76561197960743102
76561197960743103
76561197960743104
76561197960743109
76561197960743111
76561197960743114
76561197960743116
76561197960743117
76561197960743120
76561197960743127
76561197960743128
76561197960743129
76561197960743135
76561197960743139
76561197960743140
76561197960743143
76561197960743146
76561197960743155
76561197960743156
76561197960743157
76561197960743159
76561197960743161
76561197960743171
76561197960743179
76561197960743186
76561197960743190
76561197960743200
76561197960743201
76561197960743202
76561197960743205
76561197960743213
76561197960743216
76561197960743217
76561197960743218
76561197960743219
76561197960743223
76561197960743235
76561197960743246
76561197960743250
76561197960743253
76561197960743256
76561197960743257
76561197960743258
76561197960743259
76561197960743260
76561197960743262
76561197960743263
76561197960743265
76561197960743266
76561197960743268
76561197960743276
76561197960743278
76561197960743281
76561197960743284
76561197960743290
76561197960743293
76561197960743294
76561197960743295
76561197960743301
76561197960743306
76561197960743307
76561197960743310
76561197960743312
76561197960743313
76561197960743315
76561197960743316
76561197960743317
76561197960743318
76561197960743320
76561197960743332
76561197960743333
76561197960743335
76561197960743336
76561197960743337
76561197960743338
76561197960743339
76561197960743340
76561197960743341
76561197960743342
76561197960743345
76561197960743353
76561197960743363
76561197960743364
76561197960743366
76561197960743368
76561197960743372
76561197960743374
76561197960743375
76561197960743378
76561197960743379
76561197960743382
76561197960743384
76561197960743386
76561197960743389
76561197960743390
76561197960743391
76561197960743392
76561197960743393
76561197960743394
76561197960743395
76561197960743396
76561197960743397
76561197960743399
76561197960743401
76561197960743403
76561197960743404
76561197960743406
76561197960743407
76561197960743409
76561197960743411
76561197960743413
76561197960743416
76561197960743419
76561197960743422
76561197960743424
76561197960743431
76561197960743434
76561197960743435
76561197960743439
76561197960743440
76561197960743442
76561197960743443
76561197960743446
76561197960743451
76561197960743452
76561197960743454
76561197960743455
76561197960743460
76561197960743462
76561197960743465
76561197960743466
76561197960743474
76561197960743476
76561197960743479
76561197960743487
76561197960743488
76561197960743492
76561197960743499
76561197960743501
76561197960743502
76561197960743505
76561197960743507
76561197960743515
76561197960743518
76561197960743521
76561197960743522
76561197960743523
76561197960743526
76561197960743532
76561197960743534
76561197960743541
76561197960743542
76561197960743543
76561197960743545
76561197960743550
76561197960743554
76561197960743555
76561197960743556
76561197960743558
76561197960743561
76561197960743562
76561197960743566
76561197960743568
76561197960743577
76561197960743583
76561197960743584
76561197960743588
76561197960743592
76561197960743597
76561197960743598
76561197960743603
76561197960743609
76561197960743610
76561197960743613
76561197960743620
76561197960743621
76561197960743626
76561197960743631
76561197960743633
76561197960743635
76561197960743640
76561197960743643
76561197960743650
76561197960743651
76561197960743655
76561197960743656
76561197960743662
76561197960743663
76561197960743664
76561197960743665
76561197960743666
76561197960743669
76561197960743678
76561197960743679
76561197960743689
76561197960743696
76561197960743697
76561197960743698
76561197960743699
76561197960743700
76561197960743701
76561197960743702
76561197960743704
76561197960743705
76561197960743707
76561197960743708
76561197960743711
76561197960743720
76561197960743723
76561197960743724
76561197960743727
76561197960743729
76561197960743731
76561197960743736
76561197960743738
76561197960743742
76561197960743743
76561197960743746
76561197960743747
76561197960743748
76561197960743750
76561197960743754
76561197960743755
76561197960743757
76561197960743758
76561197960743760
76561197960743764
76561197960743767
76561197960743771
76561197960743773
76561197960743774
76561197960743776
76561197960743778
76561197960743780
76561197960743781
76561197960743784
76561197960743786
76561197960743788
76561197960743789
76561197960743790
76561197960743792
76561197960743803
76561197960743804
76561197960743805
76561197960743808
76561197960743809
76561197960743811
76561197960743816
76561197960743820
76561197960743821
76561197960743826
76561197960743829
76561197960743830
76561197960743833
76561197960743836
76561197960743838
76561197960743839
76561197960743840
76561197960743842
76561197960743846
76561197960743856
76561197960743860
76561197960743861
76561197960743868
76561197960743869
76561197960743870
76561197960743878
76561197960743879
76561197960743882
76561197960743883
76561197960743885
76561197960743887
76561197960743888
76561197960743889
76561197960743891
76561197960743897
76561197960743899
76561197960743903
76561197960743905
76561197960743906
76561197960743909
76561197960743910
76561197960743913
76561197960743915
76561197960743917
76561197960743918
76561197960743919
76561197960743922
76561197960743923
76561197960743929
76561197960743936
76561197960743937
76561197960743947
76561197960743952
76561197960743953
76561197960743960
76561197960743964
76561197960743967
76561197960743973
76561197960743974
76561197960743976
76561197960743977
76561197960743980
76561197960743981
76561197960743988
76561197960743989
76561197960743991
76561197960743996
76561197960743997
76561197960744001
76561197960744005
76561197960744006
76561197960744007
76561197960744009
76561197960744012
76561197960744020
76561197960744021
76561197960744022
76561197960744025
76561197960744026
76561197960744029
76561197960744030
76561197960744032
76561197960744033
76561197960744037
76561197960744041
76561197960744044
76561197960744045
76561197960744046
76561197960744052
76561197960744057
76561197960744058
76561197960744059
76561197960744063
76561197960744069
76561197960744071
76561197960744073
76561197960744075
76561197960744077
76561197960744081
76561197960744085
76561197960744086
76561197960744091
76561197960744092
76561197960744102
76561197960744105
76561197960744109
76561197960744112
76561197960744116
76561197960744118
76561197960744120
76561197960744121
76561197960744122
76561197960744124
76561197960744127
76561197960744131
76561197960744133
76561197960744134
76561197960744140
76561197960744141
76561197960744142
76561197960744144
76561197960744149
76561197960744150
76561197960744151
76561197960744153
76561197960744158
76561197960744162
76561197960744164
76561197960744170
76561197960744173
76561197960744174
76561197960744177
76561197960744178
76561197960744180
76561197960744183
76561197960744185
76561197960744188
76561197960744189
76561197960744191
76561197960744193
76561197960744195
76561197960744196
76561197960744197
76561197960744199
76561197960744201
76561197960744203
76561197960744205
76561197960744217
76561197960744218
76561197960744219
76561197960744222
76561197960744232
76561197960744234
76561197960744239
76561197960744242
76561197960744243
76561197960744245
76561197960744247
76561197960744248
76561197960744251
76561197960744252
76561197960744258
76561197960744259
76561197960744260
76561197960744262
76561197960744265
76561197960744268
76561197960744269
76561197960744275
76561197960744278
76561197960744279
76561197960744280
76561197960744282
76561197960744286
76561197960744288
76561197960744292
76561197960744293
76561197960744294
76561197960744296
76561197960744301
76561197960744305
76561197960744307
76561197960744312
76561197960744316
76561197960744328
76561197960744329
76561197960744331
76561197960744332
76561197960744335
76561197960744340
76561197960744343
76561197960744349
76561197960744351
76561197960744352
76561197960744353
76561197960744356
76561197960744362
76561197960744365
76561197960744366
76561197960744367
76561197960744371
76561197960744372
76561197960744373
76561197960744377
76561197960744384
76561197960744386
76561197960744388
76561197960744391
76561197960744400
76561197960744403
76561197960744406
76561197960744414
76561197960744415
76561197960744420
76561197960744422
76561197960744425
76561197960744429
76561197960744434
76561197960744435
76561197960744436
76561197960744437
