76561197961129031
76561197961129032
76561197961129033
76561197961129034
76561197961129035
76561197961129036
76561197961129038
76561197961129039
76561197961129042
76561197961129044
76561197961129045
76561197961129046
76561197961129047
76561197961129048
76561197961129050
76561197961129056
76561197961129057
76561197961129058
76561197961129062
76561197961129063
76561197961129065
76561197961129066
76561197961129069
76561197961129070
76561197961129071
76561197961129072
76561197961129073
76561197961129074
76561197961129075
76561197961129076
76561197961129080
76561197961129081
76561197961129082
76561197961129086
76561197961129087
76561197961129088
76561197961129092
76561197961129094
76561197961129097
76561197961129098
76561197961129100
76561197961129101
76561197961129102
76561197961129103
76561197961129106
76561197961129108
76561197961129110
76561197961129111
76561197961129112
76561197961129113
76561197961129114
76561197961129115
76561197961129116
76561197961129120
76561197961129122
76561197961129123
76561197961129124
76561197961129125
76561197961129126
76561197961129127
76561197961129128
76561197961129130
76561197961129132
76561197961129140
76561197961129142
76561197961129143
76561197961129144
76561197961129145
76561197961129146
76561197961129147
76561197961129148
76561197961129149
76561197961129152
76561197961129153
76561197961129154
76561197961129156
76561197961129158
76561197961129159
76561197961129160
76561197961129161
76561197961129163
76561197961129165
76561197961129168
76561197961129169
76561197961129170
76561197961129171
76561197961129176
76561197961129177
76561197961129178
76561197961129180
76561197961129181
76561197961129183
76561197961129184
76561197961129186
76561197961129187
76561197961129188
76561197961129194
76561197961129195
76561197961129197
76561197961129199
76561197961129200
76561197961129203
76561197961129205
76561197961129206
76561197961129207
76561197961129208
76561197961129210
76561197961129211
76561197961129212
76561197961129213
76561197961129214
76561197961129215
76561197961129216
76561197961129217
76561197961129219
76561197961129221
76561197961129222
76561197961129225
76561197961129227
76561197961129229
76561197961129230
76561197961129231
76561197961129234
76561197961129235
76561197961129237
76561197961129240
76561197961129241
76561197961129242
76561197961129244
76561197961129245
76561197961129247
76561197961129248
76561197961129249
76561197961129250
76561197961129252
76561197961129254
76561197961129256
76561197961129258
76561197961129259
76561197961129261
76561197961129262
76561197961129263
76561197961129264
76561197961129265
76561197961129266
76561197961129268
76561197961129269
76561197961129271
76561197961129272
76561197961129273
76561197961129274
76561197961129277
76561197961129278
76561197961129279
76561197961129280
76561197961129281
76561197961129283
76561197961129285
76561197961129288
76561197961129291
76561197961129293
76561197961129294
76561197961129296
76561197961129297
76561197961129299
76561197961129300
76561197961129302
76561197961129304
76561197961129305
76561197961129306
76561197961129308
76561197961129310
76561197961129312
76561197961129314
76561197961129316
76561197961129317
76561197961129318
76561197961129319
76561197961129321
76561197961129322
76561197961129323
76561197961129324
76561197961129328
76561197961129329
76561197961129330
76561197961129331
76561197961129333
76561197961129335
76561197961129336
76561197961129337
76561197961129339
76561197961129341
76561197961129342
76561197961129343
76561197961129345
76561197961129346
76561197961129347
76561197961129348
76561197961129349
76561197961129351
76561197961129355
76561197961129356
76561197961129357
76561197961129360
76561197961129361
76561197961129363
76561197961129364
76561197961129366
76561197961129367
76561197961129369
76561197961129370
76561197961129373
76561197961129374
76561197961129376
76561197961129377
76561197961129380
76561197961129381
76561197961129382
76561197961129383
76561197961129384
76561197961129385
76561197961129386
76561197961129388
76561197961129390
76561197961129391
76561197961129395
76561197961129396
76561197961129397
76561197961129400
76561197961129402
76561197961129403
76561197961129404
76561197961129409
76561197961129410
76561197961129411
76561197961129412
76561197961129413
76561197961129416
76561197961129420
76561197961129421
76561197961129425
76561197961129426
76561197961129427
76561197961129430
76561197961129431
76561197961129434
76561197961129435
76561197961129436
76561197961129437
76561197961129438
76561197961129439
76561197961129440
76561197961129441
76561197961129442
76561197961129444
76561197961129445
76561197961129446
76561197961129449
76561197961129450
76561197961129452
76561197961129453
76561197961129455
76561197961129456
76561197961129457
76561197961129458
76561197961129459
76561197961129460
76561197961129462
76561197961129464
76561197961129465
76561197961129470
76561197961129471
76561197961129474
76561197961129478
76561197961129479
76561197961129481
76561197961129482
76561197961129484
76561197961129485
76561197961129486
76561197961129487
76561197961129490
76561197961129493
76561197961129495
76561197961129498
76561197961129499
76561197961129500
76561197961129501
76561197961129502
76561197961129504
76561197961129505
76561197961129508
76561197961129511
76561197961129514
76561197961129515
76561197961129516
76561197961129518
76561197961129519
76561197961129520
76561197961129521
76561197961129524
76561197961129525
76561197961129526
76561197961129527
76561197961129528
76561197961129529
76561197961129530
76561197961129531
76561197961129532
76561197961129533
76561197961129536
76561197961129539
76561197961129540
76561197961129541
76561197961129542
76561197961129543
76561197961129544
76561197961129545
76561197961129548
76561197961129550
76561197961129551
76561197961129552
76561197961129553
76561197961129554
76561197961129555
76561197961129556
76561197961129557
76561197961129559
76561197961129560
76561197961129561
76561197961129562
76561197961129563
76561197961129564
76561197961129565
76561197961129566
76561197961129568
76561197961129569
76561197961129570
76561197961129571
76561197961129573
76561197961129574
76561197961129576
76561197961129579
76561197961129580
76561197961129582
76561197961129583
76561197961129584
76561197961129588
76561197961129589
76561197961129591
76561197961129592
76561197961129593
76561197961129595
76561197961129598
76561197961129599
76561197961129600
76561197961129601
76561197961129602
76561197961129604
76561197961129605
76561197961129606
76561197961129607
76561197961129608
76561197961129609
76561197961129613
76561197961129614
76561197961129615
76561197961129616
76561197961129617
76561197961129619
76561197961129621
76561197961129623
76561197961129625
76561197961129626
76561197961129630
76561197961129632
76561197961129633
76561197961129634
76561197961129635
76561197961129638
76561197961129639
76561197961129640
76561197961129641
76561197961129642
76561197961129645
76561197961129646
76561197961129647
76561197961129649
76561197961129651
76561197961129652
76561197961129653
76561197961129654
76561197961129655
76561197961129657
76561197961129658
76561197961129659
76561197961129660
76561197961129661
76561197961129662
76561197961129663
76561197961129664
76561197961129665
76561197961129667
76561197961129668
76561197961129669
76561197961129670
76561197961129671
76561197961129672
76561197961129676
76561197961129679
76561197961129680
76561197961129681
76561197961129682
76561197961129684
76561197961129687
76561197961129688
76561197961129690
76561197961129691
76561197961129692
76561197961129693
76561197961129695
76561197961129698
76561197961129700
76561197961129701
76561197961129702
76561197961129703
76561197961129704
76561197961129707
76561197961129708
76561197961129709
76561197961129712
76561197961129717
76561197961129718
76561197961129720
76561197961129721
76561197961129722
76561197961129724
76561197961129725
76561197961129726
76561197961129727
76561197961129728
76561197961129731
76561197961129732
76561197961129736
76561197961129739
76561197961129740
76561197961129741
76561197961129746
76561197961129749
76561197961129752
76561197961129753
76561197961129757
76561197961129758
76561197961129759
76561197961129760
76561197961129761
76561197961129763
76561197961129764
76561197961129765
76561197961129766
76561197961129768
76561197961129771
76561197961129772
76561197961129773
76561197961129775
76561197961129776
76561197961129778
76561197961129782
76561197961129783
76561197961129784
76561197961129786
76561197961129788
76561197961129793
76561197961129796
76561197961129798
76561197961129801
76561197961129803
76561197961129804
76561197961129810
76561197961129813
76561197961129814
76561197961129815
76561197961129817
76561197961129821
76561197961129823
76561197961129824
76561197961129827
76561197961129830
76561197961129831
76561197961129832
76561197961129835
76561197961129837
76561197961129840
76561197961129842
76561197961129844
76561197961129845
76561197961129846
76561197961129847
76561197961129848
76561197961129850
76561197961129852
76561197961129853
76561197961129854
76561197961129855
76561197961129856
76561197961129858
76561197961129861
76561197961129865
76561197961129866
76561197961129867
76561197961129869
76561197961129870
76561197961129871
76561197961129874
76561197961129878
76561197961129879
76561197961129882
76561197961129883
76561197961129884
76561197961129885
76561197961129886
76561197961129887
76561197961129891
76561197961129894
76561197961129895
76561197961129896
76561197961129897
76561197961129899
76561197961129901
76561197961129903
76561197961129904
76561197961129905
76561197961129907
76561197961129908
76561197961129909
76561197961129910
76561197961129911
76561197961129912
76561197961129914
76561197961129915
76561197961129917
76561197961129919
76561197961129920
76561197961129922
76561197961129924
76561197961129926
76561197961129927
76561197961129928
76561197961129930
76561197961129932
76561197961129933
76561197961129934
76561197961129935
76561197961129936
76561197961129939
76561197961129941
76561197961129942
76561197961129943
76561197961129944
76561197961129945
76561197961129946
76561197961129947
76561197961129948
76561197961129950
76561197961129951
76561197961129952
76561197961129953
76561197961129956
76561197961129960
76561197961129963
76561197961129965
76561197961129966
76561197961129967
76561197961129968
76561197961129970
76561197961129971
76561197961129972
76561197961129973
76561197961129976
76561197961129977
76561197961129978
76561197961129979
76561197961129983
76561197961129986
76561197961129989
76561197961129992
76561197961129993
76561197961129996
76561197961129998
76561197961129999
76561197961130001
76561197961130005
76561197961130007
76561197961130008
76561197961130009
76561197961130010
76561197961130012
76561197961130014
76561197961130015
76561197961130017
76561197961130018
76561197961130021
76561197961130023
76561197961130025
76561197961130027
76561197961130030
76561197961130031
76561197961130032
76561197961130033
76561197961130034
76561197961130036
76561197961130041
76561197961130043
76561197961130044
76561197961130045
76561197961130046
76561197961130047
76561197961130048
76561197961130050
76561197961130051
76561197961130059
76561197961130061
76561197961130062
76561197961130064
76561197961130065
76561197961130067
76561197961130068
76561197961130069
76561197961130071
76561197961130072
76561197961130074
76561197961130076
76561197961130077
76561197961130080
76561197961130081
76561197961130082
76561197961130084
76561197961130085
76561197961130087
76561197961130090
76561197961130092
76561197961130093
76561197961130094
76561197961130096
76561197961130097
76561197961130098
76561197961130100
76561197961130102
76561197961130103
76561197961130106
76561197961130107
76561197961130108
76561197961130111
76561197961130112
76561197961130113
76561197961130114
76561197961130118
76561197961130119
76561197961130121
76561197961130123
76561197961130124
76561197961130128
76561197961130129
76561197961130130
76561197961130131
76561197961130132
76561197961130133
76561197961130134
76561197961130135
76561197961130136
76561197961130139
76561197961130140
76561197961130141
76561197961130144
76561197961130149
76561197961130150
76561197961130152
76561197961130154
76561197961130159
76561197961130160
76561197961130161
76561197961130162
76561197961130165
76561197961130166
76561197961130168
76561197961130169
76561197961130170
76561197961130171
76561197961130172
76561197961130175
76561197961130176
76561197961130177
76561197961130178
76561197961130180
76561197961130181
76561197961130185
76561197961130186
76561197961130187
76561197961130189
76561197961130192
76561197961130193
76561197961130195
76561197961130196
76561197961130197
76561197961130198
76561197961130199
76561197961130200
76561197961130202
76561197961130203
76561197961130204
76561197961130205
76561197961130206
76561197961130208
76561197961130209
76561197961130210
76561197961130211
76561197961130214
76561197961130216
76561197961130217
76561197961130220
76561197961130221
76561197961130224
76561197961130225
76561197961130226
76561197961130229
76561197961130231
76561197961130232
76561197961130233
76561197961130235
76561197961130236
76561197961130237
76561197961130238
76561197961130239
76561197961130240
76561197961130241
76561197961130244
76561197961130246
76561197961130249
76561197961130252
76561197961130259
76561197961130265
76561197961130267
76561197961130268
76561197961130269
76561197961130270
76561197961130271
76561197961130273
76561197961130278
76561197961130280
76561197961130281
76561197961130282
76561197961130283
76561197961130285
76561197961130288
76561197961130289
76561197961130290
76561197961130291
76561197961130296
76561197961130299
76561197961130300
76561197961130304
76561197961130305
76561197961130306
76561197961130308
76561197961130309
76561197961130314
76561197961130315
76561197961130316
76561197961130317
76561197961130319
76561197961130322
76561197961130324
76561197961130325
76561197961130328
76561197961130329
76561197961130330
76561197961130331
76561197961130333
76561197961130335
76561197961130336
76561197961130338
76561197961130339
76561197961130340
76561197961130342
76561197961130343
76561197961130346
76561197961130347
76561197961130350
76561197961130351
76561197961130353
76561197961130354
76561197961130356
76561197961130357
76561197961130358
76561197961130360
76561197961130364
76561197961130365
76561197961130369
76561197961130372
76561197961130374
76561197961130376
76561197961130377
76561197961130378
76561197961130379
76561197961130380
76561197961130381
76561197961130382
76561197961130383
76561197961130384
76561197961130385
76561197961130387
76561197961130389
76561197961130394
76561197961130397
76561197961130400
76561197961130402
76561197961130404
76561197961130405
76561197961130406
76561197961130407
76561197961130412
76561197961130415
76561197961130417
76561197961130418
76561197961130419
76561197961130422
76561197961130424
76561197961130426
76561197961130428
76561197961130429
76561197961130430
76561197961130431
76561197961130432
76561197961130433
76561197961130434
76561197961130435
76561197961130436
76561197961130437
76561197961130438
76561197961130440
76561197961130441
76561197961130444
76561197961130445
76561197961130446
76561197961130447
76561197961130448
76561197961130449
76561197961130450
76561197961130452
76561197961130454
76561197961130455
76561197961130456
76561197961130457
76561197961130458
76561197961130459
76561197961130460
76561197961130461
76561197961130462
76561197961130463
76561197961130464
76561197961130466
76561197961130467
76561197961130470
76561197961130471
76561197961130474
76561197961130475
76561197961130476
76561197961130479
76561197961130480
76561197961130481
76561197961130482
76561197961130483
76561197961130485
76561197961130486
76561197961130488
76561197961130490
76561197961130495
76561197961130497
76561197961130499
76561197961130500
76561197961130507
76561197961130508
76561197961130510
76561197961130511
76561197961130512
76561197961130513
76561197961130516
76561197961130517
76561197961130518
76561197961130519
76561197961130520
76561197961130521
76561197961130523
76561197961130524
76561197961130525
76561197961130526
76561197961130527
76561197961130529
76561197961130530
76561197961130532
76561197961130533
76561197961130535
76561197961130536
76561197961130538
76561197961130540
76561197961130542
76561197961130543
76561197961130545
76561197961130546
76561197961130548
76561197961130549
76561197961130551
76561197961130553
76561197961130556
76561197961130557
76561197961130558
76561197961130560
76561197961130561
76561197961130564
76561197961130565
76561197961130567
76561197961130568
76561197961130572
76561197961130575
76561197961130577
76561197961130578
76561197961130579
76561197961130582
76561197961130583
76561197961130585
76561197961130586
76561197961130587
76561197961130588
76561197961130592
76561197961130594
76561197961130596
76561197961130599
76561197961130601
76561197961130602
76561197961130604
76561197961130606
76561197961130608
76561197961130610
76561197961130613
76561197961130616
76561197961130617
76561197961130621
76561197961130622
76561197961130623
76561197961130625
76561197961130626
76561197961130627
76561197961130628
76561197961130629
76561197961130631
76561197961130634
76561197961130635
76561197961130636
76561197961130637
76561197961130639
76561197961130640
76561197961130641
76561197961130643
76561197961130644
76561197961130645
76561197961130646
76561197961130647
76561197961130649
76561197961130650
76561197961130652
76561197961130653
76561197961130654
76561197961130655
76561197961130656
76561197961130662
76561197961130663
76561197961130665
76561197961130666
76561197961130667
76561197961130669
76561197961130670
76561197961130671
76561197961130672
76561197961130674
76561197961130676
76561197961130677
76561197961130678
76561197961130679
76561197961130680
76561197961130682
76561197961130683
76561197961130684
76561197961130685
76561197961130686
76561197961130687
76561197961130691
76561197961130694
76561197961130699
76561197961130706
76561197961130707
