76561197960555112
76561197960555113
76561197960555115
76561197960555117
76561197960555119
76561197960555120
76561197960555121
76561197960555122
76561197960555123
76561197960555124
76561197960555125
76561197960555126
76561197960555129
76561197960555130
76561197960555131
76561197960555132
76561197960555134
76561197960555135
76561197960555136
76561197960555138
76561197960555139
76561197960555140
76561197960555141
76561197960555142
76561197960555143
76561197960555145
76561197960555146
76561197960555147
76561197960555148
76561197960555150
76561197960555152
76561197960555153
76561197960555154
76561197960555156
76561197960555157
76561197960555158
76561197960555159
76561197960555160
76561197960555161
76561197960555162
76561197960555163
76561197960555164
76561197960555165
76561197960555166
76561197960555167
76561197960555168
76561197960555169
76561197960555171
76561197960555172
76561197960555173
76561197960555174
76561197960555175
76561197960555176
76561197960555177
76561197960555178
76561197960555179
76561197960555180
76561197960555181
76561197960555182
76561197960555183
76561197960555184
76561197960555185
76561197960555188
76561197960555189
76561197960555190
76561197960555191
76561197960555192
76561197960555193
76561197960555194
76561197960555195
76561197960555196
76561197960555197
76561197960555198
76561197960555199
76561197960555200
76561197960555201
76561197960555202
76561197960555203
76561197960555204
76561197960555205
76561197960555208
76561197960555209
76561197960555210
76561197960555211
76561197960555212
76561197960555213
76561197960555215
76561197960555216
76561197960555218
76561197960555219
76561197960555220
76561197960555221
76561197960555222
76561197960555223
76561197960555224
76561197960555225
76561197960555226
76561197960555228
76561197960555229
76561197960555230
76561197960555232
76561197960555236
76561197960555237
76561197960555239
76561197960555240
76561197960555241
76561197960555242
76561197960555243
76561197960555244
76561197960555245
76561197960555246
76561197960555248
76561197960555249
76561197960555250
76561197960555251
76561197960555252
76561197960555253
76561197960555255
76561197960555256
76561197960555258
76561197960555259
76561197960555260
76561197960555261
76561197960555262
76561197960555264
76561197960555265
76561197960555267
76561197960555268
76561197960555269
76561197960555270
76561197960555271
76561197960555272
76561197960555273
76561197960555275
76561197960555277
76561197960555278
76561197960555279
76561197960555281
76561197960555282
76561197960555283
76561197960555286
76561197960555288
76561197960555289
76561197960555290
76561197960555291
76561197960555293
76561197960555294
76561197960555297
76561197960555298
76561197960555299
76561197960555300
76561197960555301
76561197960555302
76561197960555305
76561197960555306
76561197960555307
76561197960555308
76561197960555309
76561197960555311
76561197960555313
76561197960555315
76561197960555316
76561197960555317
76561197960555319
76561197960555320
76561197960555321
76561197960555322
76561197960555324
76561197960555325
76561197960555327
76561197960555328
76561197960555330
76561197960555331
76561197960555332
76561197960555333
76561197960555334
76561197960555336
76561197960555337
76561197960555338
76561197960555339
76561197960555340
76561197960555341
76561197960555342
76561197960555343
76561197960555344
76561197960555346
76561197960555347
76561197960555348
76561197960555349
76561197960555350
76561197960555351
76561197960555352
76561197960555353
76561197960555354
76561197960555355
76561197960555356
76561197960555357
76561197960555360
76561197960555361
76561197960555364
76561197960555366
76561197960555368
76561197960555369
76561197960555370
76561197960555371
76561197960555372
76561197960555373
76561197960555374
76561197960555375
76561197960555376
76561197960555377
76561197960555379
76561197960555380
76561197960555381
76561197960555382
76561197960555383
76561197960555384
76561197960555385
76561197960555387
76561197960555389
76561197960555391
76561197960555392
76561197960555394
76561197960555395
76561197960555396
76561197960555397
76561197960555398
76561197960555400
76561197960555402
76561197960555403
76561197960555404
76561197960555405
76561197960555407
76561197960555409
76561197960555410
76561197960555411
76561197960555412
76561197960555415
76561197960555416
76561197960555417
76561197960555418
76561197960555421
76561197960555424
76561197960555425
76561197960555426
76561197960555427
76561197960555428
76561197960555430
76561197960555431
76561197960555432
76561197960555433
76561197960555434
76561197960555435
76561197960555438
76561197960555439
76561197960555441
76561197960555442
76561197960555443
76561197960555445
76561197960555447
76561197960555448
76561197960555449
76561197960555450
76561197960555451
76561197960555452
76561197960555454
76561197960555455
76561197960555456
76561197960555457
76561197960555458
76561197960555459
76561197960555460
76561197960555461
76561197960555462
76561197960555463
76561197960555465
76561197960555466
76561197960555467
76561197960555469
76561197960555470
76561197960555471
76561197960555472
76561197960555475
76561197960555476
76561197960555478
76561197960555479
76561197960555480
76561197960555481
76561197960555482
76561197960555483
76561197960555484
76561197960555485
76561197960555487
76561197960555491
76561197960555492
76561197960555493
76561197960555494
76561197960555496
76561197960555497
76561197960555499
76561197960555500
76561197960555501
76561197960555502
76561197960555503
76561197960555504
76561197960555505
76561197960555506
76561197960555508
76561197960555510
76561197960555511
76561197960555513
76561197960555515
76561197960555516
76561197960555519
76561197960555522
76561197960555523
76561197960555525
76561197960555526
76561197960555527
76561197960555528
76561197960555529
76561197960555530
76561197960555531
76561197960555532
76561197960555533
76561197960555534
76561197960555536
76561197960555537
76561197960555538
76561197960555540
76561197960555541
76561197960555542
76561197960555545
76561197960555547
76561197960555548
76561197960555549
76561197960555550
76561197960555551
76561197960555552
76561197960555553
76561197960555554
76561197960555555
76561197960555556
76561197960555557
76561197960555558
76561197960555559
76561197960555560
76561197960555561
76561197960555563
76561197960555564
76561197960555565
76561197960555567
76561197960555568
76561197960555569
76561197960555570
76561197960555571
76561197960555572
76561197960555573
76561197960555574
76561197960555575
76561197960555576
76561197960555577
76561197960555579
76561197960555580
76561197960555581
76561197960555582
76561197960555584
76561197960555586
76561197960555587
76561197960555588
76561197960555589
76561197960555590
76561197960555591
76561197960555592
76561197960555594
76561197960555596
76561197960555599
76561197960555601
76561197960555604
76561197960555605
76561197960555606
76561197960555607
76561197960555608
76561197960555611
76561197960555612
76561197960555613
76561197960555614
76561197960555615
76561197960555617
76561197960555619
76561197960555621
76561197960555622
76561197960555623
76561197960555624
76561197960555625
76561197960555628
76561197960555630
76561197960555632
76561197960555633
76561197960555634
76561197960555636
76561197960555638
76561197960555639
76561197960555640
76561197960555641
76561197960555642
76561197960555645
76561197960555646
76561197960555648
76561197960555649
76561197960555651
76561197960555652
76561197960555656
76561197960555657
76561197960555658
76561197960555659
76561197960555660
76561197960555662
76561197960555663
76561197960555664
76561197960555665
76561197960555667
76561197960555668
76561197960555670
76561197960555672
76561197960555676
76561197960555677
76561197960555678
76561197960555680
76561197960555681
76561197960555682
76561197960555683
76561197960555684
76561197960555685
76561197960555686
76561197960555687
76561197960555688
76561197960555689
76561197960555691
76561197960555693
76561197960555694
76561197960555696
76561197960555698
76561197960555699
76561197960555700
76561197960555701
76561197960555702
76561197960555703
76561197960555704
76561197960555705
76561197960555706
76561197960555707
76561197960555708
76561197960555709
76561197960555710
76561197960555711
76561197960555713
76561197960555714
76561197960555716
76561197960555717
76561197960555719
76561197960555720
76561197960555721
76561197960555722
76561197960555723
76561197960555724
76561197960555727
76561197960555730
76561197960555731
76561197960555732
76561197960555733
76561197960555734
76561197960555735
76561197960555736
76561197960555737
76561197960555738
76561197960555739
76561197960555740
76561197960555741
76561197960555746
76561197960555747
76561197960555748
76561197960555749
76561197960555750
76561197960555753
76561197960555754
76561197960555756
76561197960555757
76561197960555758
76561197960555760
76561197960555761
76561197960555762
76561197960555763
76561197960555764
76561197960555765
76561197960555766
76561197960555768
76561197960555769
76561197960555771
76561197960555773
76561197960555774
76561197960555775
76561197960555776
76561197960555777
76561197960555780
76561197960555782
76561197960555783
76561197960555784
76561197960555786
76561197960555787
76561197960555789
76561197960555790
76561197960555792
76561197960555793
76561197960555794
76561197960555795
76561197960555801
76561197960555803
76561197960555805
76561197960555807
76561197960555808
76561197960555809
76561197960555810
76561197960555811
76561197960555812
76561197960555814
76561197960555816
76561197960555817
76561197960555818
76561197960555819
76561197960555820
76561197960555822
76561197960555823
76561197960555824
76561197960555827
76561197960555828
76561197960555829
76561197960555830
76561197960555832
76561197960555834
76561197960555835
76561197960555836
76561197960555837
76561197960555838
76561197960555839
76561197960555840
76561197960555842
76561197960555843
76561197960555844
76561197960555845
76561197960555846
76561197960555847
76561197960555848
76561197960555849
76561197960555850
76561197960555853
76561197960555854
76561197960555856
76561197960555857
76561197960555858
76561197960555860
76561197960555862
76561197960555863
76561197960555864
76561197960555865
76561197960555867
76561197960555868
76561197960555869
76561197960555870
76561197960555871
76561197960555872
76561197960555873
76561197960555874
76561197960555875
76561197960555876
76561197960555879
76561197960555880
76561197960555881
76561197960555882
76561197960555883
76561197960555884
76561197960555885
76561197960555886
76561197960555887
76561197960555888
76561197960555891
76561197960555892
76561197960555893
76561197960555894
76561197960555895
76561197960555896
76561197960555897
76561197960555899
76561197960555900
76561197960555902
76561197960555903
76561197960555905
76561197960555906
76561197960555907
76561197960555908
76561197960555909
76561197960555910
76561197960555913
76561197960555914
76561197960555915
76561197960555916
76561197960555917
76561197960555918
76561197960555919
76561197960555920
76561197960555921
76561197960555922
76561197960555924
76561197960555925
76561197960555926
76561197960555927
76561197960555928
76561197960555929
76561197960555930
76561197960555931
76561197960555932
76561197960555933
76561197960555934
76561197960555935
76561197960555936
76561197960555937
76561197960555938
76561197960555939
76561197960555940
76561197960555943
76561197960555944
76561197960555945
76561197960555946
76561197960555947
76561197960555949
76561197960555951
76561197960555952
76561197960555953
76561197960555954
76561197960555955
76561197960555957
76561197960555958
76561197960555959
76561197960555960
76561197960555961
76561197960555962
76561197960555964
76561197960555965
76561197960555968
76561197960555969
76561197960555970
76561197960555972
76561197960555973
76561197960555974
76561197960555975
76561197960555976
76561197960555977
76561197960555979
76561197960555980
76561197960555981
76561197960555982
76561197960555984
76561197960555987
76561197960555988
76561197960555990
76561197960555992
76561197960555995
76561197960555996
76561197960555997
76561197960555998
76561197960555999
76561197960556000
76561197960556001
76561197960556002
76561197960556004
76561197960556005
76561197960556006
76561197960556008
76561197960556009
76561197960556011
76561197960556014
76561197960556018
76561197960556019
76561197960556022
76561197960556024
76561197960556025
76561197960556026
76561197960556027
76561197960556028
76561197960556029
76561197960556030
76561197960556032
76561197960556033
76561197960556034
76561197960556035
76561197960556039
76561197960556040
76561197960556042
76561197960556043
76561197960556044
76561197960556045
76561197960556046
76561197960556047
76561197960556048
76561197960556049
76561197960556050
76561197960556051
76561197960556052
76561197960556053
76561197960556054
76561197960556056
76561197960556057
76561197960556059
76561197960556060
76561197960556061
76561197960556062
76561197960556063
76561197960556064
76561197960556065
76561197960556066
76561197960556067
76561197960556068
76561197960556069
76561197960556070
76561197960556071
76561197960556072
76561197960556074
76561197960556075
76561197960556076
76561197960556077
76561197960556078
76561197960556081
76561197960556085
76561197960556086
76561197960556087
76561197960556088
76561197960556089
76561197960556091
76561197960556092
76561197960556094
76561197960556097
76561197960556099
76561197960556100
76561197960556101
76561197960556102
76561197960556103
76561197960556104
76561197960556105
76561197960556106
76561197960556107
76561197960556108
76561197960556109
76561197960556110
76561197960556111
76561197960556112
76561197960556113
76561197960556116
76561197960556117
76561197960556119
76561197960556120
76561197960556121
76561197960556123
76561197960556124
76561197960556126
76561197960556128
76561197960556129
76561197960556130
76561197960556131
76561197960556132
76561197960556133
76561197960556135
76561197960556137
76561197960556138
76561197960556139
76561197960556140
76561197960556141
76561197960556144
76561197960556146
76561197960556147
76561197960556148
76561197960556149
76561197960556150
76561197960556151
76561197960556152
76561197960556153
76561197960556154
76561197960556156
76561197960556157
76561197960556158
76561197960556159
76561197960556161
76561197960556163
76561197960556164
76561197960556167
76561197960556168
76561197960556169
76561197960556170
76561197960556171
76561197960556172
76561197960556173
76561197960556174
76561197960556175
76561197960556178
76561197960556179
76561197960556180
76561197960556181
76561197960556182
76561197960556183
76561197960556185
76561197960556186
76561197960556188
76561197960556190
76561197960556191
76561197960556192
76561197960556193
76561197960556194
76561197960556195
76561197960556196
76561197960556197
76561197960556198
76561197960556199
76561197960556200
76561197960556201
76561197960556202
76561197960556203
76561197960556204
76561197960556205
76561197960556206
76561197960556207
76561197960556209
76561197960556210
76561197960556211
76561197960556214
76561197960556215
76561197960556217
76561197960556219
76561197960556220
76561197960556222
76561197960556223
76561197960556224
76561197960556225
76561197960556226
76561197960556228
76561197960556229
76561197960556230
76561197960556231
76561197960556232
76561197960556233
76561197960556234
76561197960556235
76561197960556236
76561197960556237
76561197960556238
76561197960556241
76561197960556242
76561197960556243
76561197960556244
76561197960556245
76561197960556246
76561197960556248
76561197960556252
76561197960556253
76561197960556255
76561197960556256
76561197960556258
76561197960556259
76561197960556260
76561197960556261
76561197960556264
76561197960556265
76561197960556267
76561197960556271
76561197960556276
76561197960556277
76561197960556278
76561197960556279
76561197960556281
76561197960556282
76561197960556283
76561197960556284
76561197960556285
76561197960556286
76561197960556288
76561197960556289
76561197960556290
76561197960556291
76561197960556292
76561197960556293
76561197960556294
76561197960556295
76561197960556296
76561197960556297
76561197960556298
76561197960556299
76561197960556300
76561197960556301
76561197960556303
76561197960556304
76561197960556305
76561197960556306
76561197960556307
76561197960556309
76561197960556310
76561197960556311
76561197960556312
76561197960556314
76561197960556315
76561197960556316
76561197960556318
76561197960556319
76561197960556322
76561197960556325
76561197960556326
76561197960556327
76561197960556330
76561197960556332
76561197960556333
76561197960556334
76561197960556335
76561197960556338
76561197960556339
76561197960556340
76561197960556341
76561197960556342
76561197960556343
76561197960556344
76561197960556345
76561197960556347
76561197960556348
76561197960556351
76561197960556352
76561197960556353
76561197960556354
76561197960556356
76561197960556359
76561197960556361
76561197960556363
76561197960556364
76561197960556365
76561197960556367
76561197960556368
76561197960556371
76561197960556373
76561197960556375
76561197960556376
76561197960556377
76561197960556378
76561197960556379
76561197960556382
76561197960556383
76561197960556384
76561197960556385
76561197960556387
76561197960556388
76561197960556390
76561197960556391
76561197960556392
76561197960556393
76561197960556394
76561197960556395
76561197960556396
76561197960556398
76561197960556399
76561197960556400
76561197960556401
76561197960556402
76561197960556404
76561197960556406
76561197960556407
76561197960556408
76561197960556410
76561197960556411
76561197960556413
76561197960556415
76561197960556416
76561197960556417
76561197960556418
76561197960556419
76561197960556421
76561197960556423
76561197960556424
76561197960556426
76561197960556427
76561197960556428
76561197960556429
76561197960556430
76561197960556431
76561197960556432
76561197960556434
76561197960556435
76561197960556436
76561197960556437
76561197960556438
76561197960556439
76561197960556442
76561197960556444
76561197960556445
76561197960556446
76561197960556447
76561197960556448
