76561197961346546
76561197961346547
76561197961346549
76561197961346550
76561197961346551
76561197961346552
76561197961346555
76561197961346557
76561197961346558
76561197961346559
76561197961346560
76561197961346565
76561197961346567
76561197961346571
76561197961346572
76561197961346573
76561197961346574
76561197961346576
76561197961346577
76561197961346578
76561197961346581
76561197961346582
76561197961346583
76561197961346584
76561197961346586
76561197961346588
76561197961346590
76561197961346592
76561197961346593
76561197961346594
76561197961346595
76561197961346596
76561197961346597
76561197961346598
76561197961346600
76561197961346601
76561197961346605
76561197961346607
76561197961346609
76561197961346611
76561197961346612
76561197961346615
76561197961346619
76561197961346620
76561197961346623
76561197961346626
76561197961346630
76561197961346632
76561197961346635
76561197961346638
76561197961346640
76561197961346641
76561197961346645
76561197961346646
76561197961346648
76561197961346649
76561197961346653
76561197961346656
76561197961346658
76561197961346660
76561197961346662
76561197961346663
76561197961346665
76561197961346666
76561197961346670
76561197961346672
76561197961346673
76561197961346674
76561197961346676
76561197961346677
76561197961346679
76561197961346680
76561197961346681
76561197961346682
76561197961346683
76561197961346684
76561197961346685
76561197961346686
76561197961346687
76561197961346688
76561197961346689
76561197961346690
76561197961346691
76561197961346692
76561197961346693
76561197961346694
76561197961346696
76561197961346697
76561197961346699
76561197961346702
76561197961346704
76561197961346706
76561197961346707
76561197961346708
76561197961346709
76561197961346711
76561197961346713
76561197961346716
76561197961346717
76561197961346720
76561197961346721
76561197961346723
76561197961346724
76561197961346725
76561197961346726
76561197961346727
76561197961346729
76561197961346730
76561197961346731
76561197961346732
76561197961346734
76561197961346737
76561197961346738
76561197961346739
76561197961346740
76561197961346741
76561197961346750
76561197961346751
76561197961346752
76561197961346753
76561197961346754
76561197961346755
76561197961346756
76561197961346757
76561197961346758
76561197961346760
76561197961346762
76561197961346764
76561197961346768
76561197961346771
76561197961346775
76561197961346779
76561197961346780
76561197961346783
76561197961346784
76561197961346785
76561197961346786
76561197961346787
76561197961346789
76561197961346790
76561197961346791
76561197961346792
76561197961346793
76561197961346794
76561197961346795
76561197961346796
76561197961346797
76561197961346799
76561197961346800
76561197961346802
76561197961346803
76561197961346806
76561197961346807
76561197961346809
76561197961346811
76561197961346812
76561197961346815
76561197961346816
76561197961346817
76561197961346818
76561197961346819
76561197961346824
76561197961346825
76561197961346826
76561197961346827
76561197961346830
76561197961346834
76561197961346835
76561197961346836
76561197961346838
76561197961346840
76561197961346841
76561197961346842
76561197961346843
76561197961346844
76561197961346845
76561197961346848
76561197961346849
76561197961346852
76561197961346855
76561197961346857
76561197961346858
76561197961346860
76561197961346861
76561197961346862
76561197961346863
76561197961346864
76561197961346865
76561197961346866
76561197961346867
76561197961346868
76561197961346869
76561197961346870
76561197961346872
76561197961346875
76561197961346876
76561197961346877
76561197961346878
76561197961346880
76561197961346881
76561197961346884
76561197961346885
76561197961346891
76561197961346893
76561197961346894
76561197961346895
76561197961346897
76561197961346898
76561197961346900
76561197961346904
76561197961346906
76561197961346908
76561197961346910
76561197961346911
76561197961346912
76561197961346913
76561197961346916
76561197961346919
76561197961346920
76561197961346923
76561197961346924
76561197961346925
76561197961346927
76561197961346928
76561197961346929
76561197961346930
76561197961346931
76561197961346932
76561197961346934
76561197961346935
76561197961346936
76561197961346937
76561197961346938
76561197961346939
76561197961346940
76561197961346941
76561197961346942
76561197961346945
76561197961346950
76561197961346952
76561197961346954
76561197961346956
76561197961346957
76561197961346958
76561197961346959
76561197961346964
76561197961346965
76561197961346966
76561197961346967
76561197961346969
76561197961346970
76561197961346971
76561197961346972
76561197961346974
76561197961346975
76561197961346976
76561197961346977
76561197961346978
76561197961346979
76561197961346980
76561197961346982
76561197961346986
76561197961346989
76561197961346990
76561197961346991
76561197961346993
76561197961346994
76561197961346997
76561197961346998
76561197961347000
76561197961347003
76561197961347007
76561197961347008
76561197961347009
76561197961347011
76561197961347014
76561197961347015
76561197961347017
76561197961347018
76561197961347019
76561197961347022
76561197961347024
76561197961347027
76561197961347028
76561197961347029
76561197961347032
76561197961347033
76561197961347034
76561197961347037
76561197961347038
76561197961347040
76561197961347041
76561197961347042
76561197961347043
76561197961347044
76561197961347046
76561197961347048
76561197961347049
76561197961347052
76561197961347053
76561197961347054
76561197961347058
76561197961347061
76561197961347062
76561197961347063
76561197961347065
76561197961347066
76561197961347068
76561197961347070
76561197961347071
76561197961347073
76561197961347075
76561197961347076
76561197961347079
76561197961347080
76561197961347081
76561197961347083
76561197961347084
76561197961347085
76561197961347088
76561197961347089
76561197961347090
76561197961347091
76561197961347093
76561197961347094
76561197961347096
76561197961347097
76561197961347098
76561197961347100
76561197961347102
76561197961347103
76561197961347104
76561197961347105
76561197961347106
76561197961347115
76561197961347117
76561197961347119
76561197961347121
76561197961347126
76561197961347128
76561197961347129
76561197961347130
76561197961347132
76561197961347133
76561197961347135
76561197961347136
76561197961347139
76561197961347140
76561197961347141
76561197961347143
76561197961347144
76561197961347146
76561197961347147
76561197961347148
76561197961347151
76561197961347153
76561197961347155
76561197961347156
76561197961347157
76561197961347159
76561197961347160
76561197961347162
76561197961347164
76561197961347165
76561197961347168
76561197961347170
76561197961347171
76561197961347172
76561197961347173
76561197961347177
76561197961347179
76561197961347182
76561197961347184
76561197961347185
76561197961347186
76561197961347187
76561197961347190
76561197961347192
76561197961347194
76561197961347195
76561197961347196
76561197961347197
76561197961347198
76561197961347199
76561197961347200
76561197961347201
76561197961347203
76561197961347205
76561197961347207
76561197961347208
76561197961347209
76561197961347210
76561197961347211
76561197961347215
76561197961347220
76561197961347225
76561197961347228
76561197961347230
76561197961347233
76561197961347235
76561197961347238
76561197961347239
76561197961347241
76561197961347243
76561197961347246
76561197961347247
76561197961347248
76561197961347249
76561197961347251
76561197961347252
76561197961347253
76561197961347256
76561197961347262
76561197961347264
76561197961347266
76561197961347268
76561197961347269
76561197961347271
76561197961347272
76561197961347274
76561197961347276
76561197961347279
76561197961347280
76561197961347282
76561197961347284
76561197961347285
76561197961347288
76561197961347289
76561197961347290
76561197961347292
76561197961347296
76561197961347298
76561197961347299
76561197961347300
76561197961347301
76561197961347303
76561197961347305
76561197961347306
76561197961347307
76561197961347310
76561197961347314
76561197961347315
76561197961347320
76561197961347322
76561197961347323
76561197961347324
76561197961347325
76561197961347327
76561197961347329
76561197961347330
76561197961347331
76561197961347332
76561197961347333
76561197961347334
76561197961347335
76561197961347336
76561197961347337
76561197961347338
76561197961347339
76561197961347340
76561197961347341
76561197961347348
76561197961347354
76561197961347355
76561197961347356
76561197961347357
76561197961347358
76561197961347359
76561197961347360
76561197961347362
76561197961347364
76561197961347366
76561197961347374
76561197961347375
76561197961347377
76561197961347378
76561197961347380
76561197961347381
76561197961347383
76561197961347387
76561197961347388
76561197961347389
76561197961347390
76561197961347391
76561197961347392
76561197961347393
76561197961347395
76561197961347396
76561197961347397
76561197961347400
76561197961347401
76561197961347402
76561197961347404
76561197961347406
76561197961347407
76561197961347410
76561197961347412
76561197961347414
76561197961347415
76561197961347416
76561197961347417
76561197961347419
76561197961347422
76561197961347424
76561197961347426
76561197961347429
76561197961347432
76561197961347433
76561197961347434
76561197961347435
76561197961347436
76561197961347439
76561197961347442
76561197961347443
76561197961347444
76561197961347445
76561197961347446
76561197961347447
76561197961347448
76561197961347450
76561197961347451
76561197961347455
76561197961347457
76561197961347459
76561197961347460
76561197961347463
76561197961347465
76561197961347467
76561197961347469
76561197961347472
76561197961347474
76561197961347479
76561197961347480
76561197961347481
76561197961347482
76561197961347483
76561197961347487
76561197961347488
76561197961347489
76561197961347491
76561197961347492
76561197961347493
76561197961347497
76561197961347499
76561197961347500
76561197961347502
76561197961347503
76561197961347509
76561197961347511
76561197961347513
76561197961347514
76561197961347516
76561197961347518
76561197961347520
76561197961347525
76561197961347526
76561197961347527
76561197961347529
76561197961347530
76561197961347531
76561197961347532
76561197961347534
76561197961347536
76561197961347537
76561197961347539
76561197961347540
76561197961347543
76561197961347544
76561197961347545
76561197961347546
76561197961347547
76561197961347552
76561197961347553
76561197961347554
76561197961347555
76561197961347558
76561197961347559
76561197961347560
76561197961347562
76561197961347564
76561197961347566
76561197961347567
76561197961347571
76561197961347574
76561197961347576
76561197961347577
76561197961347578
76561197961347579
76561197961347580
76561197961347582
76561197961347584
76561197961347585
76561197961347587
76561197961347588
76561197961347593
76561197961347594
76561197961347595
76561197961347598
76561197961347599
76561197961347600
76561197961347601
76561197961347602
76561197961347603
76561197961347604
76561197961347605
76561197961347606
76561197961347613
76561197961347614
76561197961347616
76561197961347619
76561197961347620
76561197961347622
76561197961347623
76561197961347624
76561197961347625
76561197961347629
76561197961347630
76561197961347633
76561197961347634
76561197961347638
76561197961347639
76561197961347640
76561197961347642
76561197961347644
76561197961347646
76561197961347647
76561197961347650
76561197961347654
76561197961347656
76561197961347657
76561197961347658
76561197961347659
76561197961347662
76561197961347665
76561197961347666
76561197961347667
76561197961347668
76561197961347670
76561197961347673
76561197961347675
76561197961347676
76561197961347678
76561197961347680
76561197961347684
76561197961347685
76561197961347687
76561197961347688
76561197961347689
76561197961347691
76561197961347692
76561197961347693
76561197961347699
76561197961347700
76561197961347701
76561197961347702
76561197961347704
76561197961347705
76561197961347710
76561197961347712
76561197961347713
76561197961347715
76561197961347716
76561197961347718
76561197961347720
76561197961347721
76561197961347722
76561197961347723
76561197961347726
76561197961347727
76561197961347728
76561197961347729
76561197961347730
76561197961347732
76561197961347733
76561197961347734
76561197961347735
76561197961347736
76561197961347738
76561197961347740
76561197961347742
76561197961347744
76561197961347745
76561197961347746
76561197961347747
76561197961347750
76561197961347751
76561197961347753
76561197961347754
76561197961347756
76561197961347759
76561197961347760
76561197961347762
76561197961347763
76561197961347765
76561197961347766
76561197961347767
76561197961347768
76561197961347769
76561197961347770
76561197961347771
76561197961347772
76561197961347777
76561197961347781
76561197961347782
76561197961347784
76561197961347785
76561197961347786
76561197961347788
76561197961347789
76561197961347790
76561197961347793
76561197961347796
76561197961347798
76561197961347799
76561197961347800
76561197961347802
76561197961347807
76561197961347809
76561197961347810
76561197961347811
76561197961347812
76561197961347816
76561197961347817
76561197961347821
76561197961347823
76561197961347824
76561197961347826
76561197961347827
76561197961347830
76561197961347831
76561197961347832
76561197961347833
76561197961347834
76561197961347835
76561197961347837
76561197961347841
76561197961347844
76561197961347845
76561197961347847
76561197961347848
76561197961347849
76561197961347851
76561197961347855
76561197961347856
76561197961347859
76561197961347860
76561197961347861
76561197961347862
76561197961347864
76561197961347866
76561197961347867
76561197961347869
76561197961347871
76561197961347872
76561197961347873
76561197961347878
76561197961347880
76561197961347882
76561197961347883
76561197961347884
76561197961347885
76561197961347886
76561197961347887
76561197961347888
76561197961347892
76561197961347893
76561197961347894
76561197961347895
76561197961347897
76561197961347898
76561197961347900
76561197961347902
76561197961347904
76561197961347906
76561197961347910
76561197961347911
76561197961347912
76561197961347913
76561197961347915
76561197961347916
76561197961347917
76561197961347920
76561197961347921
76561197961347922
76561197961347928
76561197961347930
76561197961347932
76561197961347933
76561197961347934
76561197961347935
76561197961347936
76561197961347938
76561197961347940
76561197961347941
76561197961347944
76561197961347945
76561197961347946
76561197961347948
76561197961347950
76561197961347951
76561197961347952
76561197961347956
76561197961347957
76561197961347958
76561197961347959
76561197961347961
76561197961347963
76561197961347964
76561197961347966
76561197961347968
76561197961347972
76561197961347973
76561197961347978
76561197961347979
76561197961347980
76561197961347981
76561197961347984
76561197961347985
76561197961347986
76561197961347989
76561197961347990
76561197961347991
76561197961347992
76561197961347993
76561197961347995
76561197961347996
76561197961347997
76561197961347998
76561197961348000
76561197961348001
76561197961348002
76561197961348008
76561197961348010
76561197961348011
76561197961348012
76561197961348014
76561197961348016
76561197961348020
76561197961348022
76561197961348023
76561197961348025
76561197961348026
76561197961348028
76561197961348029
76561197961348031
76561197961348034
76561197961348035
76561197961348036
76561197961348038
76561197961348039
76561197961348044
76561197961348045
76561197961348046
76561197961348051
76561197961348053
76561197961348055
76561197961348056
76561197961348057
76561197961348058
76561197961348061
76561197961348063
76561197961348064
76561197961348066
76561197961348070
76561197961348071
76561197961348073
76561197961348075
76561197961348078
76561197961348079
76561197961348080
76561197961348081
76561197961348084
76561197961348085
76561197961348086
76561197961348087
76561197961348089
76561197961348092
76561197961348094
76561197961348097
76561197961348098
76561197961348099
76561197961348100
76561197961348101
76561197961348102
76561197961348104
76561197961348107
76561197961348109
76561197961348112
76561197961348113
76561197961348114
76561197961348117
76561197961348121
76561197961348122
76561197961348123
76561197961348124
76561197961348125
76561197961348127
76561197961348129
76561197961348130
76561197961348131
76561197961348133
76561197961348134
76561197961348136
76561197961348137
76561197961348141
76561197961348142
76561197961348143
76561197961348144
76561197961348145
76561197961348146
76561197961348147
76561197961348150
76561197961348153
76561197961348154
76561197961348156
76561197961348157
76561197961348159
76561197961348161
76561197961348162
76561197961348163
76561197961348165
76561197961348168
76561197961348169
76561197961348170
76561197961348171
76561197961348174
76561197961348175
76561197961348176
76561197961348177
76561197961348178
76561197961348181
76561197961348182
76561197961348183
76561197961348184
76561197961348185
76561197961348189
76561197961348190
76561197961348191
76561197961348193
76561197961348194
76561197961348197
76561197961348198
76561197961348200
76561197961348201
76561197961348203
76561197961348204
76561197961348206
76561197961348208
76561197961348209
76561197961348212
76561197961348213
76561197961348214
76561197961348215
76561197961348216
76561197961348217
76561197961348219
76561197961348220
76561197961348223
76561197961348225
76561197961348227
76561197961348229
76561197961348230
76561197961348232
76561197961348234
76561197961348235
76561197961348238
76561197961348239
76561197961348241
76561197961348242
76561197961348245
76561197961348246
76561197961348248
76561197961348251
76561197961348252
76561197961348255
76561197961348257
76561197961348258
76561197961348261
76561197961348262
76561197961348263
76561197961348266
76561197961348267
76561197961348268
76561197961348270
76561197961348272
76561197961348273
76561197961348274
76561197961348275
76561197961348276
76561197961348278
76561197961348280
76561197961348281
76561197961348284
76561197961348285
76561197961348286
76561197961348288
76561197961348289
76561197961348295
76561197961348296
76561197961348297
