76561197961877861
76561197961877864
76561197961877866
76561197961877867
76561197961877868
76561197961877871
76561197961877872
76561197961877874
76561197961877876
76561197961877877
76561197961877880
76561197961877881
76561197961877882
76561197961877884
76561197961877885
76561197961877886
76561197961877888
76561197961877890
76561197961877892
76561197961877893
76561197961877894
76561197961877896
76561197961877897
76561197961877899
76561197961877901
76561197961877904
76561197961877905
76561197961877907
76561197961877908
76561197961877909
76561197961877910
76561197961877911
76561197961877914
76561197961877915
76561197961877916
76561197961877917
76561197961877918
76561197961877920
76561197961877921
76561197961877922
76561197961877923
76561197961877924
76561197961877926
76561197961877927
76561197961877928
76561197961877931
76561197961877932
76561197961877933
76561197961877934
76561197961877935
76561197961877939
76561197961877941
76561197961877942
76561197961877943
76561197961877946
76561197961877949
76561197961877951
76561197961877952
76561197961877953
76561197961877955
76561197961877958
76561197961877959
76561197961877961
76561197961877962
76561197961877965
76561197961877967
76561197961877970
76561197961877976
76561197961877980
76561197961877984
76561197961878017
76561197961878033
76561197961878100
76561197961878183
76561197961878247
76561197961878253
76561197961878255
76561197961878270
76561197961878283
76561197961878304
76561197961878344
76561197961878352
76561197961878382
76561197961878391
76561197961878393
76561197961878394
76561197961878400
76561197961878403
76561197961878404
76561197961878407
76561197961878412
76561197961878418
76561197961878420
76561197961878423
76561197961878427
76561197961878428
76561197961878429
76561197961878430
76561197961878432
76561197961878434
76561197961878435
76561197961878441
76561197961878442
76561197961878445
76561197961878449
76561197961878450
76561197961878452
76561197961878455
76561197961878456
76561197961878457
76561197961878459
76561197961878461
76561197961878462
76561197961878464
76561197961878466
76561197961878469
76561197961878470
76561197961878471
76561197961878472
76561197961878473
76561197961878474
76561197961878477
76561197961878479
76561197961878480
76561197961878481
76561197961878482
76561197961878483
76561197961878485
76561197961878488
76561197961878489
76561197961878490
76561197961878492
76561197961878496
76561197961878498
76561197961878500
76561197961878502
76561197961878503
76561197961878504
76561197961878505
76561197961878506
76561197961878508
76561197961878509
76561197961878510
76561197961878511
76561197961878513
76561197961878517
76561197961878518
76561197961878520
76561197961878521
76561197961878522
76561197961878523
76561197961878524
76561197961878527
76561197961878528
76561197961878529
76561197961878531
76561197961878532
76561197961878533
76561197961878535
76561197961878536
76561197961878537
76561197961878538
76561197961878539
76561197961878540
76561197961878543
76561197961878544
76561197961878545
76561197961878550
76561197961878551
76561197961878552
76561197961878553
76561197961878556
76561197961878558
76561197961878559
76561197961878560
76561197961878561
76561197961878562
76561197961878565
76561197961878566
76561197961878570
76561197961878571
76561197961878572
76561197961878574
76561197961878576
76561197961878578
76561197961878581
76561197961878584
76561197961878586
76561197961878589
76561197961878592
76561197961878595
76561197961878596
76561197961878598
76561197961878600
76561197961878601
76561197961878602
76561197961878603
76561197961878605
76561197961878606
76561197961878607
76561197961878608
76561197961878609
76561197961878612
76561197961878613
76561197961878614
76561197961878616
76561197961878617
76561197961878618
76561197961878620
76561197961878621
76561197961878622
76561197961878624
76561197961878625
76561197961878626
76561197961878628
76561197961878631
76561197961878632
76561197961878634
76561197961878635
76561197961878636
76561197961878638
76561197961878641
76561197961878642
76561197961878645
76561197961878648
76561197961878649
76561197961878650
76561197961878651
76561197961878652
76561197961878655
76561197961878658
76561197961878660
76561197961878663
76561197961878665
76561197961878666
76561197961878668
76561197961878670
76561197961878673
76561197961878674
76561197961878677
76561197961878679
76561197961878680
76561197961878681
76561197961878682
76561197961878684
76561197961878688
76561197961878690
76561197961878691
76561197961878692
76561197961878693
76561197961878694
76561197961878696
76561197961878697
76561197961878698
76561197961878701
76561197961878703
76561197961878705
76561197961878706
76561197961878708
76561197961878709
76561197961878710
76561197961878711
76561197961878712
76561197961878714
76561197961878715
76561197961878716
76561197961878718
76561197961878720
76561197961878721
76561197961878722
76561197961878723
76561197961878724
76561197961878725
76561197961878726
76561197961878727
76561197961878730
76561197961878732
76561197961878740
76561197961878741
76561197961878744
76561197961878745
76561197961878746
76561197961878747
76561197961878751
76561197961878752
76561197961878756
76561197961878757
76561197961878758
76561197961878761
76561197961878762
76561197961878763
76561197961878764
76561197961878766
76561197961878768
76561197961878769
76561197961878770
76561197961878772
76561197961878773
76561197961878774
76561197961878775
76561197961878778
76561197961878779
76561197961878780
76561197961878782
76561197961878783
76561197961878784
76561197961878785
76561197961878786
76561197961878787
76561197961878789
76561197961878790
76561197961878791
76561197961878793
76561197961878795
76561197961878797
76561197961878798
76561197961878799
76561197961878801
76561197961878804
76561197961878805
76561197961878806
76561197961878807
76561197961878808
76561197961878809
76561197961878810
76561197961878812
76561197961878813
76561197961878814
76561197961878816
76561197961878817
76561197961878818
76561197961878819
76561197961878820
76561197961878822
76561197961878824
76561197961878828
76561197961878830
76561197961878832
76561197961878835
76561197961878836
76561197961878837
76561197961878838
76561197961878839
76561197961878840
76561197961878842
76561197961878844
76561197961878845
76561197961878848
76561197961878850
76561197961878851
76561197961878852
76561197961878853
76561197961878854
76561197961878855
76561197961878856
76561197961878857
76561197961878858
76561197961878862
76561197961878863
76561197961878864
76561197961878865
76561197961878866
76561197961878869
76561197961878870
76561197961878872
76561197961878874
76561197961878876
76561197961878879
76561197961878880
76561197961878881
76561197961878887
76561197961878888
76561197961878889
76561197961878890
76561197961878891
76561197961878895
76561197961878896
76561197961878899
76561197961878900
76561197961878901
76561197961878904
76561197961878905
76561197961878907
76561197961878908
76561197961878914
76561197961878915
76561197961878916
76561197961878918
76561197961878930
76561197961878933
76561197961878934
76561197961878936
76561197961878938
76561197961878939
76561197961878940
76561197961878942
76561197961878944
76561197961878946
76561197961878952
76561197961878956
76561197961878957
76561197961878958
76561197961878960
76561197961878962
76561197961878963
76561197961878964
76561197961878966
76561197961878967
76561197961878968
76561197961878970
76561197961878971
76561197961878972
76561197961878974
76561197961878976
76561197961878978
76561197961878980
76561197961878981
76561197961878982
76561197961878983
76561197961878986
76561197961878987
76561197961878988
76561197961878989
76561197961878991
76561197961878994
76561197961878995
76561197961878996
76561197961878997
76561197961878998
76561197961879002
76561197961879003
76561197961879004
76561197961879006
76561197961879010
76561197961879015
76561197961879018
76561197961879020
76561197961879021
76561197961879023
76561197961879024
76561197961879025
76561197961879026
76561197961879028
76561197961879029
76561197961879030
76561197961879032
76561197961879034
76561197961879035
76561197961879036
76561197961879037
76561197961879039
76561197961879042
76561197961879043
76561197961879044
76561197961879045
76561197961879048
76561197961879049
76561197961879050
76561197961879052
76561197961879053
76561197961879054
76561197961879055
76561197961879058
76561197961879060
76561197961879062
76561197961879065
76561197961879066
76561197961879067
76561197961879068
76561197961879069
76561197961879073
76561197961879074
76561197961879077
76561197961879080
76561197961879081
76561197961879082
76561197961879085
76561197961879087
76561197961879088
76561197961879089
76561197961879090
76561197961879095
76561197961879096
76561197961879097
76561197961879100
76561197961879101
76561197961879104
76561197961879105
76561197961879106
76561197961879107
76561197961879108
76561197961879114
76561197961879115
76561197961879116
76561197961879118
76561197961879119
76561197961879120
76561197961879121
76561197961879122
76561197961879123
76561197961879124
76561197961879125
76561197961879126
76561197961879127
76561197961879128
76561197961879129
76561197961879131
76561197961879132
76561197961879133
76561197961879134
76561197961879135
76561197961879136
76561197961879138
76561197961879140
76561197961879141
76561197961879144
76561197961879148
76561197961879149
76561197961879150
76561197961879151
76561197961879152
76561197961879153
76561197961879156
76561197961879158
76561197961879159
76561197961879161
76561197961879162
76561197961879164
76561197961879165
76561197961879166
76561197961879167
76561197961879169
76561197961879170
76561197961879171
76561197961879173
76561197961879174
76561197961879175
76561197961879178
76561197961879180
76561197961879181
76561197961879182
76561197961879187
76561197961879188
76561197961879192
76561197961879194
76561197961879195
76561197961879198
76561197961879199
76561197961879200
76561197961879204
76561197961879205
76561197961879206
76561197961879208
76561197961879210
76561197961879214
76561197961879215
76561197961879216
76561197961879218
76561197961879220
76561197961879222
76561197961879223
76561197961879225
76561197961879229
76561197961879230
76561197961879231
76561197961879232
76561197961879233
76561197961879235
76561197961879236
76561197961879237
76561197961879238
76561197961879239
76561197961879240
76561197961879243
76561197961879248
76561197961879250
76561197961879252
76561197961879253
76561197961879254
76561197961879256
76561197961879258
76561197961879261
76561197961879262
76561197961879263
76561197961879264
76561197961879268
76561197961879269
76561197961879270
76561197961879271
76561197961879275
76561197961879277
76561197961879279
76561197961879282
76561197961879283
76561197961879284
76561197961879285
76561197961879287
76561197961879290
76561197961879292
76561197961879293
76561197961879294
76561197961879296
76561197961879298
76561197961879300
76561197961879301
76561197961879302
76561197961879303
76561197961879310
76561197961879312
76561197961879313
76561197961879314
76561197961879316
76561197961879318
76561197961879319
76561197961879320
76561197961879321
76561197961879323
76561197961879324
76561197961879330
76561197961879333
76561197961879336
76561197961879338
76561197961879340
76561197961879343
76561197961879344
76561197961879346
76561197961879352
76561197961879356
76561197961879357
76561197961879360
76561197961879361
76561197961879363
76561197961879365
76561197961879366
76561197961879367
76561197961879368
76561197961879370
76561197961879372
76561197961879374
76561197961879376
76561197961879377
76561197961879379
76561197961879381
76561197961879382
76561197961879384
76561197961879388
76561197961879390
76561197961879392
76561197961879393
76561197961879395
76561197961879396
76561197961879398
76561197961879404
76561197961879406
76561197961879415
76561197961879416
76561197961879417
76561197961879419
76561197961879420
76561197961879423
76561197961879424
76561197961879427
76561197961879428
76561197961879431
76561197961879435
76561197961879438
76561197961879439
76561197961879440
76561197961879442
76561197961879444
76561197961879445
76561197961879446
76561197961879448
76561197961879449
76561197961879450
76561197961879452
76561197961879460
76561197961879461
76561197961879462
76561197961879465
76561197961879466
76561197961879467
76561197961879469
76561197961879470
76561197961879472
76561197961879475
76561197961879480
76561197961879481
76561197961879482
76561197961879483
76561197961879486
76561197961879488
76561197961879489
76561197961879492
76561197961879493
76561197961879496
76561197961879499
76561197961879500
76561197961879503
76561197961879504
76561197961879505
76561197961879506
76561197961879508
76561197961879511
76561197961879512
76561197961879514
76561197961879515
76561197961879516
76561197961879517
76561197961879518
76561197961879519
76561197961879520
76561197961879521
76561197961879522
76561197961879523
76561197961879524
76561197961879525
76561197961879526
76561197961879528
76561197961879529
76561197961879530
76561197961879532
76561197961879533
76561197961879534
76561197961879535
76561197961879536
76561197961879542
76561197961879544
76561197961879545
76561197961879546
76561197961879552
76561197961879554
76561197961879558
76561197961879559
76561197961879564
76561197961879565
76561197961879566
76561197961879567
76561197961879568
76561197961879571
76561197961879573
76561197961879575
76561197961879576
76561197961879580
76561197961879581
76561197961879584
76561197961879586
76561197961879587
76561197961879588
76561197961879589
76561197961879590
76561197961879592
76561197961879594
76561197961879596
76561197961879598
76561197961879601
76561197961879603
76561197961879604
76561197961879606
76561197961879609
76561197961879610
76561197961879616
76561197961879618
76561197961879620
76561197961879622
76561197961879623
76561197961879624
76561197961879625
76561197961879627
76561197961879628
76561197961879629
76561197961879631
76561197961879632
76561197961879634
76561197961879637
76561197961879641
76561197961879644
76561197961879646
76561197961879648
76561197961879652
76561197961879653
76561197961879654
76561197961879655
76561197961879657
76561197961879659
76561197961879662
76561197961879665
76561197961879666
76561197961879667
76561197961879668
76561197961879670
76561197961879671
76561197961879672
76561197961879673
76561197961879674
76561197961879676
76561197961879677
76561197961879678
76561197961879679
76561197961879682
76561197961879685
76561197961879686
76561197961879689
76561197961879690
76561197961879691
76561197961879692
76561197961879693
76561197961879694
76561197961879700
76561197961879703
76561197961879704
76561197961879705
76561197961879707
76561197961879708
76561197961879709
76561197961879712
76561197961879716
76561197961879717
76561197961879719
76561197961879720
76561197961879722
76561197961879724
76561197961879725
76561197961879726
76561197961879728
76561197961879729
76561197961879730
76561197961879734
76561197961879735
76561197961879736
76561197961879740
76561197961879741
76561197961879742
76561197961879744
76561197961879745
76561197961879748
76561197961879750
76561197961879752
76561197961879753
76561197961879754
76561197961879756
76561197961879758
76561197961879761
76561197961879762
76561197961879766
76561197961879768
76561197961879770
76561197961879771
76561197961879773
76561197961879774
76561197961879778
76561197961879779
76561197961879785
76561197961879788
76561197961879796
76561197961879797
76561197961879800
76561197961879803
76561197961879804
76561197961879807
76561197961879808
76561197961879809
76561197961879811
76561197961879812
76561197961879814
76561197961879816
76561197961879820
76561197961879822
76561197961879825
76561197961879826
76561197961879830
76561197961879834
76561197961879836
76561197961879837
76561197961879838
76561197961879841
76561197961879842
76561197961879848
76561197961879856
76561197961879860
76561197961879861
76561197961879863
76561197961879867
76561197961879869
76561197961879871
76561197961879875
76561197961879877
76561197961879883
76561197961879884
76561197961879885
76561197961879886
76561197961879887
76561197961879888
76561197961879891
76561197961879896
76561197961879903
76561197961879905
76561197961879907
76561197961879910
76561197961879914
76561197961879915
76561197961879916
76561197961879917
76561197961879918
76561197961879920
76561197961879925
76561197961879926
76561197961879927
76561197961879928
76561197961879932
76561197961879933
76561197961879934
76561197961879936
76561197961879938
76561197961879939
76561197961879941
76561197961879942
76561197961879944
76561197961879946
76561197961879948
76561197961879949
76561197961879952
76561197961879953
76561197961879956
76561197961879960
76561197961879961
76561197961879962
76561197961879963
76561197961879965
76561197961879967
76561197961879970
76561197961879972
76561197961879973
76561197961879975
76561197961879976
76561197961879978
76561197961879982
76561197961879984
76561197961879985
76561197961879986
76561197961879987
76561197961879988
76561197961879991
76561197961879994
76561197961879995
76561197961879996
76561197961879998
76561197961880002
76561197961880004
76561197961880006
76561197961880008
76561197961880010
76561197961880011
76561197961880012
76561197961880014
76561197961880015
76561197961880016
76561197961880017
76561197961880018
76561197961880019
76561197961880022
76561197961880023
76561197961880024
76561197961880026
76561197961880027
76561197961880028
76561197961880032
76561197961880033
76561197961880034
76561197961880035
76561197961880036
76561197961880038
76561197961880040
76561197961880042
76561197961880044
76561197961880045
76561197961880046
76561197961880047
76561197961880049
76561197961880055
76561197961880056
76561197961880058
76561197961880059
76561197961880060
76561197961880061
76561197961880062
76561197961880063
76561197961880066
76561197961880068
76561197961880069
76561197961880070
76561197961880075
76561197961880077
76561197961880079
76561197961880080
76561197961880083
76561197961880084
76561197961880085
76561197961880090
76561197961880092
