76561197960511902
76561197960511903
76561197960511904
76561197960511905
76561197960511909
76561197960511910
76561197960511912
76561197960511913
76561197960511915
76561197960511916
76561197960511917
76561197960511918
76561197960511919
76561197960511920
76561197960511921
76561197960511922
76561197960511923
76561197960511926
76561197960511927
76561197960511929
76561197960511930
76561197960511931
76561197960511932
76561197960511933
76561197960511934
76561197960511935
76561197960511936
76561197960511937
76561197960511939
76561197960511940
76561197960511941
76561197960511944
76561197960511945
76561197960511946
76561197960511948
76561197960511949
76561197960511950
76561197960511952
76561197960511953
76561197960511954
76561197960511955
76561197960511956
76561197960511957
76561197960511958
76561197960511960
76561197960511961
76561197960511962
76561197960511963
76561197960511964
76561197960511965
76561197960511966
76561197960511967
76561197960511968
76561197960511969
76561197960511970
76561197960511972
76561197960511973
76561197960511974
76561197960511975
76561197960511976
76561197960511977
76561197960511978
76561197960511980
76561197960511981
76561197960511982
76561197960511983
76561197960511985
76561197960511986
76561197960511987
76561197960511988
76561197960511990
76561197960511991
76561197960511992
76561197960511994
76561197960511995
76561197960511996
76561197960511997
76561197960511998
76561197960511999
76561197960512000
76561197960512002
76561197960512003
76561197960512004
76561197960512007
76561197960512009
76561197960512010
76561197960512012
76561197960512013
76561197960512014
76561197960512015
76561197960512016
76561197960512017
76561197960512018
76561197960512019
76561197960512021
76561197960512023
76561197960512024
76561197960512025
76561197960512026
76561197960512027
76561197960512028
76561197960512029
76561197960512031
76561197960512032
76561197960512033
76561197960512034
76561197960512036
76561197960512037
76561197960512039
76561197960512040
76561197960512041
76561197960512042
76561197960512043
76561197960512044
76561197960512045
76561197960512046
76561197960512048
76561197960512049
76561197960512050
76561197960512053
76561197960512054
76561197960512055
76561197960512056
76561197960512057
76561197960512058
76561197960512060
76561197960512062
76561197960512064
76561197960512065
76561197960512066
76561197960512068
76561197960512069
76561197960512071
76561197960512072
76561197960512073
76561197960512074
76561197960512075
76561197960512076
76561197960512078
76561197960512079
76561197960512080
76561197960512081
76561197960512082
76561197960512083
76561197960512084
76561197960512085
76561197960512086
76561197960512089
76561197960512090
76561197960512091
76561197960512093
76561197960512095
76561197960512096
76561197960512097
76561197960512098
76561197960512099
76561197960512100
76561197960512101
76561197960512102
76561197960512103
76561197960512104
76561197960512105
76561197960512106
76561197960512107
76561197960512109
76561197960512110
76561197960512113
76561197960512114
76561197960512115
76561197960512116
76561197960512117
76561197960512119
76561197960512120
76561197960512121
76561197960512122
76561197960512123
76561197960512124
76561197960512125
76561197960512126
76561197960512128
76561197960512129
76561197960512130
76561197960512131
76561197960512132
76561197960512133
76561197960512134
76561197960512135
76561197960512138
76561197960512140
76561197960512141
76561197960512143
76561197960512146
76561197960512148
76561197960512149
76561197960512150
76561197960512151
76561197960512152
76561197960512153
76561197960512159
76561197960512161
76561197960512163
76561197960512164
76561197960512165
76561197960512166
76561197960512167
76561197960512169
76561197960512170
76561197960512171
76561197960512172
76561197960512173
76561197960512174
76561197960512176
76561197960512179
76561197960512180
76561197960512181
76561197960512182
76561197960512183
76561197960512184
76561197960512185
76561197960512186
76561197960512187
76561197960512188
76561197960512189
76561197960512192
76561197960512193
76561197960512194
76561197960512195
76561197960512196
76561197960512197
76561197960512198
76561197960512199
76561197960512201
76561197960512202
76561197960512203
76561197960512205
76561197960512206
76561197960512208
76561197960512210
76561197960512211
76561197960512212
76561197960512215
76561197960512216
76561197960512217
76561197960512218
76561197960512219
76561197960512220
76561197960512221
76561197960512223
76561197960512224
76561197960512226
76561197960512227
76561197960512228
76561197960512229
76561197960512231
76561197960512232
76561197960512233
76561197960512234
76561197960512235
76561197960512238
76561197960512239
76561197960512240
76561197960512241
76561197960512243
76561197960512244
76561197960512245
76561197960512246
76561197960512247
76561197960512249
76561197960512251
76561197960512253
76561197960512258
76561197960512261
76561197960512262
76561197960512263
76561197960512265
76561197960512266
76561197960512267
76561197960512268
76561197960512270
76561197960512271
76561197960512273
76561197960512274
76561197960512277
76561197960512278
76561197960512279
76561197960512282
76561197960512284
76561197960512285
76561197960512286
76561197960512288
76561197960512292
76561197960512293
76561197960512294
76561197960512296
76561197960512297
76561197960512298
76561197960512299
76561197960512300
76561197960512301
76561197960512303
76561197960512306
76561197960512307
76561197960512308
76561197960512309
76561197960512310
76561197960512311
76561197960512312
76561197960512314
76561197960512315
76561197960512316
76561197960512318
76561197960512319
76561197960512320
76561197960512321
76561197960512322
76561197960512323
76561197960512324
76561197960512325
76561197960512327
76561197960512328
76561197960512329
76561197960512330
76561197960512331
76561197960512332
76561197960512334
76561197960512335
76561197960512338
76561197960512339
76561197960512341
76561197960512342
76561197960512343
76561197960512344
76561197960512348
76561197960512350
76561197960512352
76561197960512354
76561197960512355
76561197960512356
76561197960512358
76561197960512360
76561197960512362
76561197960512363
76561197960512364
76561197960512365
76561197960512366
76561197960512367
76561197960512368
76561197960512371
76561197960512372
76561197960512373
76561197960512374
76561197960512375
76561197960512376
76561197960512377
76561197960512378
76561197960512379
76561197960512381
76561197960512382
76561197960512383
76561197960512384
76561197960512385
76561197960512389
76561197960512390
76561197960512392
76561197960512393
76561197960512394
76561197960512395
76561197960512396
76561197960512397
76561197960512398
76561197960512399
76561197960512400
76561197960512401
76561197960512402
76561197960512403
76561197960512404
76561197960512405
76561197960512407
76561197960512408
76561197960512409
76561197960512410
76561197960512411
76561197960512412
76561197960512413
76561197960512415
76561197960512416
76561197960512417
76561197960512418
76561197960512421
76561197960512423
76561197960512424
76561197960512425
76561197960512427
76561197960512428
76561197960512429
76561197960512430
76561197960512432
76561197960512433
76561197960512434
76561197960512436
76561197960512437
76561197960512438
76561197960512439
76561197960512440
76561197960512441
76561197960512444
76561197960512445
76561197960512446
76561197960512448
76561197960512450
76561197960512451
76561197960512452
76561197960512453
76561197960512455
76561197960512456
76561197960512457
76561197960512458
76561197960512460
76561197960512463
76561197960512464
76561197960512465
76561197960512466
76561197960512467
76561197960512468
76561197960512469
76561197960512470
76561197960512471
76561197960512472
76561197960512475
76561197960512477
76561197960512478
76561197960512479
76561197960512480
76561197960512481
76561197960512482
76561197960512484
76561197960512485
76561197960512487
76561197960512490
76561197960512491
76561197960512493
76561197960512494
76561197960512495
76561197960512496
76561197960512498
76561197960512500
76561197960512502
76561197960512503
76561197960512504
76561197960512505
76561197960512506
76561197960512507
76561197960512508
76561197960512509
76561197960512510
76561197960512511
76561197960512513
76561197960512516
76561197960512517
76561197960512518
76561197960512519
76561197960512521
76561197960512522
76561197960512523
76561197960512524
76561197960512525
76561197960512526
76561197960512528
76561197960512529
76561197960512530
76561197960512531
76561197960512532
76561197960512533
76561197960512534
76561197960512535
76561197960512536
76561197960512537
76561197960512538
76561197960512539
76561197960512540
76561197960512541
76561197960512542
76561197960512543
76561197960512544
76561197960512545
76561197960512546
76561197960512547
76561197960512548
76561197960512549
76561197960512550
76561197960512551
76561197960512553
76561197960512554
76561197960512555
76561197960512558
76561197960512560
76561197960512561
76561197960512562
76561197960512563
76561197960512564
76561197960512565
76561197960512566
76561197960512567
76561197960512568
76561197960512569
76561197960512573
76561197960512574
76561197960512575
76561197960512578
76561197960512579
76561197960512581
76561197960512582
76561197960512583
76561197960512584
76561197960512585
76561197960512587
76561197960512588
76561197960512589
76561197960512590
76561197960512591
76561197960512592
76561197960512593
76561197960512594
76561197960512595
76561197960512597
76561197960512598
76561197960512600
76561197960512601
76561197960512602
76561197960512603
76561197960512604
76561197960512605
76561197960512606
76561197960512608
76561197960512610
76561197960512611
76561197960512612
76561197960512613
76561197960512614
76561197960512616
76561197960512617
76561197960512618
76561197960512619
76561197960512620
76561197960512622
76561197960512623
76561197960512625
76561197960512626
76561197960512627
76561197960512628
76561197960512629
76561197960512630
76561197960512631
76561197960512632
76561197960512633
76561197960512634
76561197960512636
76561197960512637
76561197960512638
76561197960512639
76561197960512640
76561197960512641
76561197960512642
76561197960512644
76561197960512645
76561197960512648
76561197960512649
76561197960512650
76561197960512651
76561197960512652
76561197960512654
76561197960512655
76561197960512657
76561197960512658
76561197960512660
76561197960512661
76561197960512662
76561197960512663
76561197960512664
76561197960512665
76561197960512666
76561197960512667
76561197960512669
76561197960512670
76561197960512671
76561197960512672
76561197960512674
76561197960512675
76561197960512677
76561197960512678
76561197960512679
76561197960512680
76561197960512681
76561197960512682
76561197960512683
76561197960512685
76561197960512686
76561197960512688
76561197960512689
76561197960512690
76561197960512692
76561197960512694
76561197960512695
76561197960512696
76561197960512697
76561197960512698
76561197960512699
76561197960512700
76561197960512701
76561197960512703
76561197960512704
76561197960512705
76561197960512706
76561197960512707
76561197960512708
76561197960512709
76561197960512710
76561197960512711
76561197960512713
76561197960512714
76561197960512715
76561197960512716
76561197960512717
76561197960512718
76561197960512720
76561197960512722
76561197960512725
76561197960512726
76561197960512728
76561197960512729
76561197960512731
76561197960512732
76561197960512733
76561197960512734
76561197960512735
76561197960512737
76561197960512739
76561197960512740
76561197960512741
76561197960512743
76561197960512746
76561197960512748
76561197960512749
76561197960512750
76561197960512751
76561197960512752
76561197960512755
76561197960512756
76561197960512758
76561197960512759
76561197960512760
76561197960512761
76561197960512762
76561197960512765
76561197960512766
76561197960512767
76561197960512768
76561197960512769
76561197960512770
76561197960512771
76561197960512773
76561197960512774
76561197960512775
76561197960512777
76561197960512778
76561197960512779
76561197960512780
76561197960512781
76561197960512782
76561197960512783
76561197960512785
76561197960512786
76561197960512787
76561197960512790
76561197960512791
76561197960512793
76561197960512794
76561197960512795
76561197960512796
76561197960512798
76561197960512799
76561197960512800
76561197960512801
76561197960512802
76561197960512803
76561197960512804
76561197960512806
76561197960512807
76561197960512808
76561197960512810
76561197960512811
76561197960512812
76561197960512813
76561197960512814
76561197960512815
76561197960512816
76561197960512817
76561197960512818
76561197960512819
76561197960512820
76561197960512821
76561197960512822
76561197960512825
76561197960512827
76561197960512828
76561197960512829
76561197960512831
76561197960512832
76561197960512833
76561197960512834
76561197960512835
76561197960512836
76561197960512838
76561197960512840
76561197960512841
76561197960512842
76561197960512843
76561197960512844
76561197960512845
76561197960512846
76561197960512848
76561197960512849
76561197960512850
76561197960512851
76561197960512852
76561197960512853
76561197960512854
76561197960512855
76561197960512856
76561197960512857
76561197960512858
76561197960512860
76561197960512861
76561197960512863
76561197960512864
76561197960512867
76561197960512868
76561197960512871
76561197960512872
76561197960512873
76561197960512874
76561197960512875
76561197960512876
76561197960512877
76561197960512879
76561197960512881
76561197960512883
76561197960512884
76561197960512886
76561197960512889
76561197960512890
76561197960512891
76561197960512892
76561197960512893
76561197960512896
76561197960512897
76561197960512898
76561197960512899
76561197960512902
76561197960512903
76561197960512904
76561197960512905
76561197960512906
76561197960512907
76561197960512908
76561197960512909
76561197960512911
76561197960512913
76561197960512915
76561197960512916
76561197960512917
76561197960512918
76561197960512921
76561197960512922
76561197960512923
76561197960512924
76561197960512925
76561197960512926
76561197960512927
76561197960512928
76561197960512929
76561197960512930
76561197960512931
76561197960512932
76561197960512934
76561197960512935
76561197960512936
76561197960512937
76561197960512938
76561197960512939
76561197960512940
76561197960512941
76561197960512942
76561197960512943
76561197960512944
76561197960512945
76561197960512946
76561197960512947
76561197960512949
76561197960512950
76561197960512951
76561197960512954
76561197960512955
76561197960512957
76561197960512958
76561197960512959
76561197960512960
76561197960512963
76561197960512964
76561197960512965
76561197960512969
76561197960512970
76561197960512972
76561197960512974
76561197960512975
76561197960512976
76561197960512977
76561197960512978
76561197960512979
76561197960512980
76561197960512981
76561197960512982
76561197960512983
76561197960512984
76561197960512985
76561197960512986
76561197960512987
76561197960512988
76561197960512989
76561197960512990
76561197960512991
76561197960512992
76561197960512993
76561197960512994
76561197960512995
76561197960512996
76561197960512998
76561197960512999
76561197960513000
76561197960513002
76561197960513005
76561197960513007
76561197960513009
76561197960513011
76561197960513012
76561197960513013
76561197960513016
76561197960513017
76561197960513018
76561197960513021
76561197960513023
76561197960513026
76561197960513028
76561197960513029
76561197960513030
76561197960513031
76561197960513033
76561197960513038
76561197960513039
76561197960513040
76561197960513041
76561197960513042
76561197960513043
76561197960513044
76561197960513045
76561197960513046
76561197960513047
76561197960513048
76561197960513049
76561197960513051
76561197960513052
76561197960513053
76561197960513055
76561197960513056
76561197960513058
76561197960513059
76561197960513060
76561197960513061
76561197960513062
76561197960513063
76561197960513064
76561197960513065
76561197960513066
76561197960513067
76561197960513068
76561197960513069
76561197960513072
76561197960513073
76561197960513074
76561197960513075
76561197960513076
76561197960513077
76561197960513078
76561197960513079
76561197960513080
76561197960513081
76561197960513083
76561197960513084
76561197960513085
76561197960513086
76561197960513088
76561197960513089
76561197960513091
76561197960513092
76561197960513095
76561197960513097
76561197960513098
76561197960513101
76561197960513102
76561197960513103
76561197960513105
76561197960513108
76561197960513109
76561197960513111
76561197960513113
76561197960513114
76561197960513115
76561197960513116
76561197960513117
76561197960513119
76561197960513121
76561197960513123
76561197960513126
76561197960513128
76561197960513129
76561197960513130
76561197960513131
76561197960513133
76561197960513134
76561197960513135
76561197960513136
76561197960513137
76561197960513138
76561197960513139
76561197960513141
76561197960513142
76561197960513143
76561197960513144
76561197960513146
76561197960513147
76561197960513148
76561197960513150
76561197960513152
76561197960513154
76561197960513156
76561197960513158
76561197960513159
76561197960513160
76561197960513161
76561197960513162
76561197960513163
76561197960513164
76561197960513168
76561197960513169
76561197960513170
76561197960513171
76561197960513173
76561197960513175
76561197960513176
76561197960513177
76561197960513178
76561197960513180
76561197960513182
76561197960513183
76561197960513184
76561197960513187
76561197960513188
76561197960513189
76561197960513190
76561197960513191
76561197960513192
76561197960513196
76561197960513197
76561197960513198
76561197960513199
76561197960513201
76561197960513202
76561197960513203
76561197960513204
76561197960513205
76561197960513207
76561197960513208
76561197960513209
76561197960513210
76561197960513212
76561197960513214
76561197960513215
76561197960513216
76561197960513217
76561197960513218
76561197960513219
76561197960513220
76561197960513221
76561197960513222
76561197960513224
76561197960513225
76561197960513227
76561197960513228
76561197960513229
76561197960513230
