76561197961342583
76561197961342588
76561197961342589
76561197961342594
76561197961342595
76561197961342599
76561197961342600
76561197961342601
76561197961342604
76561197961342605
76561197961342607
76561197961342610
76561197961342611
76561197961342615
76561197961342616
76561197961342618
76561197961342624
76561197961342626
76561197961342628
76561197961342630
76561197961342631
76561197961342632
76561197961342634
76561197961342635
76561197961342636
76561197961342640
76561197961342642
76561197961342643
76561197961342646
76561197961342647
76561197961342651
76561197961342654
76561197961342655
76561197961342656
76561197961342658
76561197961342659
76561197961342660
76561197961342661
76561197961342662
76561197961342664
76561197961342665
76561197961342666
76561197961342667
76561197961342670
76561197961342671
76561197961342672
76561197961342673
76561197961342675
76561197961342677
76561197961342679
76561197961342680
76561197961342682
76561197961342683
76561197961342685
76561197961342686
76561197961342690
76561197961342694
76561197961342695
76561197961342699
76561197961342700
76561197961342701
76561197961342703
76561197961342705
76561197961342708
76561197961342709
76561197961342710
76561197961342711
76561197961342713
76561197961342715
76561197961342718
76561197961342720
76561197961342726
76561197961342729
76561197961342730
76561197961342731
76561197961342732
76561197961342740
76561197961342741
76561197961342742
76561197961342743
76561197961342746
76561197961342752
76561197961342753
76561197961342754
76561197961342755
76561197961342759
76561197961342771
76561197961342772
76561197961342775
76561197961342777
76561197961342778
76561197961342780
76561197961342782
76561197961342784
76561197961342788
76561197961342789
76561197961342792
76561197961342794
76561197961342796
76561197961342797
76561197961342798
76561197961342799
76561197961342801
76561197961342803
76561197961342804
76561197961342805
76561197961342809
76561197961342814
76561197961342815
76561197961342816
76561197961342817
76561197961342819
76561197961342820
76561197961342821
76561197961342822
76561197961342824
76561197961342825
76561197961342826
76561197961342828
76561197961342829
76561197961342830
76561197961342831
76561197961342833
76561197961342836
76561197961342838
76561197961342839
76561197961342841
76561197961342848
76561197961342852
76561197961342853
76561197961342855
76561197961342857
76561197961342858
76561197961342859
76561197961342860
76561197961342863
76561197961342869
76561197961342870
76561197961342871
76561197961342872
76561197961342873
76561197961342875
76561197961342881
76561197961342882
76561197961342883
76561197961342884
76561197961342886
76561197961342888
76561197961342890
76561197961342892
76561197961342894
76561197961342895
76561197961342898
76561197961342902
76561197961342904
76561197961342906
76561197961342909
76561197961342911
76561197961342913
76561197961342914
76561197961342915
76561197961342918
76561197961342919
76561197961342921
76561197961342924
76561197961342927
76561197961342928
76561197961342929
76561197961342930
76561197961342931
76561197961342932
76561197961342934
76561197961342936
76561197961342937
76561197961342938
76561197961342939
76561197961342940
76561197961342942
76561197961342943
76561197961342946
76561197961342948
76561197961342949
76561197961342950
76561197961342955
76561197961342957
76561197961342958
76561197961342959
76561197961342962
76561197961342963
76561197961342965
76561197961342966
76561197961342969
76561197961342970
76561197961342971
76561197961342973
76561197961342975
76561197961342977
76561197961342978
76561197961342980
76561197961342981
76561197961342984
76561197961342985
76561197961342987
76561197961342991
76561197961342993
76561197961342994
76561197961342995
76561197961342996
76561197961342997
76561197961342999
76561197961343007
76561197961343009
76561197961343010
76561197961343011
76561197961343013
76561197961343014
76561197961343017
76561197961343018
76561197961343019
76561197961343020
76561197961343021
76561197961343022
76561197961343024
76561197961343028
76561197961343031
76561197961343032
76561197961343035
76561197961343037
76561197961343038
76561197961343039
76561197961343040
76561197961343041
76561197961343042
76561197961343045
76561197961343047
76561197961343049
76561197961343051
76561197961343052
76561197961343053
76561197961343054
76561197961343055
76561197961343057
76561197961343058
76561197961343060
76561197961343063
76561197961343065
76561197961343068
76561197961343069
76561197961343070
76561197961343071
76561197961343073
76561197961343076
76561197961343077
76561197961343081
76561197961343082
76561197961343084
76561197961343089
76561197961343090
76561197961343093
76561197961343095
76561197961343097
76561197961343099
76561197961343103
76561197961343106
76561197961343107
76561197961343108
76561197961343109
76561197961343115
76561197961343116
76561197961343118
76561197961343119
76561197961343120
76561197961343123
76561197961343124
76561197961343125
76561197961343126
76561197961343127
76561197961343128
76561197961343132
76561197961343135
76561197961343137
76561197961343138
76561197961343142
76561197961343145
76561197961343147
76561197961343148
76561197961343149
76561197961343153
76561197961343157
76561197961343159
76561197961343160
76561197961343161
76561197961343162
76561197961343166
76561197961343167
76561197961343169
76561197961343171
76561197961343172
76561197961343175
76561197961343178
76561197961343179
76561197961343181
76561197961343182
76561197961343183
76561197961343186
76561197961343216
76561197961343237
76561197961343246
76561197961343296
76561197961343305
76561197961343357
76561197961343364
76561197961343365
76561197961343366
76561197961343368
76561197961343369
76561197961343372
76561197961343378
76561197961343381
76561197961343382
76561197961343384
76561197961343385
76561197961343387
76561197961343388
76561197961343390
76561197961343394
76561197961343395
76561197961343396
76561197961343401
76561197961343404
76561197961343405
76561197961343410
76561197961343411
76561197961343417
76561197961343418
76561197961343420
76561197961343422
76561197961343424
76561197961343426
76561197961343427
76561197961343430
76561197961343432
76561197961343434
76561197961343437
76561197961343439
76561197961343440
76561197961343443
76561197961343444
76561197961343446
76561197961343448
76561197961343449
76561197961343450
76561197961343452
76561197961343454
76561197961343455
76561197961343456
76561197961343457
76561197961343458
76561197961343459
76561197961343462
76561197961343464
76561197961343467
76561197961343470
76561197961343473
76561197961343478
76561197961343481
76561197961343483
76561197961343484
76561197961343485
76561197961343487
76561197961343489
76561197961343490
76561197961343494
76561197961343495
76561197961343496
76561197961343497
76561197961343498
76561197961343500
76561197961343504
76561197961343507
76561197961343511
76561197961343512
76561197961343513
76561197961343514
76561197961343516
76561197961343517
76561197961343518
76561197961343519
76561197961343520
76561197961343523
76561197961343524
76561197961343526
76561197961343527
76561197961343528
76561197961343531
76561197961343532
76561197961343533
76561197961343534
76561197961343537
76561197961343538
76561197961343539
76561197961343540
76561197961343541
76561197961343542
76561197961343544
76561197961343547
76561197961343549
76561197961343550
76561197961343551
76561197961343552
76561197961343554
76561197961343555
76561197961343556
76561197961343557
76561197961343558
76561197961343559
76561197961343561
76561197961343562
76561197961343567
76561197961343568
76561197961343572
76561197961343573
76561197961343575
76561197961343576
76561197961343577
76561197961343579
76561197961343582
76561197961343583
76561197961343585
76561197961343588
76561197961343590
76561197961343592
76561197961343593
76561197961343596
76561197961343597
76561197961343600
76561197961343601
76561197961343602
76561197961343603
76561197961343610
76561197961343611
76561197961343613
76561197961343614
76561197961343615
76561197961343616
76561197961343619
76561197961343620
76561197961343622
76561197961343623
76561197961343627
76561197961343631
76561197961343634
76561197961343635
76561197961343636
76561197961343637
76561197961343639
76561197961343641
76561197961343643
76561197961343644
76561197961343646
76561197961343647
76561197961343650
76561197961343652
76561197961343655
76561197961343656
76561197961343658
76561197961343664
76561197961343666
76561197961343667
76561197961343669
76561197961343671
76561197961343672
76561197961343676
76561197961343677
76561197961343678
76561197961343679
76561197961343681
76561197961343682
76561197961343686
76561197961343687
76561197961343688
76561197961343689
76561197961343691
76561197961343692
76561197961343693
76561197961343694
76561197961343695
76561197961343698
76561197961343699
76561197961343701
76561197961343711
76561197961343718
76561197961343720
76561197961343721
76561197961343723
76561197961343725
76561197961343730
76561197961343733
76561197961343737
76561197961343740
76561197961343742
76561197961343746
76561197961343747
76561197961343749
76561197961343750
76561197961343751
76561197961343752
76561197961343753
76561197961343755
76561197961343756
76561197961343757
76561197961343761
76561197961343762
76561197961343764
76561197961343767
76561197961343770
76561197961343771
76561197961343772
76561197961343773
76561197961343774
76561197961343775
76561197961343776
76561197961343777
76561197961343779
76561197961343780
76561197961343781
76561197961343782
76561197961343783
76561197961343786
76561197961343787
76561197961343790
76561197961343793
76561197961343795
76561197961343796
76561197961343799
76561197961343800
76561197961343802
76561197961343803
76561197961343804
76561197961343805
76561197961343807
76561197961343808
76561197961343809
76561197961343813
76561197961343815
76561197961343817
76561197961343820
76561197961343824
76561197961343825
76561197961343827
76561197961343834
76561197961343835
76561197961343838
76561197961343843
76561197961343844
76561197961343845
76561197961343846
76561197961343847
76561197961343849
76561197961343851
76561197961343852
76561197961343853
76561197961343855
76561197961343856
76561197961343859
76561197961343860
76561197961343861
76561197961343864
76561197961343868
76561197961343869
76561197961343872
76561197961343878
76561197961343879
76561197961343880
76561197961343881
76561197961343883
76561197961343885
76561197961343892
76561197961343893
76561197961343897
76561197961343899
76561197961343900
76561197961343901
76561197961343902
76561197961343904
76561197961343906
76561197961343909
76561197961343911
76561197961343912
76561197961343913
76561197961343917
76561197961343918
76561197961343920
76561197961343921
76561197961343922
76561197961343923
76561197961343924
76561197961343925
76561197961343927
76561197961343932
76561197961343936
76561197961343941
76561197961343945
76561197961343950
76561197961343953
76561197961343954
76561197961343957
76561197961343958
76561197961343959
76561197961343960
76561197961343961
76561197961343962
76561197961343963
76561197961343967
76561197961343970
76561197961343973
76561197961343974
76561197961343975
76561197961343976
76561197961343977
76561197961343978
76561197961343979
76561197961343981
76561197961343982
76561197961343984
76561197961343986
76561197961343992
76561197961343993
76561197961343995
76561197961343996
76561197961343998
76561197961343999
76561197961344001
76561197961344002
76561197961344004
76561197961344005
76561197961344009
76561197961344011
76561197961344012
76561197961344013
76561197961344015
76561197961344017
76561197961344019
76561197961344020
76561197961344022
76561197961344028
76561197961344029
76561197961344030
76561197961344034
76561197961344037
76561197961344040
76561197961344041
76561197961344043
76561197961344047
76561197961344048
76561197961344052
76561197961344053
76561197961344055
76561197961344058
76561197961344060
76561197961344061
76561197961344062
76561197961344064
76561197961344066
76561197961344067
76561197961344070
76561197961344071
76561197961344073
76561197961344074
76561197961344076
76561197961344077
76561197961344079
76561197961344081
76561197961344082
76561197961344083
76561197961344085
76561197961344090
76561197961344092
76561197961344094
76561197961344096
76561197961344098
76561197961344100
76561197961344103
76561197961344105
76561197961344107
76561197961344108
76561197961344113
76561197961344115
76561197961344119
76561197961344120
76561197961344121
76561197961344123
76561197961344124
76561197961344125
76561197961344126
76561197961344127
76561197961344128
76561197961344129
76561197961344132
76561197961344135
76561197961344136
76561197961344137
76561197961344138
76561197961344139
76561197961344141
76561197961344145
76561197961344146
76561197961344147
76561197961344148
76561197961344149
76561197961344150
76561197961344151
76561197961344152
76561197961344154
76561197961344155
76561197961344158
76561197961344159
76561197961344160
76561197961344161
76561197961344163
76561197961344164
76561197961344166
76561197961344167
76561197961344169
76561197961344170
76561197961344171
76561197961344174
76561197961344175
76561197961344176
76561197961344177
76561197961344179
76561197961344180
76561197961344182
76561197961344183
76561197961344184
76561197961344185
76561197961344186
76561197961344190
76561197961344191
76561197961344192
76561197961344193
76561197961344195
76561197961344198
76561197961344199
76561197961344200
76561197961344201
76561197961344202
76561197961344203
76561197961344205
76561197961344206
76561197961344208
76561197961344214
76561197961344218
76561197961344219
76561197961344222
76561197961344223
76561197961344225
76561197961344229
76561197961344230
76561197961344231
76561197961344233
76561197961344234
76561197961344236
76561197961344237
76561197961344238
76561197961344242
76561197961344245
76561197961344248
76561197961344249
76561197961344251
76561197961344252
76561197961344253
76561197961344256
76561197961344257
76561197961344261
76561197961344263
76561197961344264
76561197961344265
76561197961344268
76561197961344272
76561197961344276
76561197961344277
76561197961344278
76561197961344279
76561197961344280
76561197961344282
76561197961344283
76561197961344285
76561197961344288
76561197961344290
76561197961344295
76561197961344296
76561197961344299
76561197961344302
76561197961344303
76561197961344304
76561197961344311
76561197961344312
76561197961344313
76561197961344316
76561197961344318
76561197961344319
76561197961344322
76561197961344326
76561197961344327
76561197961344328
76561197961344330
76561197961344332
76561197961344333
76561197961344334
76561197961344335
76561197961344336
76561197961344337
76561197961344340
76561197961344341
76561197961344342
76561197961344345
76561197961344347
76561197961344348
76561197961344349
76561197961344351
76561197961344352
76561197961344354
76561197961344356
76561197961344358
76561197961344359
76561197961344361
76561197961344362
76561197961344364
76561197961344365
76561197961344366
76561197961344367
76561197961344368
76561197961344372
76561197961344373
76561197961344374
76561197961344375
76561197961344376
76561197961344378
76561197961344379
76561197961344381
76561197961344384
76561197961344388
76561197961344389
76561197961344391
76561197961344396
76561197961344399
76561197961344401
76561197961344402
76561197961344405
76561197961344407
76561197961344409
76561197961344410
76561197961344411
76561197961344416
76561197961344418
76561197961344419
76561197961344420
76561197961344421
76561197961344424
76561197961344425
76561197961344427
76561197961344428
76561197961344430
76561197961344431
76561197961344432
76561197961344435
76561197961344437
76561197961344438
76561197961344439
76561197961344441
76561197961344442
76561197961344443
76561197961344444
76561197961344445
76561197961344446
76561197961344447
76561197961344448
76561197961344450
76561197961344451
76561197961344452
76561197961344454
76561197961344455
76561197961344457
76561197961344458
76561197961344460
76561197961344461
76561197961344463
76561197961344464
76561197961344465
76561197961344466
76561197961344467
76561197961344470
76561197961344472
76561197961344473
76561197961344474
76561197961344475
76561197961344476
76561197961344477
76561197961344478
76561197961344479
76561197961344482
76561197961344488
76561197961344489
76561197961344490
76561197961344493
76561197961344495
76561197961344496
76561197961344497
76561197961344498
76561197961344499
76561197961344500
76561197961344501
76561197961344503
76561197961344505
76561197961344506
76561197961344507
76561197961344508
76561197961344509
76561197961344510
76561197961344511
76561197961344514
76561197961344515
76561197961344516
76561197961344518
76561197961344520
76561197961344521
76561197961344522
76561197961344523
76561197961344525
76561197961344526
76561197961344529
76561197961344533
76561197961344535
76561197961344536
76561197961344537
76561197961344540
76561197961344541
76561197961344542
76561197961344543
76561197961344545
76561197961344547
76561197961344549
76561197961344551
76561197961344552
76561197961344554
76561197961344555
76561197961344556
76561197961344558
76561197961344559
76561197961344560
76561197961344561
76561197961344565
76561197961344568
76561197961344571
76561197961344572
76561197961344573
76561197961344574
76561197961344575
76561197961344577
76561197961344579
76561197961344580
76561197961344582
76561197961344583
76561197961344585
76561197961344586
76561197961344587
76561197961344588
76561197961344589
76561197961344591
76561197961344592
76561197961344594
76561197961344595
76561197961344598
76561197961344600
76561197961344602
76561197961344603
76561197961344604
76561197961344605
76561197961344608
76561197961344609
76561197961344612
76561197961344614
76561197961344616
76561197961344617
76561197961344618
76561197961344619
76561197961344621
76561197961344622
76561197961344624
76561197961344625
76561197961344626
76561197961344628
76561197961344630
76561197961344631
76561197961344632
76561197961344633
76561197961344634
76561197961344635
76561197961344636
