76561197960713632
76561197960713633
76561197960713638
76561197960713639
76561197960713640
76561197960713641
76561197960713644
76561197960713645
76561197960713646
76561197960713649
76561197960713650
76561197960713651
76561197960713652
76561197960713653
76561197960713654
76561197960713655
76561197960713658
76561197960713661
76561197960713662
76561197960713664
76561197960713667
76561197960713668
76561197960713669
76561197960713671
76561197960713672
76561197960713674
76561197960713675
76561197960713676
76561197960713677
76561197960713682
76561197960713683
76561197960713686
76561197960713687
76561197960713688
76561197960713689
76561197960713690
76561197960713691
76561197960713693
76561197960713694
76561197960713695
76561197960713696
76561197960713698
76561197960713703
76561197960713704
76561197960713705
76561197960713707
76561197960713708
76561197960713709
76561197960713710
76561197960713712
76561197960713718
76561197960713719
76561197960713720
76561197960713721
76561197960713724
76561197960713725
76561197960713728
76561197960713730
76561197960713731
76561197960713732
76561197960713733
76561197960713734
76561197960713735
76561197960713736
76561197960713738
76561197960713739
76561197960713742
76561197960713743
76561197960713745
76561197960713747
76561197960713749
76561197960713751
76561197960713752
76561197960713754
76561197960713755
76561197960713756
76561197960713760
76561197960713761
76561197960713763
76561197960713764
76561197960713765
76561197960713766
76561197960713767
76561197960713772
76561197960713774
76561197960713776
76561197960713777
76561197960713778
76561197960713779
76561197960713782
76561197960713783
76561197960713784
76561197960713785
76561197960713788
76561197960713791
76561197960713792
76561197960713793
76561197960713795
76561197960713797
76561197960713798
76561197960713800
76561197960713802
76561197960713804
76561197960713805
76561197960713806
76561197960713807
76561197960713808
76561197960713810
76561197960713812
76561197960713813
76561197960713816
76561197960713817
76561197960713818
76561197960713819
76561197960713820
76561197960713823
76561197960713824
76561197960713827
76561197960713828
76561197960713829
76561197960713831
76561197960713832
76561197960713834
76561197960713836
76561197960713837
76561197960713838
76561197960713840
76561197960713841
76561197960713842
76561197960713843
76561197960713844
76561197960713845
76561197960713847
76561197960713849
76561197960713850
76561197960713852
76561197960713853
76561197960713854
76561197960713855
76561197960713856
76561197960713859
76561197960713860
76561197960713862
76561197960713863
76561197960713865
76561197960713866
76561197960713867
76561197960713869
76561197960713870
76561197960713873
76561197960713874
76561197960713876
76561197960713879
76561197960713880
76561197960713881
76561197960713884
76561197960713886
76561197960713888
76561197960713889
76561197960713890
76561197960713892
76561197960713893
76561197960713895
76561197960713898
76561197960713903
76561197960713906
76561197960713908
76561197960713909
76561197960713912
76561197960713915
76561197960713916
76561197960713919
76561197960713920
76561197960713922
76561197960713923
76561197960713924
76561197960713925
76561197960713927
76561197960713928
76561197960713929
76561197960713930
76561197960713931
76561197960713933
76561197960713934
76561197960713935
76561197960713936
76561197960713937
76561197960713938
76561197960713939
76561197960713944
76561197960713946
76561197960713947
76561197960713949
76561197960713952
76561197960713953
76561197960713956
76561197960713957
76561197960713958
76561197960713959
76561197960713960
76561197960713961
76561197960713963
76561197960713964
76561197960713965
76561197960713966
76561197960713967
76561197960713968
76561197960713969
76561197960713970
76561197960713972
76561197960713975
76561197960713976
76561197960713977
76561197960713978
76561197960713980
76561197960713981
76561197960713982
76561197960713984
76561197960713986
76561197960713987
76561197960713988
76561197960713989
76561197960713990
76561197960713991
76561197960713994
76561197960713995
76561197960713996
76561197960713997
76561197960713999
76561197960714000
76561197960714003
76561197960714004
76561197960714006
76561197960714007
76561197960714009
76561197960714010
76561197960714011
76561197960714012
76561197960714014
76561197960714015
76561197960714016
76561197960714017
76561197960714022
76561197960714024
76561197960714025
76561197960714026
76561197960714027
76561197960714028
76561197960714031
76561197960714032
76561197960714033
76561197960714034
76561197960714035
76561197960714036
76561197960714037
76561197960714039
76561197960714041
76561197960714043
76561197960714044
76561197960714046
76561197960714048
76561197960714049
76561197960714050
76561197960714051
76561197960714052
76561197960714053
76561197960714054
76561197960714058
76561197960714061
76561197960714063
76561197960714064
76561197960714066
76561197960714067
76561197960714068
76561197960714069
76561197960714071
76561197960714073
76561197960714076
76561197960714078
76561197960714079
76561197960714080
76561197960714082
76561197960714084
76561197960714085
76561197960714086
76561197960714088
76561197960714090
76561197960714091
76561197960714092
76561197960714093
76561197960714096
76561197960714100
76561197960714102
76561197960714104
76561197960714105
76561197960714109
76561197960714112
76561197960714117
76561197960714119
76561197960714121
76561197960714122
76561197960714123
76561197960714124
76561197960714127
76561197960714128
76561197960714129
76561197960714131
76561197960714132
76561197960714135
76561197960714138
76561197960714139
76561197960714141
76561197960714146
76561197960714148
76561197960714149
76561197960714150
76561197960714151
76561197960714152
76561197960714153
76561197960714154
76561197960714157
76561197960714158
76561197960714159
76561197960714162
76561197960714163
76561197960714165
76561197960714167
76561197960714170
76561197960714172
76561197960714173
76561197960714177
76561197960714178
76561197960714179
76561197960714180
76561197960714181
76561197960714182
76561197960714183
76561197960714185
76561197960714186
76561197960714187
76561197960714190
76561197960714191
76561197960714192
76561197960714195
76561197960714196
76561197960714198
76561197960714200
76561197960714202
76561197960714203
76561197960714206
76561197960714207
76561197960714209
76561197960714212
76561197960714215
76561197960714216
76561197960714217
76561197960714218
76561197960714221
76561197960714222
76561197960714223
76561197960714225
76561197960714228
76561197960714229
76561197960714230
76561197960714231
76561197960714232
76561197960714235
76561197960714236
76561197960714237
76561197960714238
76561197960714239
76561197960714241
76561197960714242
76561197960714244
76561197960714246
76561197960714247
76561197960714250
76561197960714252
76561197960714253
76561197960714256
76561197960714257
76561197960714259
76561197960714261
76561197960714262
76561197960714263
76561197960714264
76561197960714267
76561197960714268
76561197960714269
76561197960714271
76561197960714272
76561197960714276
76561197960714277
76561197960714280
76561197960714285
76561197960714286
76561197960714289
76561197960714291
76561197960714292
76561197960714294
76561197960714296
76561197960714297
76561197960714298
76561197960714301
76561197960714302
76561197960714303
76561197960714304
76561197960714306
76561197960714308
76561197960714309
76561197960714310
76561197960714311
76561197960714314
76561197960714315
76561197960714317
76561197960714318
76561197960714319
76561197960714320
76561197960714321
76561197960714323
76561197960714324
76561197960714325
76561197960714326
76561197960714329
76561197960714330
76561197960714331
76561197960714334
76561197960714336
76561197960714337
76561197960714338
76561197960714341
76561197960714342
76561197960714344
76561197960714345
76561197960714346
76561197960714348
76561197960714349
76561197960714350
76561197960714351
76561197960714353
76561197960714354
76561197960714355
76561197960714356
76561197960714358
76561197960714359
76561197960714362
76561197960714364
76561197960714367
76561197960714368
76561197960714369
76561197960714370
76561197960714371
76561197960714372
76561197960714373
76561197960714374
76561197960714375
76561197960714376
76561197960714377
76561197960714380
76561197960714381
76561197960714382
76561197960714383
76561197960714384
76561197960714386
76561197960714387
76561197960714388
76561197960714390
76561197960714391
76561197960714392
76561197960714393
76561197960714394
76561197960714395
76561197960714396
76561197960714398
76561197960714399
76561197960714401
76561197960714402
76561197960714404
76561197960714407
76561197960714408
76561197960714410
76561197960714411
76561197960714414
76561197960714415
76561197960714422
76561197960714424
76561197960714427
76561197960714428
76561197960714429
76561197960714430
76561197960714431
76561197960714432
76561197960714435
76561197960714436
76561197960714437
76561197960714438
76561197960714439
76561197960714440
76561197960714442
76561197960714443
76561197960714444
76561197960714445
76561197960714446
76561197960714447
76561197960714448
76561197960714449
76561197960714450
76561197960714451
76561197960714453
76561197960714458
76561197960714460
76561197960714461
76561197960714463
76561197960714465
76561197960714467
76561197960714468
76561197960714469
76561197960714471
76561197960714472
76561197960714475
76561197960714477
76561197960714478
76561197960714479
76561197960714480
76561197960714481
76561197960714485
76561197960714486
76561197960714487
76561197960714489
76561197960714490
76561197960714492
76561197960714495
76561197960714498
76561197960714502
76561197960714506
76561197960714507
76561197960714511
76561197960714512
76561197960714513
76561197960714514
76561197960714515
76561197960714517
76561197960714520
76561197960714521
76561197960714526
76561197960714528
76561197960714529
76561197960714530
76561197960714531
76561197960714533
76561197960714534
76561197960714536
76561197960714537
76561197960714538
76561197960714540
76561197960714542
76561197960714544
76561197960714548
76561197960714549
76561197960714553
76561197960714554
76561197960714557
76561197960714559
76561197960714560
76561197960714561
76561197960714562
76561197960714564
76561197960714565
76561197960714568
76561197960714569
76561197960714570
76561197960714571
76561197960714572
76561197960714573
76561197960714574
76561197960714575
76561197960714577
76561197960714578
76561197960714581
76561197960714582
76561197960714583
76561197960714585
76561197960714586
76561197960714587
76561197960714588
76561197960714590
76561197960714591
76561197960714592
76561197960714593
76561197960714594
76561197960714596
76561197960714598
76561197960714600
76561197960714601
76561197960714602
76561197960714603
76561197960714604
76561197960714605
76561197960714606
76561197960714608
76561197960714611
76561197960714613
76561197960714614
76561197960714618
76561197960714622
76561197960714623
76561197960714625
76561197960714626
76561197960714627
76561197960714628
76561197960714630
76561197960714631
76561197960714633
76561197960714634
76561197960714635
76561197960714637
76561197960714639
76561197960714640
76561197960714641
76561197960714645
76561197960714647
76561197960714648
76561197960714652
76561197960714653
76561197960714654
76561197960714658
76561197960714660
76561197960714664
76561197960714666
76561197960714667
76561197960714668
76561197960714669
76561197960714671
76561197960714673
76561197960714674
76561197960714675
76561197960714676
76561197960714677
76561197960714678
76561197960714679
76561197960714680
76561197960714681
76561197960714683
76561197960714685
76561197960714686
76561197960714687
76561197960714689
76561197960714690
76561197960714693
76561197960714694
76561197960714695
76561197960714696
76561197960714697
76561197960714698
76561197960714699
76561197960714700
76561197960714703
76561197960714704
76561197960714706
76561197960714707
76561197960714708
76561197960714709
76561197960714710
76561197960714712
76561197960714714
76561197960714718
76561197960714720
76561197960714721
76561197960714723
76561197960714725
76561197960714729
76561197960714731
76561197960714732
76561197960714735
76561197960714736
76561197960714737
76561197960714738
76561197960714741
76561197960714742
76561197960714743
76561197960714745
76561197960714747
76561197960714748
76561197960714749
76561197960714750
76561197960714752
76561197960714754
76561197960714755
76561197960714756
76561197960714757
76561197960714761
76561197960714762
76561197960714763
76561197960714765
76561197960714768
76561197960714770
76561197960714771
76561197960714772
76561197960714773
76561197960714776
76561197960714777
76561197960714778
76561197960714781
76561197960714783
76561197960714784
76561197960714785
76561197960714786
76561197960714787
76561197960714788
76561197960714789
76561197960714791
76561197960714792
76561197960714793
76561197960714797
76561197960714798
76561197960714800
76561197960714801
76561197960714803
76561197960714805
76561197960714807
76561197960714808
76561197960714809
76561197960714812
76561197960714813
76561197960714814
76561197960714817
76561197960714818
76561197960714821
76561197960714822
76561197960714823
76561197960714824
76561197960714825
76561197960714827
76561197960714828
76561197960714829
76561197960714831
76561197960714832
76561197960714837
76561197960714840
76561197960714841
76561197960714842
76561197960714843
76561197960714844
76561197960714846
76561197960714849
76561197960714850
76561197960714851
76561197960714852
76561197960714853
76561197960714854
76561197960714856
76561197960714858
76561197960714859
76561197960714860
76561197960714862
76561197960714863
76561197960714866
76561197960714867
76561197960714869
76561197960714870
76561197960714872
76561197960714873
76561197960714876
76561197960714878
76561197960714879
76561197960714880
76561197960714881
76561197960714882
76561197960714884
76561197960714885
76561197960714887
76561197960714888
76561197960714890
76561197960714892
76561197960714896
76561197960714897
76561197960714898
76561197960714899
76561197960714900
76561197960714902
76561197960714903
76561197960714904
76561197960714905
76561197960714906
76561197960714908
76561197960714911
76561197960714912
76561197960714913
76561197960714914
76561197960714915
76561197960714916
76561197960714917
76561197960714918
76561197960714920
76561197960714922
76561197960714926
76561197960714927
76561197960714928
76561197960714929
76561197960714930
76561197960714932
76561197960714934
76561197960714935
76561197960714936
76561197960714937
76561197960714940
76561197960714941
76561197960714943
76561197960714944
76561197960714945
76561197960714946
76561197960714947
76561197960714948
76561197960714949
76561197960714950
76561197960714951
76561197960714952
76561197960714953
76561197960714954
76561197960714955
76561197960714956
76561197960714957
76561197960714961
76561197960714965
76561197960714966
76561197960714967
76561197960714968
76561197960714970
76561197960714971
76561197960714972
76561197960714978
76561197960714980
76561197960714981
76561197960714982
76561197960714984
76561197960714985
76561197960714986
76561197960714987
76561197960714988
76561197960714991
76561197960714992
76561197960714993
76561197960714995
76561197960714996
76561197960714998
76561197960714999
76561197960715000
76561197960715001
76561197960715002
76561197960715003
76561197960715004
76561197960715005
76561197960715006
76561197960715007
76561197960715008
76561197960715010
76561197960715011
76561197960715012
76561197960715013
76561197960715015
76561197960715020
76561197960715021
76561197960715022
76561197960715023
76561197960715024
76561197960715025
76561197960715026
76561197960715029
76561197960715030
76561197960715031
76561197960715032
76561197960715034
76561197960715035
76561197960715036
76561197960715037
76561197960715040
76561197960715042
76561197960715043
76561197960715044
76561197960715045
76561197960715046
76561197960715047
76561197960715048
76561197960715049
76561197960715050
76561197960715052
76561197960715054
76561197960715056
76561197960715057
76561197960715058
76561197960715059
76561197960715060
76561197960715061
76561197960715062
76561197960715063
76561197960715066
76561197960715067
76561197960715068
76561197960715069
76561197960715070
76561197960715072
76561197960715073
76561197960715074
76561197960715075
76561197960715076
76561197960715077
76561197960715078
76561197960715079
76561197960715082
76561197960715086
76561197960715087
76561197960715088
76561197960715094
76561197960715095
76561197960715097
76561197960715099
76561197960715100
76561197960715103
76561197960715104
76561197960715105
76561197960715106
76561197960715107
76561197960715108
76561197960715109
76561197960715110
76561197960715111
76561197960715113
76561197960715115
76561197960715117
76561197960715119
76561197960715120
76561197960715121
76561197960715122
76561197960715124
76561197960715125
76561197960715128
76561197960715129
76561197960715131
76561197960715134
76561197960715136
76561197960715137
76561197960715141
76561197960715142
76561197960715144
76561197960715145
76561197960715147
76561197960715152
76561197960715153
76561197960715155
76561197960715156
76561197960715157
76561197960715158
76561197960715160
76561197960715164
76561197960715165
76561197960715166
76561197960715168
76561197960715169
76561197960715170
76561197960715171
76561197960715172
76561197960715173
76561197960715174
76561197960715175
76561197960715176
76561197960715177
76561197960715178
76561197960715179
76561197960715180
76561197960715181
76561197960715182
76561197960715183
76561197960715184
76561197960715186
76561197960715188
76561197960715189
76561197960715190
76561197960715191
76561197960715192
76561197960715193
76561197960715195
76561197960715196
76561197960715199
76561197960715200
76561197960715202
76561197960715203
76561197960715204
76561197960715205
76561197960715207
76561197960715208
76561197960715209
76561197960715211
76561197960715213
76561197960715215
76561197960715219
76561197960715220
76561197960715221
76561197960715223
76561197960715233
76561197960715234
