76561197960720747
76561197960720748
76561197960720750
76561197960720752
76561197960720756
76561197960720757
76561197960720759
76561197960720760
76561197960720761
76561197960720763
76561197960720764
76561197960720765
76561197960720766
76561197960720769
76561197960720772
76561197960720773
76561197960720774
76561197960720775
76561197960720776
76561197960720777
76561197960720780
76561197960720781
76561197960720783
76561197960720784
76561197960720786
76561197960720787
76561197960720792
76561197960720793
76561197960720795
76561197960720798
76561197960720799
76561197960720800
76561197960720805
76561197960720807
76561197960720809
76561197960720811
76561197960720814
76561197960720815
76561197960720816
76561197960720817
76561197960720818
76561197960720820
76561197960720821
76561197960720822
76561197960720826
76561197960720828
76561197960720830
76561197960720833
76561197960720836
76561197960720840
76561197960720841
76561197960720844
76561197960720848
76561197960720851
76561197960720855
76561197960720857
76561197960720863
76561197960720865
76561197960720868
76561197960720869
76561197960720871
76561197960720873
76561197960720874
76561197960720875
76561197960720877
76561197960720879
76561197960720886
76561197960720889
76561197960720891
76561197960720892
76561197960720896
76561197960720897
76561197960720899
76561197960720903
76561197960720904
76561197960720905
76561197960720907
76561197960720911
76561197960720912
76561197960720914
76561197960720917
76561197960720919
76561197960720920
76561197960720922
76561197960720924
76561197960720925
76561197960720926
76561197960720931
76561197960720932
76561197960720933
76561197960720934
76561197960720935
76561197960720938
76561197960720939
76561197960720940
76561197960720941
76561197960720942
76561197960720944
76561197960720946
76561197960720947
76561197960720948
76561197960720949
76561197960720951
76561197960720953
76561197960720954
76561197960720955
76561197960720957
76561197960720958
76561197960720959
76561197960720962
76561197960720963
76561197960720964
76561197960720965
76561197960720966
76561197960720967
76561197960720969
76561197960720970
76561197960720971
76561197960720973
76561197960720974
76561197960720975
76561197960720976
76561197960720977
76561197960720978
76561197960720979
76561197960720982
76561197960720983
76561197960720984
76561197960720989
76561197960720993
76561197960720997
76561197960720999
76561197960721002
76561197960721003
76561197960721004
76561197960721006
76561197960721007
76561197960721011
76561197960721013
76561197960721014
76561197960721016
76561197960721018
76561197960721019
76561197960721020
76561197960721023
76561197960721024
76561197960721025
76561197960721026
76561197960721027
76561197960721028
76561197960721029
76561197960721030
76561197960721031
76561197960721032
76561197960721034
76561197960721036
76561197960721037
76561197960721039
76561197960721041
76561197960721042
76561197960721044
76561197960721046
76561197960721048
76561197960721049
76561197960721051
76561197960721054
76561197960721056
76561197960721058
76561197960721060
76561197960721062
76561197960721063
76561197960721067
76561197960721068
76561197960721069
76561197960721070
76561197960721073
76561197960721075
76561197960721076
76561197960721077
76561197960721082
76561197960721083
76561197960721087
76561197960721088
76561197960721089
76561197960721091
76561197960721094
76561197960721095
76561197960721096
76561197960721102
76561197960721103
76561197960721104
76561197960721105
76561197960721106
76561197960721107
76561197960721108
76561197960721110
76561197960721111
76561197960721114
76561197960721116
76561197960721117
76561197960721118
76561197960721119
76561197960721121
76561197960721124
76561197960721125
76561197960721127
76561197960721128
76561197960721129
76561197960721131
76561197960721132
76561197960721133
76561197960721134
76561197960721135
76561197960721136
76561197960721137
76561197960721139
76561197960721141
76561197960721142
76561197960721146
76561197960721147
76561197960721150
76561197960721152
76561197960721154
76561197960721157
76561197960721158
76561197960721160
76561197960721161
76561197960721163
76561197960721165
76561197960721166
76561197960721167
76561197960721168
76561197960721173
76561197960721177
76561197960721178
76561197960721180
76561197960721181
76561197960721182
76561197960721187
76561197960721189
76561197960721190
76561197960721192
76561197960721193
76561197960721197
76561197960721199
76561197960721201
76561197960721204
76561197960721206
76561197960721207
76561197960721210
76561197960721212
76561197960721217
76561197960721218
76561197960721220
76561197960721221
76561197960721222
76561197960721223
76561197960721224
76561197960721226
76561197960721227
76561197960721228
76561197960721230
76561197960721235
76561197960721236
76561197960721237
76561197960721238
76561197960721241
76561197960721242
76561197960721243
76561197960721248
76561197960721249
76561197960721250
76561197960721251
76561197960721253
76561197960721254
76561197960721255
76561197960721258
76561197960721262
76561197960721267
76561197960721268
76561197960721272
76561197960721274
76561197960721275
76561197960721276
76561197960721280
76561197960721283
76561197960721286
76561197960721287
76561197960721289
76561197960721290
76561197960721291
76561197960721292
76561197960721293
76561197960721295
76561197960721299
76561197960721301
76561197960721304
76561197960721306
76561197960721308
76561197960721309
76561197960721312
76561197960721313
76561197960721315
76561197960721322
76561197960721323
76561197960721325
76561197960721328
76561197960721329
76561197960721339
76561197960721340
76561197960721341
76561197960721342
76561197960721343
76561197960721344
76561197960721345
76561197960721347
76561197960721351
76561197960721354
76561197960721358
76561197960721360
76561197960721362
76561197960721363
76561197960721364
76561197960721367
76561197960721368
76561197960721369
76561197960721371
76561197960721372
76561197960721376
76561197960721378
76561197960721380
76561197960721381
76561197960721382
76561197960721383
76561197960721385
76561197960721387
76561197960721390
76561197960721394
76561197960721396
76561197960721399
76561197960721400
76561197960721403
76561197960721404
76561197960721407
76561197960721408
76561197960721411
76561197960721414
76561197960721416
76561197960721420
76561197960721421
76561197960721425
76561197960721426
76561197960721427
76561197960721430
76561197960721432
76561197960721434
76561197960721437
76561197960721439
76561197960721440
76561197960721443
76561197960721444
76561197960721445
76561197960721446
76561197960721447
76561197960721450
76561197960721451
76561197960721452
76561197960721453
76561197960721454
76561197960721458
76561197960721460
76561197960721461
76561197960721462
76561197960721463
76561197960721464
76561197960721465
76561197960721466
76561197960721467
76561197960721470
76561197960721471
76561197960721472
76561197960721473
76561197960721476
76561197960721479
76561197960721480
76561197960721481
76561197960721482
76561197960721483
76561197960721484
76561197960721490
76561197960721491
76561197960721493
76561197960721497
76561197960721499
76561197960721501
76561197960721503
76561197960721504
76561197960721511
76561197960721512
76561197960721515
76561197960721516
76561197960721522
76561197960721523
76561197960721525
76561197960721526
76561197960721527
76561197960721528
76561197960721529
76561197960721530
76561197960721531
76561197960721536
76561197960721538
76561197960721540
76561197960721541
76561197960721543
76561197960721546
76561197960721547
76561197960721548
76561197960721550
76561197960721551
76561197960721554
76561197960721555
76561197960721558
76561197960721560
76561197960721561
76561197960721565
76561197960721567
76561197960721572
76561197960721578
76561197960721581
76561197960721582
76561197960721583
76561197960721584
76561197960721585
76561197960721586
76561197960721588
76561197960721589
76561197960721591
76561197960721596
76561197960721597
76561197960721599
76561197960721600
76561197960721601
76561197960721602
76561197960721603
76561197960721604
76561197960721605
76561197960721606
76561197960721609
76561197960721610
76561197960721612
76561197960721613
76561197960721614
76561197960721617
76561197960721618
76561197960721619
76561197960721620
76561197960721622
76561197960721624
76561197960721625
76561197960721626
76561197960721628
76561197960721630
76561197960721631
76561197960721632
76561197960721633
76561197960721635
76561197960721636
76561197960721639
76561197960721640
76561197960721642
76561197960721647
76561197960721652
76561197960721653
76561197960721655
76561197960721657
76561197960721659
76561197960721661
76561197960721662
76561197960721663
76561197960721664
76561197960721665
76561197960721670
76561197960721672
76561197960721678
76561197960721680
76561197960721682
76561197960721683
76561197960721688
76561197960721690
76561197960721691
76561197960721692
76561197960721695
76561197960721696
76561197960721697
76561197960721698
76561197960721703
76561197960721705
76561197960721707
76561197960721708
76561197960721709
76561197960721711
76561197960721712
76561197960721718
76561197960721719
76561197960721722
76561197960721730
76561197960721731
76561197960721735
76561197960721736
76561197960721737
76561197960721742
76561197960721745
76561197960721746
76561197960721747
76561197960721748
76561197960721750
76561197960721754
76561197960721755
76561197960721756
76561197960721760
76561197960721762
76561197960721767
76561197960721770
76561197960721772
76561197960721776
76561197960721779
76561197960721781
76561197960721782
76561197960721784
76561197960721788
76561197960721790
76561197960721791
76561197960721792
76561197960721793
76561197960721794
76561197960721795
76561197960721796
76561197960721798
76561197960721799
76561197960721801
76561197960721805
76561197960721806
76561197960721807
76561197960721808
76561197960721809
76561197960721810
76561197960721812
76561197960721817
76561197960721818
76561197960721824
76561197960721826
76561197960721827
76561197960721828
76561197960721829
76561197960721830
76561197960721831
76561197960721840
76561197960721842
76561197960721843
76561197960721847
76561197960721848
76561197960721850
76561197960721857
76561197960721860
76561197960721862
76561197960721866
76561197960721869
76561197960721871
76561197960721873
76561197960721874
76561197960721876
76561197960721877
76561197960721879
76561197960721880
76561197960721882
76561197960721883
76561197960721886
76561197960721887
76561197960721888
76561197960721890
76561197960721891
76561197960721892
76561197960721894
76561197960721895
76561197960721896
76561197960721897
76561197960721899
76561197960721901
76561197960721902
76561197960721903
76561197960721905
76561197960721907
76561197960721909
76561197960721911
76561197960721917
76561197960721918
76561197960721920
76561197960721921
76561197960721922
76561197960721923
76561197960721924
76561197960721925
76561197960721926
76561197960721930
76561197960721932
76561197960721933
76561197960721934
76561197960721936
76561197960721937
76561197960721938
76561197960721939
76561197960721941
76561197960721942
76561197960721946
76561197960721948
76561197960721949
76561197960721950
76561197960721952
76561197960721953
76561197960721956
76561197960721957
76561197960721958
76561197960721962
76561197960721963
76561197960721964
76561197960721968
76561197960721971
76561197960721972
76561197960721975
76561197960721976
76561197960721977
76561197960721978
76561197960721979
76561197960721980
76561197960721981
76561197960721984
76561197960721985
76561197960721986
76561197960721989
76561197960721991
76561197960721992
76561197960721993
76561197960721994
76561197960721997
76561197960721998
76561197960721999
76561197960722001
76561197960722002
76561197960722005
76561197960722006
76561197960722008
76561197960722009
76561197960722011
76561197960722013
76561197960722014
76561197960722015
76561197960722016
76561197960722017
76561197960722018
76561197960722020
76561197960722021
76561197960722022
76561197960722023
76561197960722026
76561197960722027
76561197960722028
76561197960722029
76561197960722032
76561197960722033
76561197960722035
76561197960722036
76561197960722038
76561197960722039
76561197960722040
76561197960722042
76561197960722045
76561197960722051
76561197960722053
76561197960722057
76561197960722067
76561197960722068
76561197960722071
76561197960722072
76561197960722075
76561197960722078
76561197960722079
76561197960722080
76561197960722085
76561197960722086
76561197960722088
76561197960722090
76561197960722093
76561197960722096
76561197960722098
76561197960722099
76561197960722100
76561197960722101
76561197960722102
76561197960722104
76561197960722107
76561197960722109
76561197960722112
76561197960722115
76561197960722117
76561197960722118
76561197960722119
76561197960722123
76561197960722124
76561197960722125
76561197960722126
76561197960722129
76561197960722130
76561197960722132
76561197960722134
76561197960722139
76561197960722141
76561197960722142
76561197960722143
76561197960722144
76561197960722146
76561197960722147
76561197960722148
76561197960722149
76561197960722151
76561197960722160
76561197960722161
76561197960722162
76561197960722164
76561197960722166
76561197960722167
76561197960722171
76561197960722173
76561197960722174
76561197960722175
76561197960722176
76561197960722177
76561197960722179
76561197960722181
76561197960722183
76561197960722187
76561197960722189
76561197960722190
76561197960722192
76561197960722196
76561197960722197
76561197960722198
76561197960722202
76561197960722205
76561197960722207
76561197960722208
76561197960722210
76561197960722211
76561197960722212
76561197960722214
76561197960722219
76561197960722223
76561197960722227
76561197960722228
76561197960722229
76561197960722230
76561197960722231
76561197960722239
76561197960722240
76561197960722241
76561197960722242
76561197960722245
76561197960722246
76561197960722247
76561197960722248
76561197960722251
76561197960722257
76561197960722259
76561197960722260
76561197960722261
76561197960722263
76561197960722265
76561197960722266
76561197960722267
76561197960722268
76561197960722269
76561197960722274
76561197960722276
76561197960722278
76561197960722279
76561197960722280
76561197960722283
76561197960722284
76561197960722285
76561197960722288
76561197960722289
76561197960722290
76561197960722291
76561197960722292
76561197960722293
76561197960722295
76561197960722296
76561197960722297
76561197960722300
76561197960722301
76561197960722303
76561197960722304
76561197960722306
76561197960722307
76561197960722308
76561197960722309
76561197960722311
76561197960722312
76561197960722313
76561197960722317
76561197960722323
76561197960722324
76561197960722329
76561197960722333
76561197960722338
76561197960722339
76561197960722341
76561197960722342
76561197960722346
76561197960722347
76561197960722349
76561197960722355
76561197960722356
76561197960722357
76561197960722359
76561197960722360
76561197960722361
76561197960722368
76561197960722372
76561197960722373
76561197960722375
76561197960722377
76561197960722378
76561197960722379
76561197960722382
76561197960722384
76561197960722387
76561197960722389
76561197960722392
76561197960722394
76561197960722395
76561197960722396
76561197960722398
76561197960722399
76561197960722402
76561197960722403
76561197960722404
76561197960722405
76561197960722406
76561197960722407
76561197960722410
76561197960722412
76561197960722413
76561197960722414
76561197960722415
76561197960722418
76561197960722419
76561197960722421
76561197960722422
76561197960722424
76561197960722427
76561197960722428
76561197960722433
76561197960722434
76561197960722436
76561197960722437
76561197960722442
76561197960722443
76561197960722444
76561197960722448
76561197960722449
76561197960722450
76561197960722453
76561197960722456
76561197960722457
76561197960722460
76561197960722464
76561197960722470
76561197960722471
76561197960722472
76561197960722473
76561197960722475
76561197960722489
76561197960722490
76561197960722492
76561197960722493
76561197960722494
76561197960722495
76561197960722499
76561197960722502
76561197960722503
76561197960722504
76561197960722505
76561197960722507
76561197960722508
76561197960722509
76561197960722510
76561197960722511
76561197960722512
76561197960722513
76561197960722514
76561197960722516
76561197960722520
76561197960722521
76561197960722522
76561197960722524
76561197960722525
76561197960722527
76561197960722533
76561197960722536
76561197960722537
76561197960722538
76561197960722540
76561197960722541
76561197960722543
76561197960722544
76561197960722548
76561197960722549
76561197960722554
76561197960722559
76561197960722562
76561197960722564
76561197960722565
76561197960722568
76561197960722570
76561197960722573
76561197960722577
76561197960722580
76561197960722583
76561197960722586
76561197960722588
76561197960722590
76561197960722591
76561197960722592
76561197960722594
76561197960722595
76561197960722596
76561197960722597
76561197960722598
76561197960722599
76561197960722603
76561197960722605
76561197960722606
76561197960722607
76561197960722609
76561197960722611
76561197960722612
76561197960722623
76561197960722627
76561197960722628
76561197960722630
76561197960722634
76561197960722640
76561197960722641
76561197960722642
76561197960722644
76561197960722645
76561197960722648
76561197960722649
76561197960722651
76561197960722653
76561197960722655
76561197960722658
76561197960722661
76561197960722663
76561197960722665
76561197960722669
76561197960722671
76561197960722673
76561197960722675
76561197960722676
76561197960722679
76561197960722680
76561197960722685
76561197960722689
76561197960722692
76561197960722694
76561197960722696
76561197960722698
76561197960722705
76561197960722708
76561197960722709
76561197960722711
76561197960722712
76561197960722713
76561197960722715
76561197960722717
76561197960722718
76561197960722719
76561197960722723
76561197960722727
76561197960722729
76561197960722731
76561197960722732
76561197960722741
76561197960722742
76561197960722743
76561197960722745
76561197960722746
76561197960722749
