76561197961139282
76561197961139283
76561197961139285
76561197961139286
76561197961139288
76561197961139291
76561197961139292
76561197961139295
76561197961139296
76561197961139298
76561197961139299
76561197961139300
76561197961139302
76561197961139303
76561197961139304
76561197961139305
76561197961139306
76561197961139309
76561197961139313
76561197961139316
76561197961139318
76561197961139319
76561197961139320
76561197961139321
76561197961139323
76561197961139325
76561197961139326
76561197961139327
76561197961139329
76561197961139332
76561197961139333
76561197961139335
76561197961139337
76561197961139339
76561197961139341
76561197961139343
76561197961139344
76561197961139345
76561197961139346
76561197961139348
76561197961139350
76561197961139351
76561197961139352
76561197961139356
76561197961139357
76561197961139360
76561197961139361
76561197961139363
76561197961139364
76561197961139365
76561197961139366
76561197961139368
76561197961139369
76561197961139370
76561197961139371
76561197961139372
76561197961139374
76561197961139375
76561197961139376
76561197961139377
76561197961139378
76561197961139380
76561197961139381
76561197961139382
76561197961139384
76561197961139385
76561197961139386
76561197961139387
76561197961139388
76561197961139391
76561197961139392
76561197961139395
76561197961139397
76561197961139399
76561197961139402
76561197961139403
76561197961139405
76561197961139410
76561197961139411
76561197961139413
76561197961139414
76561197961139415
76561197961139417
76561197961139418
76561197961139419
76561197961139420
76561197961139421
76561197961139422
76561197961139423
76561197961139424
76561197961139425
76561197961139426
76561197961139427
76561197961139428
76561197961139429
76561197961139430
76561197961139431
76561197961139435
76561197961139438
76561197961139440
76561197961139441
76561197961139443
76561197961139444
76561197961139447
76561197961139448
76561197961139450
76561197961139451
76561197961139452
76561197961139454
76561197961139456
76561197961139458
76561197961139459
76561197961139461
76561197961139462
76561197961139463
76561197961139467
76561197961139469
76561197961139470
76561197961139471
76561197961139474
76561197961139478
76561197961139480
76561197961139481
76561197961139482
76561197961139483
76561197961139484
76561197961139485
76561197961139488
76561197961139490
76561197961139491
76561197961139492
76561197961139494
76561197961139497
76561197961139498
76561197961139502
76561197961139504
76561197961139505
76561197961139506
76561197961139509
76561197961139512
76561197961139514
76561197961139516
76561197961139518
76561197961139519
76561197961139520
76561197961139521
76561197961139522
76561197961139524
76561197961139525
76561197961139526
76561197961139528
76561197961139529
76561197961139531
76561197961139532
76561197961139533
76561197961139535
76561197961139536
76561197961139539
76561197961139543
76561197961139544
76561197961139545
76561197961139546
76561197961139547
76561197961139549
76561197961139550
76561197961139551
76561197961139553
76561197961139555
76561197961139557
76561197961139558
76561197961139559
76561197961139560
76561197961139563
76561197961139564
76561197961139567
76561197961139569
76561197961139570
76561197961139571
76561197961139572
76561197961139573
76561197961139574
76561197961139575
76561197961139578
76561197961139580
76561197961139581
76561197961139582
76561197961139583
76561197961139584
76561197961139586
76561197961139588
76561197961139589
76561197961139591
76561197961139592
76561197961139593
76561197961139594
76561197961139595
76561197961139597
76561197961139598
76561197961139599
76561197961139600
76561197961139601
76561197961139604
76561197961139607
76561197961139608
76561197961139609
76561197961139610
76561197961139614
76561197961139615
76561197961139616
76561197961139619
76561197961139620
76561197961139622
76561197961139623
76561197961139626
76561197961139628
76561197961139629
76561197961139632
76561197961139636
76561197961139637
76561197961139638
76561197961139639
76561197961139645
76561197961139646
76561197961139647
76561197961139649
76561197961139650
76561197961139653
76561197961139654
76561197961139655
76561197961139656
76561197961139657
76561197961139658
76561197961139662
76561197961139663
76561197961139664
76561197961139666
76561197961139667
76561197961139668
76561197961139670
76561197961139672
76561197961139673
76561197961139675
76561197961139676
76561197961139679
76561197961139686
76561197961139688
76561197961139689
76561197961139690
76561197961139692
76561197961139693
76561197961139695
76561197961139698
76561197961139702
76561197961139704
76561197961139705
76561197961139706
76561197961139707
76561197961139710
76561197961139712
76561197961139714
76561197961139716
76561197961139717
76561197961139720
76561197961139721
76561197961139722
76561197961139725
76561197961139726
76561197961139730
76561197961139735
76561197961139737
76561197961139738
76561197961139742
76561197961139744
76561197961139745
76561197961139747
76561197961139748
76561197961139749
76561197961139750
76561197961139751
76561197961139752
76561197961139753
76561197961139754
76561197961139756
76561197961139757
76561197961139759
76561197961139765
76561197961139767
76561197961139768
76561197961139770
76561197961139772
76561197961139773
76561197961139774
76561197961139775
76561197961139777
76561197961139778
76561197961139779
76561197961139781
76561197961139782
76561197961139783
76561197961139784
76561197961139785
76561197961139786
76561197961139789
76561197961139791
76561197961139792
76561197961139793
76561197961139795
76561197961139796
76561197961139798
76561197961139802
76561197961139803
76561197961139805
76561197961139806
76561197961139809
76561197961139811
76561197961139812
76561197961139813
76561197961139814
76561197961139815
76561197961139817
76561197961139818
76561197961139819
76561197961139820
76561197961139823
76561197961139824
76561197961139825
76561197961139827
76561197961139829
76561197961139830
76561197961139831
76561197961139832
76561197961139833
76561197961139836
76561197961139837
76561197961139840
76561197961139841
76561197961139843
76561197961139844
76561197961139845
76561197961139846
76561197961139849
76561197961139851
76561197961139853
76561197961139855
76561197961139856
76561197961139857
76561197961139859
76561197961139860
76561197961139864
76561197961139866
76561197961139867
76561197961139869
76561197961139870
76561197961139871
76561197961139872
76561197961139874
76561197961139876
76561197961139878
76561197961139879
76561197961139883
76561197961139884
76561197961139885
76561197961139886
76561197961139887
76561197961139888
76561197961139890
76561197961139891
76561197961139892
76561197961139894
76561197961139900
76561197961139902
76561197961139903
76561197961139904
76561197961139907
76561197961139908
76561197961139909
76561197961139911
76561197961139913
76561197961139915
76561197961139916
76561197961139919
76561197961139922
76561197961139924
76561197961139926
76561197961139927
76561197961139928
76561197961139929
76561197961139930
76561197961139931
76561197961139932
76561197961139933
76561197961139939
76561197961139940
76561197961139941
76561197961139942
76561197961139946
76561197961139947
76561197961139948
76561197961139949
76561197961139950
76561197961139951
76561197961139952
76561197961139953
76561197961139954
76561197961139956
76561197961139958
76561197961139959
76561197961139960
76561197961139963
76561197961139965
76561197961139966
76561197961139968
76561197961139969
76561197961139970
76561197961139972
76561197961139974
76561197961139975
76561197961139977
76561197961139979
76561197961139983
76561197961139985
76561197961139986
76561197961139987
76561197961139988
76561197961139989
76561197961139990
76561197961139991
76561197961139992
76561197961139994
76561197961139995
76561197961139996
76561197961139997
76561197961140000
76561197961140001
76561197961140003
76561197961140006
76561197961140008
76561197961140009
76561197961140010
76561197961140011
76561197961140013
76561197961140014
76561197961140016
76561197961140017
76561197961140018
76561197961140020
76561197961140026
76561197961140027
76561197961140028
76561197961140029
76561197961140030
76561197961140032
76561197961140034
76561197961140036
76561197961140037
76561197961140038
76561197961140041
76561197961140044
76561197961140045
76561197961140047
76561197961140050
76561197961140051
76561197961140052
76561197961140053
76561197961140054
76561197961140055
76561197961140056
76561197961140057
76561197961140063
76561197961140065
76561197961140068
76561197961140069
76561197961140070
76561197961140071
76561197961140072
76561197961140076
76561197961140077
76561197961140079
76561197961140080
76561197961140081
76561197961140083
76561197961140084
76561197961140085
76561197961140086
76561197961140087
76561197961140088
76561197961140089
76561197961140090
76561197961140092
76561197961140093
76561197961140094
76561197961140095
76561197961140096
76561197961140098
76561197961140100
76561197961140103
76561197961140104
76561197961140106
76561197961140107
76561197961140108
76561197961140110
76561197961140111
76561197961140112
76561197961140115
76561197961140118
76561197961140119
76561197961140120
76561197961140121
76561197961140123
76561197961140124
76561197961140125
76561197961140127
76561197961140129
76561197961140132
76561197961140136
76561197961140138
76561197961140139
76561197961140140
76561197961140141
76561197961140142
76561197961140144
76561197961140145
76561197961140146
76561197961140147
76561197961140149
76561197961140152
76561197961140153
76561197961140154
76561197961140155
76561197961140160
76561197961140164
76561197961140165
76561197961140168
76561197961140169
76561197961140170
76561197961140172
76561197961140173
76561197961140177
76561197961140180
76561197961140182
76561197961140184
76561197961140185
76561197961140186
76561197961140187
76561197961140188
76561197961140191
76561197961140192
76561197961140193
76561197961140194
76561197961140195
76561197961140196
76561197961140197
76561197961140200
76561197961140204
76561197961140205
76561197961140206
76561197961140207
76561197961140210
76561197961140211
76561197961140215
76561197961140216
76561197961140217
76561197961140218
76561197961140219
76561197961140221
76561197961140222
76561197961140225
76561197961140228
76561197961140229
76561197961140230
76561197961140233
76561197961140236
76561197961140237
76561197961140238
76561197961140239
76561197961140240
76561197961140242
76561197961140243
76561197961140244
76561197961140245
76561197961140246
76561197961140248
76561197961140249
76561197961140251
76561197961140252
76561197961140254
76561197961140256
76561197961140258
76561197961140259
76561197961140260
76561197961140262
76561197961140263
76561197961140265
76561197961140266
76561197961140268
76561197961140269
76561197961140270
76561197961140272
76561197961140273
76561197961140275
76561197961140277
76561197961140278
76561197961140281
76561197961140284
76561197961140286
76561197961140287
76561197961140288
76561197961140292
76561197961140295
76561197961140296
76561197961140299
76561197961140300
76561197961140301
76561197961140302
76561197961140303
76561197961140305
76561197961140306
76561197961140307
76561197961140308
76561197961140311
76561197961140312
76561197961140316
76561197961140318
76561197961140320
76561197961140322
76561197961140323
76561197961140327
76561197961140328
76561197961140332
76561197961140333
76561197961140334
76561197961140335
76561197961140336
76561197961140337
76561197961140338
76561197961140340
76561197961140341
76561197961140344
76561197961140346
76561197961140349
76561197961140351
76561197961140352
76561197961140354
76561197961140356
76561197961140357
76561197961140358
76561197961140361
76561197961140362
76561197961140363
76561197961140364
76561197961140368
76561197961140370
76561197961140371
76561197961140374
76561197961140375
76561197961140376
76561197961140379
76561197961140380
76561197961140381
76561197961140382
76561197961140386
76561197961140387
76561197961140388
76561197961140390
76561197961140392
76561197961140393
76561197961140395
76561197961140396
76561197961140397
76561197961140398
76561197961140399
76561197961140404
76561197961140405
76561197961140408
76561197961140409
76561197961140411
76561197961140413
76561197961140414
76561197961140415
76561197961140420
76561197961140422
76561197961140424
76561197961140425
76561197961140427
76561197961140429
76561197961140431
76561197961140433
76561197961140436
76561197961140437
76561197961140438
76561197961140439
76561197961140440
76561197961140441
76561197961140446
76561197961140449
76561197961140451
76561197961140452
76561197961140453
76561197961140454
76561197961140458
76561197961140459
76561197961140460
76561197961140461
76561197961140462
76561197961140464
76561197961140466
76561197961140467
76561197961140468
76561197961140469
76561197961140472
76561197961140473
76561197961140474
76561197961140478
76561197961140479
76561197961140480
76561197961140482
76561197961140483
76561197961140486
76561197961140487
76561197961140489
76561197961140491
76561197961140493
76561197961140497
76561197961140499
76561197961140500
76561197961140501
76561197961140503
76561197961140504
76561197961140507
76561197961140508
76561197961140512
76561197961140514
76561197961140515
76561197961140516
76561197961140518
76561197961140521
76561197961140522
76561197961140523
76561197961140524
76561197961140528
76561197961140529
76561197961140532
76561197961140533
76561197961140534
76561197961140535
76561197961140536
76561197961140539
76561197961140542
76561197961140543
76561197961140544
76561197961140545
76561197961140549
76561197961140552
76561197961140554
76561197961140555
76561197961140556
76561197961140558
76561197961140559
76561197961140560
76561197961140561
76561197961140562
76561197961140563
76561197961140564
76561197961140566
76561197961140568
76561197961140571
76561197961140574
76561197961140575
76561197961140577
76561197961140578
76561197961140580
76561197961140581
76561197961140583
76561197961140584
76561197961140585
76561197961140586
76561197961140587
76561197961140588
76561197961140589
76561197961140591
76561197961140592
76561197961140594
76561197961140595
76561197961140596
76561197961140597
76561197961140598
76561197961140599
76561197961140600
76561197961140602
76561197961140603
76561197961140604
76561197961140605
76561197961140606
76561197961140607
76561197961140608
76561197961140609
76561197961140613
76561197961140614
76561197961140617
76561197961140619
76561197961140620
76561197961140622
76561197961140626
76561197961140627
76561197961140628
76561197961140629
76561197961140630
76561197961140631
76561197961140633
76561197961140635
76561197961140637
76561197961140640
76561197961140642
76561197961140643
76561197961140644
76561197961140648
76561197961140650
76561197961140656
76561197961140658
76561197961140660
76561197961140661
76561197961140663
76561197961140668
76561197961140669
76561197961140670
76561197961140671
76561197961140672
76561197961140674
76561197961140676
76561197961140677
76561197961140679
76561197961140681
76561197961140682
76561197961140683
76561197961140684
76561197961140689
76561197961140690
76561197961140691
76561197961140693
76561197961140694
76561197961140695
76561197961140697
76561197961140698
76561197961140702
76561197961140704
76561197961140705
76561197961140706
76561197961140707
76561197961140710
76561197961140711
76561197961140713
76561197961140714
76561197961140719
76561197961140720
76561197961140721
76561197961140722
76561197961140723
76561197961140725
76561197961140726
76561197961140727
76561197961140730
76561197961140731
76561197961140736
76561197961140738
76561197961140739
76561197961140740
76561197961140742
76561197961140743
76561197961140745
76561197961140746
76561197961140748
76561197961140750
76561197961140752
76561197961140753
76561197961140754
76561197961140758
76561197961140760
76561197961140761
76561197961140762
76561197961140763
76561197961140764
76561197961140766
76561197961140767
76561197961140769
76561197961140770
76561197961140771
76561197961140772
76561197961140773
76561197961140775
76561197961140777
76561197961140778
76561197961140779
76561197961140780
76561197961140781
76561197961140783
76561197961140784
76561197961140786
76561197961140790
76561197961140791
76561197961140793
76561197961140794
76561197961140797
76561197961140799
76561197961140800
76561197961140801
76561197961140803
76561197961140804
76561197961140805
76561197961140807
76561197961140808
76561197961140810
76561197961140811
76561197961140812
76561197961140813
76561197961140814
76561197961140815
76561197961140816
76561197961140817
76561197961140819
76561197961140821
76561197961140822
76561197961140823
76561197961140825
76561197961140827
76561197961140828
76561197961140829
76561197961140830
76561197961140833
76561197961140834
76561197961140836
76561197961140837
76561197961140838
76561197961140840
76561197961140841
76561197961140842
76561197961140843
76561197961140844
76561197961140845
76561197961140846
76561197961140850
76561197961140851
76561197961140856
76561197961140858
76561197961140859
76561197961140862
76561197961140863
76561197961140866
76561197961140867
76561197961140868
76561197961140870
76561197961140871
76561197961140872
76561197961140873
76561197961140874
76561197961140875
76561197961140876
76561197961140878
76561197961140879
76561197961140884
76561197961140885
76561197961140886
76561197961140887
76561197961140889
76561197961140890
76561197961140892
76561197961140893
76561197961140895
76561197961140898
76561197961140901
76561197961140902
76561197961140904
76561197961140905
76561197961140906
76561197961140907
76561197961140908
76561197961140911
76561197961140912
76561197961140915
76561197961140916
76561197961140920
76561197961140922
76561197961140923
76561197961140924
76561197961140926
76561197961140928
76561197961140929
76561197961140934
76561197961140936
76561197961140937
76561197961140939
76561197961140940
76561197961140943
76561197961140945
76561197961140949
76561197961140950
76561197961140952
76561197961140954
76561197961140955
76561197961140957
76561197961140958
