76561197960910165
76561197960910167
76561197960910168
76561197960910169
76561197960910170
76561197960910171
76561197960910175
76561197960910179
76561197960910180
76561197960910181
76561197960910185
76561197960910187
76561197960910198
76561197960910200
76561197960910204
76561197960910205
76561197960910209
76561197960910211
76561197960910213
76561197960910215
76561197960910219
76561197960910221
76561197960910222
76561197960910223
76561197960910224
76561197960910227
76561197960910229
76561197960910230
76561197960910232
76561197960910234
76561197960910235
76561197960910237
76561197960910238
76561197960910239
76561197960910241
76561197960910242
76561197960910243
76561197960910245
76561197960910247
76561197960910249
76561197960910250
76561197960910251
76561197960910252
76561197960910253
76561197960910255
76561197960910256
76561197960910257
76561197960910263
76561197960910264
76561197960910266
76561197960910267
76561197960910268
76561197960910272
76561197960910273
76561197960910278
76561197960910279
76561197960910280
76561197960910281
76561197960910282
76561197960910284
76561197960910287
76561197960910289
76561197960910291
76561197960910293
76561197960910295
76561197960910297
76561197960910300
76561197960910301
76561197960910302
76561197960910306
76561197960910309
76561197960910311
76561197960910315
76561197960910317
76561197960910318
76561197960910319
76561197960910322
76561197960910323
76561197960910324
76561197960910326
76561197960910328
76561197960910329
76561197960910331
76561197960910334
76561197960910335
76561197960910336
76561197960910337
76561197960910338
76561197960910339
76561197960910340
76561197960910345
76561197960910346
76561197960910348
76561197960910350
76561197960910357
76561197960910361
76561197960910363
76561197960910364
76561197960910365
76561197960910366
76561197960910367
76561197960910370
76561197960910371
76561197960910372
76561197960910374
76561197960910376
76561197960910377
76561197960910378
76561197960910379
76561197960910381
76561197960910384
76561197960910386
76561197960910387
76561197960910389
76561197960910391
76561197960910392
76561197960910393
76561197960910396
76561197960910397
76561197960910401
76561197960910402
76561197960910403
76561197960910404
76561197960910405
76561197960910410
76561197960910414
76561197960910415
76561197960910416
76561197960910417
76561197960910420
76561197960910421
76561197960910425
76561197960910428
76561197960910429
76561197960910431
76561197960910432
76561197960910433
76561197960910437
76561197960910439
76561197960910443
76561197960910445
76561197960910447
76561197960910449
76561197960910451
76561197960910453
76561197960910455
76561197960910456
76561197960910457
76561197960910459
76561197960910460
76561197960910462
76561197960910466
76561197960910473
76561197960910474
76561197960910475
76561197960910479
76561197960910480
76561197960910481
76561197960910482
76561197960910491
76561197960910492
76561197960910495
76561197960910500
76561197960910501
76561197960910502
76561197960910509
76561197960910510
76561197960910511
76561197960910516
76561197960910520
76561197960910521
76561197960910523
76561197960910524
76561197960910525
76561197960910527
76561197960910528
76561197960910529
76561197960910530
76561197960910532
76561197960910533
76561197960910536
76561197960910540
76561197960910541
76561197960910542
76561197960910544
76561197960910545
76561197960910547
76561197960910548
76561197960910549
76561197960910550
76561197960910551
76561197960910552
76561197960910553
76561197960910554
76561197960910557
76561197960910559
76561197960910561
76561197960910564
76561197960910570
76561197960910571
76561197960910577
76561197960910578
76561197960910580
76561197960910581
76561197960910585
76561197960910587
76561197960910589
76561197960910590
76561197960910594
76561197960910603
76561197960910604
76561197960910607
76561197960910608
76561197960910609
76561197960910610
76561197960910616
76561197960910618
76561197960910620
76561197960910624
76561197960910627
76561197960910628
76561197960910629
76561197960910631
76561197960910638
76561197960910639
76561197960910640
76561197960910644
76561197960910646
76561197960910647
76561197960910648
76561197960910649
76561197960910650
76561197960910651
76561197960910652
76561197960910654
76561197960910657
76561197960910659
76561197960910662
76561197960910663
76561197960910666
76561197960910670
76561197960910676
76561197960910679
76561197960910680
76561197960910682
76561197960910683
76561197960910684
76561197960910685
76561197960910686
76561197960910688
76561197960910689
76561197960910690
76561197960910695
76561197960910696
76561197960910697
76561197960910698
76561197960910700
76561197960910701
76561197960910702
76561197960910704
76561197960910706
76561197960910707
76561197960910708
76561197960910712
76561197960910714
76561197960910716
76561197960910718
76561197960910719
76561197960910722
76561197960910724
76561197960910726
76561197960910728
76561197960910729
76561197960910732
76561197960910733
76561197960910735
76561197960910739
76561197960910740
76561197960910743
76561197960910744
76561197960910751
76561197960910753
76561197960910755
76561197960910756
76561197960910757
76561197960910761
76561197960910763
76561197960910767
76561197960910768
76561197960910772
76561197960910777
76561197960910778
76561197960910781
76561197960910784
76561197960910785
76561197960910787
76561197960910789
76561197960910790
76561197960910791
76561197960910796
76561197960910799
76561197960910801
76561197960910804
76561197960910805
76561197960910808
76561197960910811
76561197960910816
76561197960910817
76561197960910818
76561197960910820
76561197960910821
76561197960910822
76561197960910824
76561197960910825
76561197960910826
76561197960910828
76561197960910829
76561197960910830
76561197960910833
76561197960910835
76561197960910838
76561197960910839
76561197960910840
76561197960910841
76561197960910847
76561197960910849
76561197960910850
76561197960910851
76561197960910852
76561197960910853
76561197960910854
76561197960910855
76561197960910858
76561197960910861
76561197960910862
76561197960910863
76561197960910864
76561197960910865
76561197960910867
76561197960910868
76561197960910869
76561197960910872
76561197960910873
76561197960910877
76561197960910879
76561197960910881
76561197960910882
76561197960910883
76561197960910884
76561197960910885
76561197960910888
76561197960910891
76561197960910892
76561197960910897
76561197960910900
76561197960910908
76561197960910911
76561197960910913
76561197960910914
76561197960910915
76561197960910918
76561197960910919
76561197960910921
76561197960910924
76561197960910927
76561197960910928
76561197960910933
76561197960910936
76561197960910937
76561197960910938
76561197960910939
76561197960910940
76561197960910941
76561197960910946
76561197960910948
76561197960910949
76561197960910951
76561197960910954
76561197960910955
76561197960910956
76561197960910957
76561197960910962
76561197960910966
76561197960910967
76561197960910968
76561197960910969
76561197960910970
76561197960910972
76561197960910974
76561197960910976
76561197960910981
76561197960910982
76561197960910983
76561197960910984
76561197960910985
76561197960910986
76561197960910987
76561197960910989
76561197960910991
76561197960910993
76561197960910995
76561197960910997
76561197960911001
76561197960911002
76561197960911004
76561197960911005
76561197960911009
76561197960911010
76561197960911011
76561197960911012
76561197960911018
76561197960911019
76561197960911022
76561197960911023
76561197960911024
76561197960911026
76561197960911028
76561197960911029
76561197960911033
76561197960911035
76561197960911036
76561197960911037
76561197960911038
76561197960911040
76561197960911041
76561197960911042
76561197960911043
76561197960911045
76561197960911047
76561197960911048
76561197960911049
76561197960911054
76561197960911058
76561197960911059
76561197960911062
76561197960911063
76561197960911065
76561197960911066
76561197960911068
76561197960911071
76561197960911072
76561197960911074
76561197960911075
76561197960911077
76561197960911078
76561197960911079
76561197960911080
76561197960911081
76561197960911085
76561197960911087
76561197960911090
76561197960911095
76561197960911096
76561197960911097
76561197960911098
76561197960911099
76561197960911101
76561197960911103
76561197960911104
76561197960911105
76561197960911109
76561197960911114
76561197960911116
76561197960911120
76561197960911121
76561197960911122
76561197960911125
76561197960911126
76561197960911127
76561197960911128
76561197960911129
76561197960911130
76561197960911131
76561197960911132
76561197960911135
76561197960911136
76561197960911137
76561197960911138
76561197960911139
76561197960911140
76561197960911142
76561197960911144
76561197960911147
76561197960911148
76561197960911152
76561197960911153
76561197960911154
76561197960911156
76561197960911158
76561197960911159
76561197960911162
76561197960911163
76561197960911164
76561197960911168
76561197960911169
76561197960911170
76561197960911173
76561197960911174
76561197960911175
76561197960911177
76561197960911179
76561197960911180
76561197960911181
76561197960911183
76561197960911184
76561197960911189
76561197960911191
76561197960911197
76561197960911199
76561197960911201
76561197960911202
76561197960911203
76561197960911206
76561197960911208
76561197960911210
76561197960911215
76561197960911217
76561197960911218
76561197960911222
76561197960911223
76561197960911224
76561197960911225
76561197960911229
76561197960911234
76561197960911235
76561197960911236
76561197960911242
76561197960911243
76561197960911244
76561197960911245
76561197960911246
76561197960911247
76561197960911249
76561197960911250
76561197960911251
76561197960911252
76561197960911254
76561197960911257
76561197960911258
76561197960911260
76561197960911261
76561197960911265
76561197960911267
76561197960911268
76561197960911270
76561197960911271
76561197960911272
76561197960911273
76561197960911274
76561197960911278
76561197960911281
76561197960911282
76561197960911287
76561197960911288
76561197960911291
76561197960911292
76561197960911293
76561197960911296
76561197960911298
76561197960911299
76561197960911300
76561197960911301
76561197960911302
76561197960911303
76561197960911304
76561197960911306
76561197960911310
76561197960911311
76561197960911312
76561197960911314
76561197960911315
76561197960911316
76561197960911319
76561197960911324
76561197960911325
76561197960911331
76561197960911332
76561197960911333
76561197960911334
76561197960911338
76561197960911339
76561197960911340
76561197960911341
76561197960911342
76561197960911344
76561197960911351
76561197960911352
76561197960911353
76561197960911355
76561197960911358
76561197960911359
76561197960911360
76561197960911361
76561197960911362
76561197960911363
76561197960911364
76561197960911365
76561197960911366
76561197960911367
76561197960911369
76561197960911371
76561197960911373
76561197960911375
76561197960911376
76561197960911377
76561197960911378
76561197960911379
76561197960911380
76561197960911381
76561197960911384
76561197960911385
76561197960911387
76561197960911389
76561197960911393
76561197960911394
76561197960911395
76561197960911396
76561197960911398
76561197960911400
76561197960911402
76561197960911404
76561197960911405
76561197960911407
76561197960911408
76561197960911409
76561197960911410
76561197960911411
76561197960911412
76561197960911413
76561197960911415
76561197960911416
76561197960911417
76561197960911422
76561197960911427
76561197960911429
76561197960911431
76561197960911434
76561197960911436
76561197960911438
76561197960911441
76561197960911443
76561197960911445
76561197960911449
76561197960911451
76561197960911455
76561197960911456
76561197960911458
76561197960911459
76561197960911460
76561197960911462
76561197960911464
76561197960911465
76561197960911470
76561197960911473
76561197960911475
76561197960911477
76561197960911478
76561197960911481
76561197960911483
76561197960911486
76561197960911487
76561197960911490
76561197960911494
76561197960911495
76561197960911498
76561197960911505
76561197960911506
76561197960911511
76561197960911513
76561197960911514
76561197960911516
76561197960911521
76561197960911523
76561197960911529
76561197960911532
76561197960911533
76561197960911534
76561197960911535
76561197960911536
76561197960911537
76561197960911538
76561197960911539
76561197960911540
76561197960911541
76561197960911542
76561197960911544
76561197960911545
76561197960911550
76561197960911552
76561197960911553
76561197960911555
76561197960911556
76561197960911557
76561197960911559
76561197960911569
76561197960911572
76561197960911576
76561197960911578
76561197960911579
76561197960911580
76561197960911581
76561197960911583
76561197960911587
76561197960911589
76561197960911591
76561197960911593
76561197960911597
76561197960911600
76561197960911601
76561197960911603
76561197960911604
76561197960911605
76561197960911606
76561197960911607
76561197960911609
76561197960911610
76561197960911611
76561197960911612
76561197960911613
76561197960911614
76561197960911617
76561197960911618
76561197960911622
76561197960911623
76561197960911624
76561197960911626
76561197960911627
76561197960911628
76561197960911630
76561197960911632
76561197960911633
76561197960911635
76561197960911636
76561197960911637
76561197960911638
76561197960911639
76561197960911644
76561197960911645
76561197960911647
76561197960911648
76561197960911649
76561197960911650
76561197960911654
76561197960911656
76561197960911657
76561197960911658
76561197960911660
76561197960911661
76561197960911662
76561197960911663
76561197960911664
76561197960911667
76561197960911669
76561197960911670
76561197960911671
76561197960911672
76561197960911675
76561197960911678
76561197960911679
76561197960911683
76561197960911684
76561197960911688
76561197960911689
76561197960911690
76561197960911691
76561197960911692
76561197960911696
76561197960911698
76561197960911699
76561197960911703
76561197960911706
76561197960911709
76561197960911710
76561197960911711
76561197960911712
76561197960911713
76561197960911715
76561197960911716
76561197960911717
76561197960911722
76561197960911723
76561197960911725
76561197960911726
76561197960911729
76561197960911733
76561197960911736
76561197960911739
76561197960911743
76561197960911744
76561197960911745
76561197960911746
76561197960911749
76561197960911750
76561197960911751
76561197960911752
76561197960911754
76561197960911757
76561197960911758
76561197960911761
76561197960911763
76561197960911765
76561197960911767
76561197960911768
76561197960911770
76561197960911772
76561197960911773
76561197960911774
76561197960911776
76561197960911778
76561197960911780
76561197960911782
76561197960911783
76561197960911785
76561197960911786
76561197960911787
76561197960911788
76561197960911790
76561197960911792
76561197960911793
76561197960911796
76561197960911799
76561197960911803
76561197960911806
76561197960911810
76561197960911811
76561197960911812
76561197960911813
76561197960911815
76561197960911819
76561197960911820
76561197960911824
76561197960911826
76561197960911827
76561197960911828
76561197960911829
76561197960911830
76561197960911833
76561197960911835
76561197960911839
76561197960911840
76561197960911841
76561197960911842
76561197960911843
76561197960911844
76561197960911847
76561197960911848
76561197960911851
76561197960911852
76561197960911855
76561197960911858
76561197960911859
76561197960911860
76561197960911862
76561197960911870
76561197960911873
76561197960911875
76561197960911876
76561197960911878
76561197960911879
76561197960911880
76561197960911883
76561197960911885
76561197960911886
76561197960911887
76561197960911888
76561197960911889
76561197960911890
76561197960911891
76561197960911893
76561197960911894
76561197960911895
76561197960911896
76561197960911898
76561197960911900
76561197960911904
76561197960911905
76561197960911907
76561197960911909
76561197960911910
76561197960911913
76561197960911914
76561197960911915
76561197960911917
76561197960911918
76561197960911919
76561197960911921
76561197960911922
76561197960911924
76561197960911928
76561197960911929
76561197960911931
76561197960911932
76561197960911933
76561197960911934
76561197960911936
76561197960911939
76561197960911940
76561197960911941
76561197960911948
76561197960911949
76561197960911951
76561197960911953
76561197960911955
76561197960911957
76561197960911958
76561197960911959
76561197960911962
76561197960911963
76561197960911966
76561197960911970
76561197960911972
76561197960911974
76561197960911975
76561197960911977
76561197960911978
76561197960911979
76561197960911981
76561197960911982
76561197960911985
76561197960911988
76561197960911989
76561197960911993
76561197960911994
76561197960911997
76561197960911998
76561197960911999
76561197960912001
76561197960912005
76561197960912006
76561197960912007
76561197960912013
76561197960912016
76561197960912017
76561197960912019
76561197960912023
76561197960912024
76561197960912025
76561197960912027
76561197960912028
76561197960912029
76561197960912033
76561197960912034
76561197960912036
76561197960912039
76561197960912040
76561197960912043
76561197960912044
76561197960912046
76561197960912047
76561197960912048
76561197960912049
76561197960912050
76561197960912051
76561197960912053
76561197960912055
76561197960912056
76561197960912058
76561197960912061
76561197960912065
76561197960912066
76561197960912068
76561197960912070
76561197960912071
76561197960912073
76561197960912074
76561197960912077
76561197960912079
76561197960912080
76561197960912081
76561197960912083
76561197960912086
76561197960912087
76561197960912088
76561197960912089
76561197960912090
76561197960912091
76561197960912094
76561197960912096
76561197960912098
76561197960912099
76561197960912103
76561197960912107
76561197960912109
76561197960912110
76561197960912112
76561197960912113
76561197960912115
76561197960912116
76561197960912121
76561197960912124
76561197960912125
76561197960912126
76561197960912129
76561197960912131
76561197960912132
76561197960912133
76561197960912135
76561197960912136
76561197960912138
76561197960912139
