76561197961873694
76561197961873698
76561197961873699
76561197961873701
76561197961873702
76561197961873706
76561197961873710
76561197961873716
76561197961873720
76561197961873722
76561197961873725
76561197961873731
76561197961873732
76561197961873738
76561197961873740
76561197961873741
76561197961873746
76561197961873747
76561197961873752
76561197961873754
76561197961873758
76561197961873760
76561197961873761
76561197961873763
76561197961873764
76561197961873765
76561197961873767
76561197961873768
76561197961873770
76561197961873771
76561197961873772
76561197961873773
76561197961873776
76561197961873777
76561197961873778
76561197961873779
76561197961873780
76561197961873783
76561197961873785
76561197961873788
76561197961873790
76561197961873792
76561197961873794
76561197961873796
76561197961873797
76561197961873800
76561197961873801
76561197961873802
76561197961873804
76561197961873805
76561197961873806
76561197961873810
76561197961873814
76561197961873817
76561197961873820
76561197961873821
76561197961873822
76561197961873824
76561197961873826
76561197961873827
76561197961873829
76561197961873830
76561197961873832
76561197961873835
76561197961873836
76561197961873837
76561197961873838
76561197961873840
76561197961873841
76561197961873843
76561197961873846
76561197961873847
76561197961873850
76561197961873853
76561197961873854
76561197961873856
76561197961873860
76561197961873862
76561197961873863
76561197961873866
76561197961873870
76561197961873871
76561197961873872
76561197961873873
76561197961873874
76561197961873875
76561197961873877
76561197961873884
76561197961873886
76561197961873887
76561197961873888
76561197961873889
76561197961873891
76561197961873895
76561197961873901
76561197961873905
76561197961873908
76561197961873909
76561197961873911
76561197961873913
76561197961873915
76561197961873917
76561197961873921
76561197961873928
76561197961873929
76561197961873932
76561197961873934
76561197961873935
76561197961873940
76561197961873941
76561197961873946
76561197961873948
76561197961873951
76561197961873953
76561197961873956
76561197961873958
76561197961873959
76561197961873960
76561197961873961
76561197961873963
76561197961873964
76561197961873965
76561197961873969
76561197961873970
76561197961873972
76561197961873974
76561197961873976
76561197961873977
76561197961873978
76561197961873980
76561197961873983
76561197961873985
76561197961873986
76561197961873992
76561197961873993
76561197961873994
76561197961873996
76561197961873998
76561197961874000
76561197961874002
76561197961874003
76561197961874004
76561197961874008
76561197961874010
76561197961874021
76561197961874023
76561197961874024
76561197961874026
76561197961874029
76561197961874034
76561197961874038
76561197961874041
76561197961874044
76561197961874045
76561197961874048
76561197961874049
76561197961874050
76561197961874052
76561197961874056
76561197961874058
76561197961874059
76561197961874060
76561197961874061
76561197961874062
76561197961874063
76561197961874066
76561197961874068
76561197961874070
76561197961874071
76561197961874074
76561197961874077
76561197961874078
76561197961874080
76561197961874081
76561197961874083
76561197961874087
76561197961874092
76561197961874093
76561197961874096
76561197961874103
76561197961874104
76561197961874107
76561197961874110
76561197961874111
76561197961874112
76561197961874113
76561197961874114
76561197961874115
76561197961874117
76561197961874119
76561197961874122
76561197961874123
76561197961874126
76561197961874128
76561197961874129
76561197961874133
76561197961874134
76561197961874136
76561197961874138
76561197961874140
76561197961874141
76561197961874144
76561197961874145
76561197961874146
76561197961874147
76561197961874148
76561197961874150
76561197961874151
76561197961874152
76561197961874156
76561197961874161
76561197961874162
76561197961874164
76561197961874166
76561197961874169
76561197961874170
76561197961874171
76561197961874174
76561197961874175
76561197961874178
76561197961874181
76561197961874183
76561197961874184
76561197961874186
76561197961874187
76561197961874188
76561197961874194
76561197961874196
76561197961874198
76561197961874199
76561197961874200
76561197961874202
76561197961874203
76561197961874204
76561197961874205
76561197961874206
76561197961874209
76561197961874211
76561197961874215
76561197961874216
76561197961874217
76561197961874218
76561197961874223
76561197961874228
76561197961874234
76561197961874235
76561197961874236
76561197961874239
76561197961874242
76561197961874243
76561197961874245
76561197961874249
76561197961874250
76561197961874251
76561197961874253
76561197961874254
76561197961874261
76561197961874262
76561197961874263
76561197961874266
76561197961874272
76561197961874275
76561197961874276
76561197961874279
76561197961874280
76561197961874283
76561197961874284
76561197961874287
76561197961874296
76561197961874300
76561197961874305
76561197961874306
76561197961874308
76561197961874310
76561197961874311
76561197961874315
76561197961874321
76561197961874322
76561197961874324
76561197961874327
76561197961874328
76561197961874331
76561197961874334
76561197961874335
76561197961874337
76561197961874340
76561197961874343
76561197961874344
76561197961874346
76561197961874347
76561197961874348
76561197961874353
76561197961874354
76561197961874355
76561197961874356
76561197961874359
76561197961874360
76561197961874363
76561197961874366
76561197961874369
76561197961874370
76561197961874371
76561197961874382
76561197961874384
76561197961874385
76561197961874386
76561197961874390
76561197961874393
76561197961874395
76561197961874398
76561197961874400
76561197961874402
76561197961874404
76561197961874405
76561197961874407
76561197961874409
76561197961874412
76561197961874413
76561197961874414
76561197961874415
76561197961874417
76561197961874421
76561197961874424
76561197961874429
76561197961874430
76561197961874431
76561197961874432
76561197961874433
76561197961874439
76561197961874440
76561197961874442
76561197961874446
76561197961874447
76561197961874450
76561197961874451
76561197961874452
76561197961874454
76561197961874455
76561197961874458
76561197961874459
76561197961874462
76561197961874466
76561197961874470
76561197961874471
76561197961874473
76561197961874475
76561197961874478
76561197961874479
76561197961874481
76561197961874483
76561197961874484
76561197961874485
76561197961874487
76561197961874488
76561197961874491
76561197961874493
76561197961874494
76561197961874498
76561197961874500
76561197961874501
76561197961874504
76561197961874506
76561197961874508
76561197961874509
76561197961874510
76561197961874512
76561197961874513
76561197961874514
76561197961874515
76561197961874518
76561197961874520
76561197961874524
76561197961874525
76561197961874526
76561197961874528
76561197961874531
76561197961874535
76561197961874536
76561197961874537
76561197961874542
76561197961874543
76561197961874544
76561197961874546
76561197961874547
76561197961874548
76561197961874551
76561197961874552
76561197961874555
76561197961874562
76561197961874564
76561197961874566
76561197961874567
76561197961874569
76561197961874573
76561197961874574
76561197961874575
76561197961874576
76561197961874578
76561197961874583
76561197961874584
76561197961874588
76561197961874589
76561197961874590
76561197961874595
76561197961874598
76561197961874600
76561197961874608
76561197961874610
76561197961874611
76561197961874612
76561197961874613
76561197961874615
76561197961874616
76561197961874617
76561197961874618
76561197961874621
76561197961874629
76561197961874630
76561197961874634
76561197961874635
76561197961874637
76561197961874638
76561197961874639
76561197961874640
76561197961874642
76561197961874647
76561197961874649
76561197961874650
76561197961874651
76561197961874654
76561197961874655
76561197961874656
76561197961874659
76561197961874660
76561197961874661
76561197961874662
76561197961874663
76561197961874665
76561197961874666
76561197961874679
76561197961874680
76561197961874682
76561197961874684
76561197961874685
76561197961874688
76561197961874690
76561197961874691
76561197961874693
76561197961874694
76561197961874695
76561197961874696
76561197961874698
76561197961874701
76561197961874706
76561197961874707
76561197961874709
76561197961874712
76561197961874714
76561197961874715
76561197961874718
76561197961874721
76561197961874723
76561197961874727
76561197961874728
76561197961874729
76561197961874730
76561197961874734
76561197961874736
76561197961874740
76561197961874742
76561197961874744
76561197961874745
76561197961874746
76561197961874747
76561197961874748
76561197961874750
76561197961874753
76561197961874754
76561197961874755
76561197961874759
76561197961874763
76561197961874764
76561197961874766
76561197961874767
76561197961874768
76561197961874769
76561197961874770
76561197961874774
76561197961874776
76561197961874778
76561197961874779
76561197961874781
76561197961874782
76561197961874783
76561197961874784
76561197961874785
76561197961874786
76561197961874790
76561197961874792
76561197961874794
76561197961874796
76561197961874797
76561197961874800
76561197961874801
76561197961874803
76561197961874804
76561197961874805
76561197961874806
76561197961874807
76561197961874810
76561197961874812
76561197961874813
76561197961874817
76561197961874820
76561197961874829
76561197961874830
76561197961874832
76561197961874833
76561197961874841
76561197961874843
76561197961874847
76561197961874852
76561197961874853
76561197961874856
76561197961874859
76561197961874861
76561197961874862
76561197961874864
76561197961874865
76561197961874867
76561197961874869
76561197961874871
76561197961874872
76561197961874873
76561197961874874
76561197961874875
76561197961874876
76561197961874879
76561197961874880
76561197961874884
76561197961874885
76561197961874886
76561197961874887
76561197961874890
76561197961874892
76561197961874893
76561197961874897
76561197961874899
76561197961874900
76561197961874901
76561197961874904
76561197961874906
76561197961874908
76561197961874909
76561197961874912
76561197961874914
76561197961874915
76561197961874917
76561197961874919
76561197961874920
76561197961874921
76561197961874927
76561197961874928
76561197961874929
76561197961874932
76561197961874933
76561197961874934
76561197961874935
76561197961874936
76561197961874937
76561197961874938
76561197961874939
76561197961874940
76561197961874941
76561197961874944
76561197961874946
76561197961874947
76561197961874948
76561197961874951
76561197961874952
76561197961874953
76561197961874955
76561197961874956
76561197961874957
76561197961874962
76561197961874963
76561197961874964
76561197961874965
76561197961874966
76561197961874967
76561197961874970
76561197961874975
76561197961874984
76561197961874986
76561197961874988
76561197961874990
76561197961874994
76561197961874997
76561197961874998
76561197961875000
76561197961875002
76561197961875004
76561197961875006
76561197961875008
76561197961875010
76561197961875012
76561197961875014
76561197961875015
76561197961875016
76561197961875022
76561197961875025
76561197961875028
76561197961875029
76561197961875035
76561197961875036
76561197961875039
76561197961875040
76561197961875042
76561197961875043
76561197961875046
76561197961875050
76561197961875051
76561197961875052
76561197961875053
76561197961875054
76561197961875056
76561197961875058
76561197961875059
76561197961875060
76561197961875061
76561197961875063
76561197961875065
76561197961875072
76561197961875073
76561197961875074
76561197961875075
76561197961875078
76561197961875080
76561197961875081
76561197961875084
76561197961875086
76561197961875089
76561197961875090
76561197961875091
76561197961875092
76561197961875093
76561197961875094
76561197961875095
76561197961875096
76561197961875097
76561197961875098
76561197961875100
76561197961875102
76561197961875103
76561197961875108
76561197961875111
76561197961875112
76561197961875114
76561197961875116
76561197961875117
76561197961875119
76561197961875125
76561197961875126
76561197961875129
76561197961875130
76561197961875131
76561197961875134
76561197961875137
76561197961875138
76561197961875141
76561197961875143
76561197961875144
76561197961875145
76561197961875150
76561197961875151
76561197961875152
76561197961875155
76561197961875157
76561197961875159
76561197961875162
76561197961875163
76561197961875171
76561197961875174
76561197961875176
76561197961875178
76561197961875179
76561197961875180
76561197961875181
76561197961875182
76561197961875184
76561197961875185
76561197961875186
76561197961875187
76561197961875188
76561197961875195
76561197961875197
76561197961875198
76561197961875199
76561197961875201
76561197961875202
76561197961875204
76561197961875205
76561197961875207
76561197961875208
76561197961875209
76561197961875210
76561197961875211
76561197961875212
76561197961875213
76561197961875216
76561197961875218
76561197961875224
76561197961875225
76561197961875226
76561197961875227
76561197961875229
76561197961875232
76561197961875236
76561197961875238
76561197961875239
76561197961875242
76561197961875243
76561197961875249
76561197961875250
76561197961875253
76561197961875254
76561197961875255
76561197961875257
76561197961875258
76561197961875259
76561197961875261
76561197961875263
76561197961875265
76561197961875266
76561197961875268
76561197961875270
76561197961875274
76561197961875275
76561197961875278
76561197961875279
76561197961875280
76561197961875282
76561197961875286
76561197961875287
76561197961875289
76561197961875303
76561197961875304
76561197961875305
76561197961875306
76561197961875310
76561197961875312
76561197961875315
76561197961875318
76561197961875322
76561197961875325
76561197961875326
76561197961875329
76561197961875330
76561197961875331
76561197961875332
76561197961875333
76561197961875334
76561197961875336
76561197961875341
76561197961875344
76561197961875347
76561197961875348
76561197961875351
76561197961875354
76561197961875356
76561197961875357
76561197961875361
76561197961875366
76561197961875371
76561197961875372
76561197961875374
76561197961875377
76561197961875378
76561197961875382
76561197961875386
76561197961875392
76561197961875393
76561197961875395
76561197961875396
76561197961875398
76561197961875399
76561197961875407
76561197961875408
76561197961875409
76561197961875410
76561197961875412
76561197961875413
76561197961875414
76561197961875415
76561197961875416
76561197961875417
76561197961875418
76561197961875420
76561197961875421
76561197961875422
76561197961875424
76561197961875426
76561197961875431
76561197961875432
76561197961875434
76561197961875435
76561197961875438
76561197961875439
76561197961875442
76561197961875445
76561197961875448
76561197961875456
76561197961875460
76561197961875461
76561197961875465
76561197961875468
76561197961875469
76561197961875470
76561197961875472
76561197961875474
76561197961875475
76561197961875478
76561197961875481
76561197961875486
76561197961875487
76561197961875490
76561197961875493
76561197961875494
76561197961875495
76561197961875498
76561197961875499
76561197961875500
76561197961875501
76561197961875502
76561197961875503
76561197961875504
76561197961875506
76561197961875514
76561197961875515
76561197961875522
76561197961875524
76561197961875525
76561197961875526
76561197961875528
76561197961875530
76561197961875531
76561197961875534
76561197961875535
76561197961875537
76561197961875538
76561197961875539
76561197961875540
76561197961875541
76561197961875546
76561197961875549
76561197961875552
76561197961875553
76561197961875554
76561197961875557
76561197961875559
76561197961875563
76561197961875568
76561197961875569
76561197961875570
76561197961875573
76561197961875577
76561197961875580
76561197961875583
76561197961875584
76561197961875586
76561197961875588
76561197961875589
76561197961875590
76561197961875592
76561197961875594
76561197961875596
76561197961875599
76561197961875600
76561197961875602
76561197961875605
76561197961875608
76561197961875609
76561197961875611
76561197961875613
76561197961875619
76561197961875621
76561197961875623
76561197961875628
76561197961875630
76561197961875632
76561197961875634
76561197961875635
76561197961875638
76561197961875647
76561197961875648
76561197961875650
76561197961875651
76561197961875652
76561197961875654
76561197961875657
76561197961875662
76561197961875664
76561197961875665
76561197961875672
76561197961875675
76561197961875676
76561197961875677
76561197961875687
76561197961875688
76561197961875689
76561197961875691
76561197961875692
76561197961875697
76561197961875700
76561197961875701
76561197961875703
76561197961875705
76561197961875707
76561197961875708
76561197961875710
76561197961875711
76561197961875713
76561197961875719
76561197961875723
76561197961875724
76561197961875726
76561197961875728
76561197961875729
76561197961875732
76561197961875737
76561197961875738
76561197961875740
76561197961875741
76561197961875742
76561197961875744
76561197961875748
76561197961875749
76561197961875752
76561197961875753
76561197961875754
76561197961875755
76561197961875756
76561197961875759
76561197961875763
76561197961875764
76561197961875766
76561197961875767
76561197961875771
76561197961875774
76561197961875779
76561197961875780
76561197961875785
76561197961875787
76561197961875790
76561197961875791
76561197961875792
76561197961875793
76561197961875794
76561197961875795
76561197961875796
76561197961875799
76561197961875802
76561197961875805
76561197961875806
76561197961875807
76561197961875810
76561197961875812
76561197961875816
76561197961875817
76561197961875820
76561197961875823
76561197961875824
76561197961875825
76561197961875826
76561197961875827
76561197961875833
76561197961875834
76561197961875835
76561197961875838
76561197961875839
76561197961875840
76561197961875843
76561197961875844
76561197961875846
76561197961875848
76561197961875849
76561197961875851
76561197961875853
76561197961875856
76561197961875857
76561197961875858
76561197961875859
76561197961875861
76561197961875862
76561197961875863
76561197961875864
76561197961875867
76561197961875870
76561197961875872
76561197961875875
