76561197960576122
76561197960576123
76561197960576124
76561197960576126
76561197960576127
76561197960576128
76561197960576129
76561197960576130
76561197960576132
76561197960576133
76561197960576134
76561197960576135
76561197960576136
76561197960576137
76561197960576138
76561197960576139
76561197960576140
76561197960576141
76561197960576142
76561197960576144
76561197960576145
76561197960576146
76561197960576147
76561197960576149
76561197960576151
76561197960576152
76561197960576153
76561197960576155
76561197960576156
76561197960576159
76561197960576160
76561197960576161
76561197960576163
76561197960576164
76561197960576165
76561197960576166
76561197960576168
76561197960576169
76561197960576170
76561197960576171
76561197960576173
76561197960576174
76561197960576175
76561197960576176
76561197960576177
76561197960576178
76561197960576180
76561197960576181
76561197960576183
76561197960576185
76561197960576187
76561197960576192
76561197960576193
76561197960576196
76561197960576197
76561197960576199
76561197960576200
76561197960576202
76561197960576203
76561197960576205
76561197960576206
76561197960576207
76561197960576209
76561197960576210
76561197960576211
76561197960576212
76561197960576215
76561197960576217
76561197960576218
76561197960576219
76561197960576220
76561197960576221
76561197960576222
76561197960576223
76561197960576226
76561197960576228
76561197960576229
76561197960576230
76561197960576232
76561197960576235
76561197960576236
76561197960576238
76561197960576239
76561197960576241
76561197960576242
76561197960576243
76561197960576245
76561197960576247
76561197960576248
76561197960576249
76561197960576250
76561197960576251
76561197960576252
76561197960576253
76561197960576254
76561197960576255
76561197960576257
76561197960576258
76561197960576259
76561197960576260
76561197960576262
76561197960576264
76561197960576265
76561197960576266
76561197960576272
76561197960576273
76561197960576274
76561197960576275
76561197960576276
76561197960576277
76561197960576278
76561197960576279
76561197960576282
76561197960576283
76561197960576285
76561197960576288
76561197960576289
76561197960576290
76561197960576291
76561197960576292
76561197960576296
76561197960576297
76561197960576298
76561197960576300
76561197960576301
76561197960576302
76561197960576303
76561197960576304
76561197960576305
76561197960576306
76561197960576307
76561197960576309
76561197960576310
76561197960576311
76561197960576312
76561197960576314
76561197960576316
76561197960576317
76561197960576321
76561197960576322
76561197960576323
76561197960576324
76561197960576326
76561197960576328
76561197960576330
76561197960576332
76561197960576333
76561197960576334
76561197960576335
76561197960576336
76561197960576337
76561197960576338
76561197960576339
76561197960576340
76561197960576341
76561197960576342
76561197960576344
76561197960576345
76561197960576347
76561197960576348
76561197960576350
76561197960576351
76561197960576352
76561197960576354
76561197960576355
76561197960576357
76561197960576358
76561197960576359
76561197960576360
76561197960576361
76561197960576362
76561197960576363
76561197960576364
76561197960576365
76561197960576366
76561197960576369
76561197960576370
76561197960576371
76561197960576372
76561197960576373
76561197960576374
76561197960576377
76561197960576378
76561197960576380
76561197960576381
76561197960576382
76561197960576383
76561197960576384
76561197960576385
76561197960576387
76561197960576388
76561197960576389
76561197960576390
76561197960576394
76561197960576395
76561197960576399
76561197960576400
76561197960576401
76561197960576404
76561197960576405
76561197960576408
76561197960576409
76561197960576410
76561197960576411
76561197960576413
76561197960576415
76561197960576416
76561197960576419
76561197960576423
76561197960576424
76561197960576425
76561197960576426
76561197960576427
76561197960576428
76561197960576430
76561197960576431
76561197960576432
76561197960576433
76561197960576434
76561197960576436
76561197960576437
76561197960576438
76561197960576439
76561197960576440
76561197960576441
76561197960576444
76561197960576445
76561197960576446
76561197960576447
76561197960576450
76561197960576451
76561197960576455
76561197960576457
76561197960576458
76561197960576459
76561197960576460
76561197960576461
76561197960576462
76561197960576464
76561197960576465
76561197960576466
76561197960576467
76561197960576469
76561197960576470
76561197960576472
76561197960576473
76561197960576474
76561197960576477
76561197960576480
76561197960576481
76561197960576483
76561197960576485
76561197960576488
76561197960576489
76561197960576490
76561197960576491
76561197960576492
76561197960576493
76561197960576495
76561197960576496
76561197960576497
76561197960576498
76561197960576499
76561197960576501
76561197960576502
76561197960576503
76561197960576504
76561197960576505
76561197960576506
76561197960576507
76561197960576508
76561197960576511
76561197960576512
76561197960576513
76561197960576514
76561197960576515
76561197960576518
76561197960576519
76561197960576522
76561197960576524
76561197960576527
76561197960576530
76561197960576532
76561197960576533
76561197960576534
76561197960576535
76561197960576536
76561197960576537
76561197960576538
76561197960576539
76561197960576540
76561197960576541
76561197960576543
76561197960576544
76561197960576545
76561197960576546
76561197960576547
76561197960576550
76561197960576551
76561197960576552
76561197960576553
76561197960576554
76561197960576556
76561197960576558
76561197960576561
76561197960576562
76561197960576563
76561197960576565
76561197960576566
76561197960576569
76561197960576570
76561197960576571
76561197960576575
76561197960576576
76561197960576577
76561197960576579
76561197960576581
76561197960576582
76561197960576583
76561197960576584
76561197960576585
76561197960576586
76561197960576588
76561197960576589
76561197960576591
76561197960576592
76561197960576593
76561197960576594
76561197960576596
76561197960576597
76561197960576598
76561197960576600
76561197960576601
76561197960576602
76561197960576603
76561197960576604
76561197960576605
76561197960576606
76561197960576607
76561197960576608
76561197960576609
76561197960576610
76561197960576611
76561197960576612
76561197960576614
76561197960576616
76561197960576617
76561197960576618
76561197960576619
76561197960576620
76561197960576621
76561197960576622
76561197960576623
76561197960576624
76561197960576625
76561197960576626
76561197960576628
76561197960576629
76561197960576630
76561197960576632
76561197960576633
76561197960576634
76561197960576635
76561197960576636
76561197960576639
76561197960576640
76561197960576641
76561197960576643
76561197960576645
76561197960576646
76561197960576647
76561197960576649
76561197960576650
76561197960576651
76561197960576652
76561197960576653
76561197960576655
76561197960576656
76561197960576657
76561197960576659
76561197960576660
76561197960576661
76561197960576662
76561197960576663
76561197960576664
76561197960576666
76561197960576667
76561197960576669
76561197960576671
76561197960576673
76561197960576674
76561197960576675
76561197960576677
76561197960576678
76561197960576680
76561197960576681
76561197960576683
76561197960576684
76561197960576685
76561197960576686
76561197960576687
76561197960576688
76561197960576689
76561197960576690
76561197960576691
76561197960576692
76561197960576693
76561197960576695
76561197960576696
76561197960576697
76561197960576698
76561197960576699
76561197960576701
76561197960576702
76561197960576704
76561197960576705
76561197960576706
76561197960576707
76561197960576709
76561197960576710
76561197960576713
76561197960576715
76561197960576717
76561197960576718
76561197960576720
76561197960576721
76561197960576725
76561197960576726
76561197960576727
76561197960576728
76561197960576730
76561197960576732
76561197960576733
76561197960576737
76561197960576739
76561197960576740
76561197960576741
76561197960576742
76561197960576744
76561197960576746
76561197960576748
76561197960576749
76561197960576750
76561197960576751
76561197960576753
76561197960576754
76561197960576756
76561197960576760
76561197960576762
76561197960576763
76561197960576764
76561197960576766
76561197960576767
76561197960576769
76561197960576770
76561197960576771
76561197960576772
76561197960576773
76561197960576774
76561197960576775
76561197960576776
76561197960576777
76561197960576779
76561197960576780
76561197960576782
76561197960576783
76561197960576786
76561197960576788
76561197960576790
76561197960576791
76561197960576793
76561197960576795
76561197960576796
76561197960576797
76561197960576798
76561197960576800
76561197960576804
76561197960576806
76561197960576807
76561197960576809
76561197960576810
76561197960576813
76561197960576816
76561197960576818
76561197960576819
76561197960576820
76561197960576821
76561197960576822
76561197960576823
76561197960576824
76561197960576825
76561197960576826
76561197960576828
76561197960576829
76561197960576831
76561197960576832
76561197960576834
76561197960576835
76561197960576836
76561197960576839
76561197960576843
76561197960576844
76561197960576845
76561197960576846
76561197960576847
76561197960576848
76561197960576849
76561197960576850
76561197960576852
76561197960576853
76561197960576855
76561197960576856
76561197960576857
76561197960576860
76561197960576861
76561197960576862
76561197960576863
76561197960576864
76561197960576865
76561197960576866
76561197960576870
76561197960576871
76561197960576872
76561197960576874
76561197960576875
76561197960576876
76561197960576880
76561197960576881
76561197960576882
76561197960576883
76561197960576884
76561197960576885
76561197960576886
76561197960576887
76561197960576888
76561197960576890
76561197960576891
76561197960576892
76561197960576893
76561197960576894
76561197960576895
76561197960576896
76561197960576898
76561197960576899
76561197960576901
76561197960576902
76561197960576903
76561197960576904
76561197960576905
76561197960576906
76561197960576907
76561197960576908
76561197960576909
76561197960576910
76561197960576912
76561197960576913
76561197960576914
76561197960576917
76561197960576918
76561197960576919
76561197960576920
76561197960576922
76561197960576923
76561197960576924
76561197960576926
76561197960576927
76561197960576932
76561197960576933
76561197960576935
76561197960576936
76561197960576937
76561197960576940
76561197960576941
76561197960576942
76561197960576943
76561197960576944
76561197960576946
76561197960576947
76561197960576948
76561197960576950
76561197960576953
76561197960576957
76561197960576958
76561197960576959
76561197960576960
76561197960576961
76561197960576962
76561197960576963
76561197960576964
76561197960576965
76561197960576966
76561197960576969
76561197960576970
76561197960576973
76561197960576974
76561197960576976
76561197960576977
76561197960576978
76561197960576979
76561197960576980
76561197960576982
76561197960576984
76561197960576985
76561197960576986
76561197960576987
76561197960576988
76561197960576989
76561197960576990
76561197960576991
76561197960576992
76561197960576996
76561197960576997
76561197960576998
76561197960576999
76561197960577000
76561197960577002
76561197960577003
76561197960577004
76561197960577006
76561197960577007
76561197960577009
76561197960577010
76561197960577011
76561197960577012
76561197960577016
76561197960577017
76561197960577019
76561197960577020
76561197960577022
76561197960577023
76561197960577024
76561197960577025
76561197960577027
76561197960577028
76561197960577029
76561197960577030
76561197960577032
76561197960577033
76561197960577034
76561197960577035
76561197960577036
76561197960577037
76561197960577038
76561197960577039
76561197960577041
76561197960577043
76561197960577045
76561197960577046
76561197960577047
76561197960577048
76561197960577049
76561197960577050
76561197960577052
76561197960577053
76561197960577054
76561197960577055
76561197960577056
76561197960577057
76561197960577058
76561197960577059
76561197960577060
76561197960577061
76561197960577063
76561197960577064
76561197960577067
76561197960577068
76561197960577069
76561197960577070
76561197960577071
76561197960577072
76561197960577074
76561197960577075
76561197960577076
76561197960577077
76561197960577079
76561197960577081
76561197960577083
76561197960577084
76561197960577085
76561197960577087
76561197960577089
76561197960577090
76561197960577091
76561197960577092
76561197960577093
76561197960577094
76561197960577095
76561197960577096
76561197960577098
76561197960577099
76561197960577100
76561197960577101
76561197960577102
76561197960577104
76561197960577106
76561197960577107
76561197960577108
76561197960577109
76561197960577113
76561197960577115
76561197960577116
76561197960577117
76561197960577119
76561197960577120
76561197960577121
76561197960577126
76561197960577127
76561197960577128
76561197960577129
76561197960577131
76561197960577132
76561197960577133
76561197960577135
76561197960577136
76561197960577137
76561197960577138
76561197960577140
76561197960577142
76561197960577143
76561197960577144
76561197960577145
76561197960577146
76561197960577148
76561197960577149
76561197960577150
76561197960577151
76561197960577152
76561197960577153
76561197960577154
76561197960577157
76561197960577158
76561197960577159
76561197960577161
76561197960577162
76561197960577163
76561197960577165
76561197960577169
76561197960577171
76561197960577172
76561197960577175
76561197960577178
76561197960577179
76561197960577180
76561197960577181
76561197960577182
76561197960577183
76561197960577185
76561197960577186
76561197960577190
76561197960577191
76561197960577192
76561197960577193
76561197960577194
76561197960577196
76561197960577197
76561197960577198
76561197960577199
76561197960577201
76561197960577203
76561197960577204
76561197960577207
76561197960577208
76561197960577209
76561197960577210
76561197960577211
76561197960577212
76561197960577214
76561197960577215
76561197960577216
76561197960577217
76561197960577218
76561197960577219
76561197960577221
76561197960577222
76561197960577224
76561197960577225
76561197960577226
76561197960265744
76561197960665728
76561197960665729
76561197960665734
76561197960665735
76561197960665736
76561197960665740
76561197960665742
76561197960665743
76561197960665744
76561197960665745
76561197960665746
76561197960665750
76561197960665752
76561197960665755
76561197960665761
76561197960665762
76561197960665765
76561197960665766
76561197960665768
76561197960665769
76561197960665772
76561197960665775
76561197960665776
76561197960665778
76561197960665780
76561197960665781
76561197960665788
76561197960665791
76561197960665798
76561197960665803
76561197960665804
76561197960665806
76561197960665808
76561197960665809
76561197960665810
76561197960665812
76561197960665813
76561197960665814
76561197960665815
76561197960665821
76561197960665823
76561197960665826
76561197960665827
76561197960665828
76561197960665830
76561197960665831
76561197960665833
76561197960665836
76561197960665837
76561197960665840
76561197960665842
76561197960665843
76561197960665844
76561197960665845
76561197960665847
76561197960665848
76561197960665850
76561197960665851
76561197960665852
76561197960665858
76561197960665859
76561197960665860
76561197960665861
76561197960665864
76561197960665865
76561197960665866
76561197960665867
76561197960665868
76561197960665872
76561197960665873
76561197960665874
76561197960665875
76561197960665877
76561197960665880
76561197960665886
76561197960665888
76561197960665890
76561197960665892
76561197960665898
76561197960665900
76561197960665901
76561197960665902
76561197960665903
76561197960665904
76561197960665905
76561197960665906
76561197960665908
76561197960665909
76561197960665911
76561197960665912
76561197960665914
76561197960665918
76561197960665919
76561197960665920
76561197960665921
76561197960665924
76561197960665925
76561197960665929
76561197960665932
76561197960665935
76561197960665936
76561197960665938
76561197960665945
76561197960665949
76561197960665950
76561197960665952
76561197960665954
76561197960665956
76561197960665959
76561197960665960
76561197960665962
76561197960665964
76561197960665966
76561197960665968
76561197960665970
76561197960665971
76561197960665973
76561197960665975
76561197960665976
76561197960665977
76561197960665979
76561197960665983
76561197960665984
76561197960665985
76561197960665986
76561197960665988
76561197960665989
76561197960665991
76561197960665992
76561197960665995
76561197960665997
76561197960666000
76561197960666001
76561197960666004
76561197960666005
76561197960666006
76561197960666008
76561197960666010
76561197960666012
76561197960666014
76561197960666017
76561197960666018
76561197960666020
76561197960666022
76561197960666024
76561197960666027
76561197960666028
76561197960666032
76561197960666035
76561197960666039
76561197960666041
76561197960666042
76561197960666044
76561197960666045
76561197960666047
76561197960666048
76561197960666051
76561197960666052
76561197960666055
76561197960666059
76561197960666060
76561197960666063
76561197960666064
76561197960666066
76561197960666067
76561197960666070
76561197960666073
76561197960666074
76561197960666075
76561197960666077
76561197960666079
76561197960666081
76561197960666082
76561197960666084
76561197960666088
76561197960666089
76561197960666092
76561197960666093
76561197960666095
76561197960666098
76561197960666099
76561197960666100
76561197960666102
76561197960666103
76561197960666104
76561197960666105
76561197960666106
76561197960666107
76561197960666110
76561197960666111
76561197960666112
76561197960666114
76561197960666116
76561197960666117
76561197960666118
76561197960666120
76561197960666122
76561197960666126
76561197960666127
76561197960666129
76561197960666135
76561197960666137
76561197960666138
76561197960666139
76561197960666148
76561197960666149
76561197960666150
76561197960666151
76561197960666152
76561197960666156
76561197960666158
76561197960666159
76561197960666160
76561197960666161
76561197960666162
76561197960666163
76561197960666164
76561197960666165
76561197960666172
76561197960666173
76561197960666174
76561197960666178
