76561197961746832
76561197961746835
76561197961746836
76561197961746837
76561197961746838
76561197961746840
76561197961746842
76561197961746843
76561197961746849
76561197961746851
76561197961746852
76561197961746854
76561197961746856
76561197961746858
76561197961746861
76561197961746863
76561197961746866
76561197961746868
76561197961746869
76561197961746870
76561197961746873
76561197961746874
76561197961746877
76561197961746881
76561197961746882
76561197961746884
76561197961746885
76561197961746886
76561197961746888
76561197961746890
76561197961746893
76561197961746895
76561197961746898
76561197961746900
76561197961746901
76561197961746902
76561197961746903
76561197961746905
76561197961746906
76561197961746911
76561197961746912
76561197961746915
76561197961746918
76561197961746919
76561197961746921
76561197961746922
76561197961746924
76561197961746926
76561197961746927
76561197961746929
76561197961746935
76561197961746938
76561197961746940
76561197961746941
76561197961746942
76561197961746944
76561197961746947
76561197961746948
76561197961746950
76561197961746951
76561197961746953
76561197961746954
76561197961746955
76561197961746958
76561197961746961
76561197961746963
76561197961746964
76561197961746965
76561197961746970
76561197961746971
76561197961746973
76561197961746977
76561197961746979
76561197961746980
76561197961746981
76561197961746982
76561197961746984
76561197961746985
76561197961746987
76561197961746989
76561197961746990
76561197961746991
76561197961746993
76561197961746995
76561197961746997
76561197961746998
76561197961747001
76561197961747002
76561197961747004
76561197961747005
76561197961747006
76561197961747008
76561197961747010
76561197961747013
76561197961747014
76561197961747016
76561197961747018
76561197961747020
76561197961747021
76561197961747023
76561197961747025
76561197961747026
76561197961747027
76561197961747028
76561197961747030
76561197961747032
76561197961747033
76561197961747037
76561197961747040
76561197961747042
76561197961747044
76561197961747048
76561197961747052
76561197961747053
76561197961747054
76561197961747055
76561197961747056
76561197961747057
76561197961747058
76561197961747061
76561197961747063
76561197961747067
76561197961747069
76561197961747070
76561197961747072
76561197961747075
76561197961747078
76561197961747080
76561197961747081
76561197961747082
76561197961747087
76561197961747089
76561197961747090
76561197961747092
76561197961747096
76561197961747101
76561197961747104
76561197961747105
76561197961747108
76561197961747111
76561197961747112
76561197961747113
76561197961747114
76561197961747121
76561197961747122
76561197961747127
76561197961747128
76561197961747135
76561197961747139
76561197961747141
76561197961747144
76561197961747145
76561197961747153
76561197961747154
76561197961747155
76561197961747158
76561197961747159
76561197961747160
76561197961747165
76561197961747166
76561197961747171
76561197961747173
76561197961747176
76561197961747179
76561197961747184
76561197961747186
76561197961747187
76561197961747188
76561197961747194
76561197961747195
76561197961747197
76561197961747199
76561197961747200
76561197961747202
76561197961747204
76561197961747207
76561197961747208
76561197961747209
76561197961747214
76561197961747216
76561197961747217
76561197961747222
76561197961747226
76561197961747230
76561197961747231
76561197961747232
76561197961747241
76561197961747243
76561197961747247
76561197961747259
76561197961747260
76561197961747261
76561197961747262
76561197961747263
76561197961747264
76561197961747269
76561197961747272
76561197961747275
76561197961747279
76561197961747285
76561197961747286
76561197961747287
76561197961747289
76561197961747290
76561197961747291
76561197961747292
76561197961747293
76561197961747295
76561197961747298
76561197961747300
76561197961747303
76561197961747307
76561197961747308
76561197961747315
76561197961747319
76561197961747322
76561197961747323
76561197961747324
76561197961747325
76561197961747327
76561197961747329
76561197961747332
76561197961747334
76561197961747335
76561197961747338
76561197961747344
76561197961747345
76561197961747347
76561197961747349
76561197961747350
76561197961747354
76561197961747355
76561197961747356
76561197961747369
76561197961747371
76561197961747374
76561197961747375
76561197961747379
76561197961747381
76561197961747382
76561197961747383
76561197961747384
76561197961747385
76561197961747387
76561197961747393
76561197961747394
76561197961747396
76561197961747397
76561197961747401
76561197961747404
76561197961747405
76561197961747406
76561197961747410
76561197961747411
76561197961747412
76561197961747415
76561197961747417
76561197961747418
76561197961747421
76561197961747423
76561197961747429
76561197961747431
76561197961747432
76561197961747435
76561197961747439
76561197961747442
76561197961747443
76561197961747444
76561197961747446
76561197961747447
76561197961747448
76561197961747450
76561197961747451
76561197961747454
76561197961747458
76561197961747465
76561197961747470
76561197961747471
76561197961747476
76561197961747477
76561197961747484
76561197961747485
76561197961747486
76561197961747487
76561197961747489
76561197961747490
76561197961747493
76561197961747496
76561197961747498
76561197961747499
76561197961747501
76561197961747503
76561197961747504
76561197961747507
76561197961747508
76561197961747510
76561197961747512
76561197961747513
76561197961747524
76561197961747526
76561197961747529
76561197961747530
76561197961747531
76561197961747532
76561197961747533
76561197961747537
76561197961747538
76561197961747540
76561197961747542
76561197961747543
76561197961747544
76561197961747546
76561197961747548
76561197961747549
76561197961747550
76561197961747554
76561197961747557
76561197961747559
76561197961747562
76561197961747567
76561197961747568
76561197961747571
76561197961747575
76561197961747580
76561197961747582
76561197961747585
76561197961747591
76561197961747594
76561197961747598
76561197961747602
76561197961747604
76561197961747606
76561197961747607
76561197961747616
76561197961747620
76561197961747621
76561197961747623
76561197961747626
76561197961747627
76561197961747629
76561197961747636
76561197961747637
76561197961747640
76561197961747642
76561197961747643
76561197961747645
76561197961747646
76561197961747648
76561197961747649
76561197961747650
76561197961747652
76561197961747658
76561197961747659
76561197961747660
76561197961747661
76561197961747664
76561197961747666
76561197961747668
76561197961747669
76561197961747675
76561197961747676
76561197961747681
76561197961747685
76561197961747688
76561197961747690
76561197961747691
76561197961747692
76561197961747693
76561197961747696
76561197961747698
76561197961747701
76561197961747705
76561197961747706
76561197961747710
76561197961747711
76561197961747712
76561197961747716
76561197961747717
76561197961747719
76561197961747720
76561197961747721
76561197961747722
76561197961747725
76561197961747727
76561197961747730
76561197961747735
76561197961747744
76561197961747746
76561197961747748
76561197961747750
76561197961747753
76561197961747755
76561197961747760
76561197961747761
76561197961747762
76561197961747765
76561197961747770
76561197961747772
76561197961747776
76561197961747779
76561197961747782
76561197961747784
76561197961747785
76561197961747787
76561197961747792
76561197961747793
76561197961747797
76561197961747798
76561197961747799
76561197961747803
76561197961747804
76561197961747805
76561197961747809
76561197961747810
76561197961747811
76561197961747812
76561197961747814
76561197961747815
76561197961747818
76561197961747820
76561197961747822
76561197961747825
76561197961747829
76561197961747835
76561197961747836
76561197961747839
76561197961747840
76561197961747842
76561197961747846
76561197961747848
76561197961747849
76561197961747850
76561197961747852
76561197961747853
76561197961747856
76561197961747858
76561197961747859
76561197961747860
76561197961747862
76561197961747863
76561197961747865
76561197961747867
76561197961747870
76561197961747872
76561197961747874
76561197961747876
76561197961747877
76561197961747879
76561197961747880
76561197961747881
76561197961747882
76561197961747883
76561197961747887
76561197961747894
76561197961747895
76561197961747896
76561197961747897
76561197961747899
76561197961747900
76561197961747902
76561197961747904
76561197961747907
76561197961747908
76561197961747910
76561197961747915
76561197961747916
76561197961747917
76561197961747919
76561197961747921
76561197961747922
76561197961747924
76561197961747927
76561197961747928
76561197961747929
76561197961747931
76561197961747933
76561197961747937
76561197961747938
76561197961747940
76561197961747941
76561197961747942
76561197961747948
76561197961747950
76561197961747951
76561197961747953
76561197961747958
76561197961747961
76561197961747962
76561197961747963
76561197961747966
76561197961747967
76561197961747973
76561197961747976
76561197961747977
76561197961747979
76561197961747980
76561197961747981
76561197961747982
76561197961747986
76561197961747988
76561197961747995
76561197961747997
76561197961747999
76561197961748001
76561197961748002
76561197961748003
76561197961748004
76561197961748005
76561197961748012
76561197961748013
76561197961748015
76561197961748016
76561197961748019
76561197961748020
76561197961748023
76561197961748024
76561197961748025
76561197961748026
76561197961748028
76561197961748030
76561197961748032
76561197961748033
76561197961748035
76561197961748036
76561197961748043
76561197961748044
76561197961748045
76561197961748047
76561197961748048
76561197961748050
76561197961748051
76561197961748052
76561197961748053
76561197961748055
76561197961748056
76561197961748057
76561197961748058
76561197961748059
76561197961748060
76561197961748065
76561197961748066
76561197961748070
76561197961748071
76561197961748073
76561197961748076
76561197961748078
76561197961748079
76561197961748082
76561197961748085
76561197961748086
76561197961748089
76561197961748091
76561197961748092
76561197961748094
76561197961748095
76561197961748096
76561197961748101
76561197961748103
76561197961748106
76561197961748107
76561197961748108
76561197961748109
76561197961748112
76561197961748113
76561197961748116
76561197961748117
76561197961748119
76561197961748120
76561197961748123
76561197961748125
76561197961748126
76561197961748132
76561197961748133
76561197961748137
76561197961748139
76561197961748140
76561197961748141
76561197961748142
76561197961748143
76561197961748145
76561197961748147
76561197961748150
76561197961748156
76561197961748157
76561197961748160
76561197961748161
76561197961748162
76561197961748164
76561197961748165
76561197961748167
76561197961748170
76561197961748177
76561197961748178
76561197961748180
76561197961748185
76561197961748188
76561197961748190
76561197961748192
76561197961748193
76561197961748194
76561197961748197
76561197961748199
76561197961748200
76561197961748201
76561197961748204
76561197961748206
76561197961748207
76561197961748208
76561197961748211
76561197961748213
76561197961748214
76561197961748219
76561197961748223
76561197961748224
76561197961748225
76561197961748226
76561197961748228
76561197961748229
76561197961748230
76561197961748234
76561197961748235
76561197961748237
76561197961748239
76561197961748242
76561197961748244
76561197961748248
76561197961748250
76561197961748253
76561197961748255
76561197961748256
76561197961748258
76561197961748260
76561197961748262
76561197961748263
76561197961748266
76561197961748270
76561197961748273
76561197961748275
76561197961748277
76561197961748278
76561197961748286
76561197961748299
76561197961748300
76561197961748302
76561197961748303
76561197961748308
76561197961748310
76561197961748312
76561197961748314
76561197961748315
76561197961748317
76561197961748318
76561197961748320
76561197961748325
76561197961748328
76561197961748330
76561197961748332
76561197961748333
76561197961748334
76561197961748335
76561197961748337
76561197961748338
76561197961748339
76561197961748344
76561197961748345
76561197961748346
76561197961748348
76561197961748349
76561197961748351
76561197961748361
76561197961748362
76561197961748363
76561197961748364
76561197961748370
76561197961748371
76561197961748374
76561197961748376
76561197961748378
76561197961748380
76561197961748387
76561197961748389
76561197961748390
76561197961748395
76561197961748397
76561197961748398
76561197961748402
76561197961748403
76561197961748406
76561197961748409
76561197961748411
76561197961748413
76561197961748415
76561197961748416
76561197961748419
76561197961748421
76561197961748424
76561197961748425
76561197961748427
76561197961748429
76561197961748434
76561197961748439
76561197961748445
76561197961748446
76561197961748451
76561197961748456
76561197961748457
76561197961748458
76561197961748461
76561197961748467
76561197961748469
76561197961748470
76561197961748478
76561197961748480
76561197961748481
76561197961748482
76561197961748484
76561197961748485
76561197961748489
76561197961748491
76561197961748492
76561197961748494
76561197961748495
76561197961748498
76561197961748499
76561197961748500
76561197961748501
76561197961748504
76561197961748505
76561197961748506
76561197961748508
76561197961748512
76561197961748514
76561197961748515
76561197961748517
76561197961748518
76561197961748519
76561197961748521
76561197961748524
76561197961748528
76561197961748530
76561197961748531
76561197961748534
76561197961748537
76561197961748540
76561197961748542
76561197961748543
76561197961748544
76561197961748545
76561197961748546
76561197961748547
76561197961748548
76561197961748549
76561197961748552
76561197961748554
76561197961748555
76561197961748560
76561197961748561
76561197961748564
76561197961748565
76561197961748566
76561197961748569
76561197961748570
76561197961748571
76561197961748573
76561197961748574
76561197961748576
76561197961748577
76561197961748583
76561197961748585
76561197961748587
76561197961748588
76561197961748590
76561197961748591
76561197961748594
76561197961748600
76561197961748604
76561197961748605
76561197961748606
76561197961748610
76561197961748611
76561197961748613
76561197961748617
76561197961748619
76561197961748621
76561197961748624
76561197961748625
76561197961748632
76561197961748636
76561197961748638
76561197961748641
76561197961748645
76561197961748647
76561197961748648
76561197961748652
76561197961748654
76561197961748656
76561197961748658
76561197961748659
76561197961748663
76561197961748665
76561197961748667
76561197961748680
76561197961748682
76561197961748683
76561197961748687
76561197961748688
76561197961748689
76561197961748690
76561197961748699
76561197961748703
76561197961748704
76561197961748707
76561197961748708
76561197961748709
76561197961748711
76561197961748712
76561197961748713
76561197961748716
76561197961748720
76561197961748721
76561197961748723
76561197961748724
76561197961748725
76561197961748726
76561197961748727
76561197961748728
76561197961748729
76561197961748731
76561197961748732
76561197961748734
76561197961748737
76561197961748738
76561197961748740
76561197961748742
76561197961748743
76561197961748745
76561197961748746
76561197961748747
76561197961748749
76561197961748750
76561197961748752
76561197961748755
76561197961748759
76561197961748760
76561197961748761
76561197961748762
76561197961748765
76561197961748767
76561197961748768
76561197961748769
76561197961748771
76561197961748774
76561197961748775
76561197961748781
76561197961748784
76561197961748786
76561197961748791
76561197961748792
76561197961748793
76561197961748794
76561197961748804
76561197961748810
76561197961748811
76561197961748814
76561197961748815
76561197961748816
76561197961748819
76561197961748822
76561197961748825
76561197961748828
76561197961748833
76561197961748834
76561197961748836
76561197961748837
76561197961748839
76561197961748840
76561197961748842
76561197961748843
76561197961748845
76561197961748848
76561197961748853
76561197961748856
76561197961748857
76561197961748858
76561197961748859
76561197961748860
76561197961748861
76561197961748863
76561197961748866
76561197961748867
76561197961748868
76561197961748873
76561197961748874
76561197961748875
76561197961748876
76561197961748877
76561197961748878
76561197961748879
76561197961748882
76561197961748883
76561197961748884
76561197961748886
76561197961748888
76561197961748889
76561197961748890
76561197961748893
76561197961748894
76561197961748895
76561197961748896
76561197961748898
76561197961748899
76561197961748901
76561197961748902
76561197961748903
76561197961748904
76561197961748905
76561197961748906
76561197961748913
76561197961748915
76561197961748917
76561197961748921
76561197961748922
76561197961748925
76561197961748927
76561197961748937
76561197961748939
76561197961748941
76561197961748943
76561197961748944
76561197961748945
76561197961748948
76561197961748949
76561197961748952
76561197961748954
76561197961748956
76561197961748957
76561197961748960
76561197961748961
76561197961748962
76561197961748963
76561197961748965
76561197961748966
76561197961748968
76561197961748970
76561197961748972
76561197961748974
76561197961748978
76561197961748979
76561197961748980
76561197961748982
76561197961748986
76561197961748988
76561197961748989
76561197961748990
76561197961748994
76561197961748997
76561197961748998
76561197961749003
76561197961749007
76561197961749011
76561197961749012
76561197961749013
76561197961749014
76561197961749016
76561197961749020
76561197961749021
76561197961749029
76561197961749033
76561197961749034
76561197961749036
76561197961749037
76561197961749038
76561197961749039
76561197961749040
76561197961749044
76561197961749046
76561197961749048
76561197961749050
76561197961749051
76561197961749053
76561197961749056
76561197961749062
76561197961749065
76561197961749066
76561197961749068
76561197961749071
76561197961749076
76561197961749079
76561197961749080
76561197961749084
76561197961749090
76561197961749093
76561197961749096
76561197961749098
76561197961749102
76561197961749103
76561197961749104
76561197961749106
76561197961749108
76561197961749109
