76561197960545838
76561197960545839
76561197960545840
76561197960545843
76561197960545844
76561197960545845
76561197960545846
76561197960545847
76561197960545848
76561197960545849
76561197960545850
76561197960545852
76561197960545853
76561197960545854
76561197960545855
76561197960545856
76561197960545857
76561197960545858
76561197960545859
76561197960545860
76561197960545861
76561197960545862
76561197960545863
76561197960545864
76561197960545865
76561197960545866
76561197960545867
76561197960545869
76561197960545871
76561197960545872
76561197960545873
76561197960545874
76561197960545875
76561197960545876
76561197960545877
76561197960545878
76561197960545879
76561197960545880
76561197960545881
76561197960545882
76561197960545883
76561197960545884
76561197960545885
76561197960545886
76561197960545887
76561197960545888
76561197960545889
76561197960545890
76561197960545891
76561197960545892
76561197960545893
76561197960545894
76561197960545895
76561197960545896
76561197960545897
76561197960545898
76561197960545899
76561197960545900
76561197960545902
76561197960545903
76561197960545904
76561197960545906
76561197960545907
76561197960545908
76561197960545909
76561197960545910
76561197960545912
76561197960545913
76561197960545914
76561197960545915
76561197960545916
76561197960545917
76561197960545919
76561197960545920
76561197960545923
76561197960545924
76561197960545927
76561197960545928
76561197960545929
76561197960545930
76561197960545932
76561197960545933
76561197960545934
76561197960545935
76561197960545936
76561197960545937
76561197960545938
76561197960545940
76561197960545941
76561197960545942
76561197960545943
76561197960545944
76561197960545945
76561197960545946
76561197960545947
76561197960545948
76561197960545949
76561197960545950
76561197960545952
76561197960545953
76561197960545959
76561197960545960
76561197960545961
76561197960545962
76561197960545965
76561197960545967
76561197960545968
76561197960545969
76561197960545971
76561197960545974
76561197960545977
76561197960545980
76561197960545981
76561197960545982
76561197960545983
76561197960545984
76561197960545985
76561197960545986
76561197960545987
76561197960545988
76561197960545989
76561197960545990
76561197960545991
76561197960545992
76561197960545993
76561197960545994
76561197960545997
76561197960545999
76561197960546000
76561197960546002
76561197960546003
76561197960546004
76561197960546005
76561197960546006
76561197960546008
76561197960546009
76561197960546010
76561197960546012
76561197960546013
76561197960546014
76561197960546016
76561197960546018
76561197960546019
76561197960546021
76561197960546022
76561197960546024
76561197960546026
76561197960546027
76561197960546028
76561197960546029
76561197960546030
76561197960546031
76561197960546032
76561197960546033
76561197960546034
76561197960546037
76561197960546038
76561197960546039
76561197960546040
76561197960546041
76561197960546044
76561197960546045
76561197960546047
76561197960546048
76561197960546049
76561197960546050
76561197960546053
76561197960546054
76561197960546056
76561197960546058
76561197960546059
76561197960546060
76561197960546061
76561197960546062
76561197960546064
76561197960546066
76561197960546067
76561197960546068
76561197960546069
76561197960546070
76561197960546072
76561197960546073
76561197960546076
76561197960546077
76561197960546078
76561197960546079
76561197960546080
76561197960546082
76561197960546083
76561197960546084
76561197960546085
76561197960546087
76561197960546089
76561197960546090
76561197960546092
76561197960546094
76561197960546096
76561197960546098
76561197960546099
76561197960546100
76561197960546103
76561197960546104
76561197960546105
76561197960546107
76561197960546108
76561197960546109
76561197960546110
76561197960546111
76561197960546115
76561197960546116
76561197960546118
76561197960546119
76561197960546120
76561197960546121
76561197960546122
76561197960546123
76561197960546125
76561197960546126
76561197960546127
76561197960546130
76561197960546131
76561197960546132
76561197960546133
76561197960546134
76561197960546135
76561197960546136
76561197960546137
76561197960546138
76561197960546141
76561197960546142
76561197960546143
76561197960546144
76561197960546145
76561197960546148
76561197960546149
76561197960546150
76561197960546151
76561197960546152
76561197960546155
76561197960546157
76561197960546159
76561197960546160
76561197960546161
76561197960546162
76561197960546163
76561197960546164
76561197960546165
76561197960546167
76561197960546169
76561197960546170
76561197960546171
76561197960546172
76561197960546173
76561197960546174
76561197960546175
76561197960546176
76561197960546177
76561197960546179
76561197960546180
76561197960546181
76561197960546182
76561197960546183
76561197960546184
76561197960546185
76561197960546187
76561197960546188
76561197960546189
76561197960546190
76561197960546192
76561197960546193
76561197960546194
76561197960546195
76561197960546196
76561197960546197
76561197960546199
76561197960546200
76561197960546202
76561197960546203
76561197960546204
76561197960546205
76561197960546206
76561197960546207
76561197960546208
76561197960546209
76561197960546212
76561197960546213
76561197960546214
76561197960546215
76561197960546216
76561197960546217
76561197960546218
76561197960546219
76561197960546220
76561197960546222
76561197960546223
76561197960546224
76561197960546225
76561197960546226
76561197960546227
76561197960546228
76561197960546229
76561197960546231
76561197960546232
76561197960546233
76561197960546234
76561197960546235
76561197960546236
76561197960546237
76561197960546238
76561197960546239
76561197960546241
76561197960546242
76561197960546243
76561197960546244
76561197960546245
76561197960546246
76561197960546247
76561197960546249
76561197960546250
76561197960546251
76561197960546252
76561197960546255
76561197960546256
76561197960546257
76561197960546259
76561197960546260
76561197960546261
76561197960546262
76561197960546264
76561197960546265
76561197960546266
76561197960546267
76561197960546268
76561197960546269
76561197960546270
76561197960546271
76561197960546272
76561197960546274
76561197960546275
76561197960546277
76561197960546279
76561197960546280
76561197960546281
76561197960546282
76561197960546284
76561197960546285
76561197960546286
76561197960546287
76561197960546288
76561197960546291
76561197960546292
76561197960546293
76561197960546294
76561197960546295
76561197960546296
76561197960546297
76561197960546298
76561197960546299
76561197960546300
76561197960546301
76561197960546302
76561197960546303
76561197960546304
76561197960546305
76561197960546306
76561197960546307
76561197960546308
76561197960546309
76561197960546310
76561197960546312
76561197960546313
76561197960546314
76561197960546315
76561197960546316
76561197960546317
76561197960546318
76561197960546319
76561197960546320
76561197960546321
76561197960546324
76561197960546326
76561197960546327
76561197960546328
76561197960546330
76561197960546331
76561197960546332
76561197960546334
76561197960546335
76561197960546336
76561197960546338
76561197960546339
76561197960546340
76561197960546341
76561197960546342
76561197960546343
76561197960546344
76561197960546345
76561197960546346
76561197960546347
76561197960546349
76561197960546350
76561197960546351
76561197960546352
76561197960546354
76561197960546355
76561197960546356
76561197960546357
76561197960546358
76561197960546359
76561197960546361
76561197960546362
76561197960546363
76561197960546365
76561197960546366
76561197960546367
76561197960546368
76561197960546370
76561197960546371
76561197960546372
76561197960546373
76561197960546374
76561197960546375
76561197960546376
76561197960546377
76561197960546378
76561197960546379
76561197960546380
76561197960546381
76561197960546382
76561197960546383
76561197960546384
76561197960546385
76561197960546386
76561197960546387
76561197960546389
76561197960546390
76561197960546391
76561197960546392
76561197960546393
76561197960546394
76561197960546395
76561197960546396
76561197960546397
76561197960546399
76561197960546400
76561197960546401
76561197960546402
76561197960546403
76561197960546404
76561197960546406
76561197960546407
76561197960546408
76561197960546409
76561197960546410
76561197960546411
76561197960546413
76561197960546414
76561197960546415
76561197960546416
76561197960546418
76561197960546419
76561197960546420
76561197960546422
76561197960546423
76561197960546424
76561197960546425
76561197960546426
76561197960546427
76561197960546428
76561197960546429
76561197960546430
76561197960546431
76561197960546432
76561197960546433
76561197960546434
76561197960546436
76561197960546437
76561197960546438
76561197960546439
76561197960546440
76561197960546441
76561197960546442
76561197960546443
76561197960546444
76561197960546445
76561197960546446
76561197960546447
76561197960546449
76561197960546450
76561197960546451
76561197960546453
76561197960546454
76561197960546455
76561197960546457
76561197960546459
76561197960546461
76561197960546462
76561197960546463
76561197960546464
76561197960546465
76561197960546466
76561197960546467
76561197960546468
76561197960546469
76561197960546470
76561197960546471
76561197960546472
76561197960546473
76561197960546474
76561197960546475
76561197960546476
76561197960546477
76561197960546478
76561197960546479
76561197960546480
76561197960546482
76561197960546483
76561197960546484
76561197960546486
76561197960546487
76561197960546488
76561197960546489
76561197960546491
76561197960546492
76561197960546493
76561197960546494
76561197960546498
76561197960546499
76561197960546500
76561197960546501
76561197960546502
76561197960546503
76561197960546505
76561197960546506
76561197960546507
76561197960546508
76561197960546511
76561197960546512
76561197960546514
76561197960546515
76561197960546516
76561197960546517
76561197960546518
76561197960546519
76561197960546521
76561197960546522
76561197960546524
76561197960546525
76561197960546526
76561197960546528
76561197960546529
76561197960546534
76561197960546535
76561197960546536
76561197960546537
76561197960546538
76561197960546539
76561197960546540
76561197960546543
76561197960546544
76561197960546546
76561197960546547
76561197960546549
76561197960546550
76561197960546551
76561197960546553
76561197960546554
76561197960546556
76561197960546557
76561197960546558
76561197960546559
76561197960546560
76561197960546561
76561197960546563
76561197960546564
76561197960546565
76561197960546566
76561197960546568
76561197960546571
76561197960546572
76561197960546574
76561197960546576
76561197960546580
76561197960546581
76561197960546583
76561197960546585
76561197960546587
76561197960546588
76561197960546589
76561197960546590
76561197960546591
76561197960546592
76561197960546593
76561197960546594
76561197960546595
76561197960546596
76561197960546597
76561197960546598
76561197960546599
76561197960546600
76561197960546601
76561197960546602
76561197960546603
76561197960546604
76561197960546605
76561197960546606
76561197960546607
76561197960546608
76561197960546611
76561197960546612
76561197960546613
76561197960546614
76561197960546616
76561197960546618
76561197960546620
76561197960546621
76561197960546623
76561197960546624
76561197960546626
76561197960546627
76561197960546629
76561197960546630
76561197960546631
76561197960546632
76561197960546633
76561197960546634
76561197960546635
76561197960546637
76561197960546638
76561197960546640
76561197960546641
76561197960546642
76561197960546644
76561197960546645
76561197960546646
76561197960546647
76561197960546648
76561197960546649
76561197960546652
76561197960546653
76561197960546654
76561197960546655
76561197960546656
76561197960546657
76561197960546658
76561197960546659
76561197960546660
76561197960546662
76561197960546663
76561197960546664
76561197960546665
76561197960546667
76561197960546668
76561197960546670
76561197960546671
76561197960546672
76561197960546673
76561197960546675
76561197960546677
76561197960546678
76561197960546679
76561197960546680
76561197960546681
76561197960546685
76561197960546686
76561197960546687
76561197960546688
76561197960546689
76561197960546690
76561197960546691
76561197960546692
76561197960546693
76561197960546694
76561197960546695
76561197960546697
76561197960546698
76561197960546700
76561197960546701
76561197960546703
76561197960546704
76561197960546705
76561197960546707
76561197960546708
76561197960546709
76561197960546710
76561197960546712
76561197960546715
76561197960546716
76561197960546717
76561197960546718
76561197960546719
76561197960546720
76561197960546723
76561197960546724
76561197960546727
76561197960546728
76561197960546732
76561197960546733
76561197960546734
76561197960546735
76561197960546736
76561197960546737
76561197960546738
76561197960546739
76561197960546740
76561197960546741
76561197960546743
76561197960546744
76561197960546746
76561197960546747
76561197960546749
76561197960546750
76561197960546751
76561197960546752
76561197960546753
76561197960546754
76561197960546755
76561197960546757
76561197960546758
76561197960546759
76561197960546760
76561197960546761
76561197960546762
76561197960546764
76561197960546765
76561197960546766
76561197960546767
76561197960546768
76561197960546770
76561197960546772
76561197960546773
76561197960546774
76561197960546775
76561197960546776
76561197960546777
76561197960546778
76561197960546779
76561197960546780
76561197960546781
76561197960546782
76561197960546783
76561197960546784
76561197960546785
76561197960546787
76561197960546788
76561197960546791
76561197960546792
76561197960546793
76561197960546794
76561197960546795
76561197960546796
76561197960546797
76561197960546798
76561197960546799
76561197960546802
76561197960546803
76561197960546805
76561197960546808
76561197960546809
76561197960546810
76561197960546812
76561197960546813
76561197960546815
76561197960546816
76561197960546817
76561197960546818
76561197960546819
76561197960546820
76561197960546821
76561197960546822
76561197960546823
76561197960546825
76561197960546826
76561197960546827
76561197960546828
76561197960546829
76561197960546830
76561197960546832
76561197960546835
76561197960546837
76561197960546838
76561197960546840
76561197960546842
76561197960546843
76561197960546845
76561197960546846
76561197960546848
76561197960546849
76561197960546851
76561197960546852
76561197960546854
76561197960546855
76561197960546856
76561197960546857
76561197960546858
76561197960546859
76561197960546862
76561197960546865
76561197960546866
76561197960546868
76561197960546869
76561197960546870
76561197960546871
76561197960546872
76561197960546873
76561197960546874
76561197960546875
76561197960546876
76561197960546877
76561197960546878
76561197960546879
76561197960546880
76561197960546881
76561197960546882
76561197960546884
76561197960546885
76561197960546887
76561197960546889
76561197960546891
76561197960546892
76561197960546893
76561197960546894
76561197960546895
76561197960546896
76561197960546897
76561197960546898
76561197960546899
76561197960546900
76561197960546901
76561197960546902
76561197960546904
76561197960546905
76561197960546906
76561197960546908
76561197960546911
76561197960546912
76561197960546913
76561197960546915
76561197960546916
76561197960546917
76561197960546918
76561197960546919
76561197960546920
76561197960546921
76561197960546922
76561197960546923
76561197960546925
76561197960546926
76561197960546927
76561197960546928
76561197960546929
76561197960546930
76561197960546931
76561197960546932
76561197960546933
76561197960546935
76561197960546938
76561197960546940
76561197960546941
76561197960546942
76561197960546943
76561197960546944
76561197960546945
76561197960546946
76561197960546947
76561197960546948
76561197960546949
76561197960546950
76561197960546951
76561197960546953
76561197960546954
76561197960546955
76561197960546956
76561197960546957
76561197960546958
76561197960546959
76561197960546960
76561197960546961
76561197960546963
76561197960546964
76561197960546966
76561197960546967
76561197960546969
76561197960546972
76561197960546973
76561197960546975
76561197960546976
76561197960546977
76561197960546978
76561197960546979
76561197960546980
76561197960546981
76561197960546982
76561197960546983
76561197960546984
76561197960546985
76561197960546986
76561197960546987
76561197960546989
76561197960546990
76561197960546991
76561197960546992
76561197960546993
76561197960546994
76561197960546997
76561197960546998
76561197960546999
76561197960547000
76561197960547001
76561197960547002
76561197960547003
76561197960547004
76561197960547006
76561197960547007
76561197960547008
76561197960547009
76561197960547010
76561197960547011
76561197960547012
76561197960547013
76561197960547014
76561197960547015
76561197960547016
76561197960547017
76561197960547018
76561197960547020
76561197960547021
76561197960547022
76561197960547023
76561197960547024
76561197960547025
76561197960547026
76561197960547028
76561197960547029
76561197960547031
76561197960547033
76561197960547034
76561197960547035
76561197960547036
76561197960547038
76561197960547039
76561197960547040
76561197960547041
76561197960547042
76561197960547043
76561197960547045
76561197960547049
76561197960547050
76561197960547051
76561197960547053
76561197960547054
76561197960547055
76561197960547056
76561197960547057
76561197960547058
76561197960547059
76561197960547060
76561197960547062
76561197960547063
76561197960547064
76561197960547065
76561197960547066
76561197960547067
76561197960547068
76561197960547069
76561197960547071
76561197960547072
76561197960547076
76561197960547078
76561197960547079
76561197960547080
76561197960547081
76561197960547082
76561197960547083
76561197960547084
76561197960547085
76561197960547086
76561197960547089
76561197960547090
76561197960547091
76561197960547092
76561197960547093
76561197960547094
76561197960547095
76561197960547097
76561197960547098
76561197960547099
76561197960547100
76561197960547101
76561197960547102
76561197960547103
76561197960547104
76561197960547105
76561197960547106
76561197960547107
76561197960547108
76561197960547110
76561197960547112
76561197960547113
76561197960547114
