76561197960501807
76561197960501808
76561197960501810
76561197960501812
76561197960501814
76561197960501815
76561197960501816
76561197960501822
76561197960501823
76561197960501824
76561197960501825
76561197960501826
76561197960501827
76561197960501828
76561197960501829
76561197960501832
76561197960501833
76561197960501834
76561197960501835
76561197960501836
76561197960501837
76561197960501838
76561197960501840
76561197960501841
76561197960501842
76561197960501844
76561197960501845
76561197960501846
76561197960501847
76561197960501849
76561197960501851
76561197960501852
76561197960501855
76561197960501856
76561197960501857
76561197960501858
76561197960501860
76561197960501864
76561197960501865
76561197960501866
76561197960501867
76561197960501868
76561197960501870
76561197960501873
76561197960501874
76561197960501875
76561197960501876
76561197960501877
76561197960501878
76561197960501881
76561197960501882
76561197960501883
76561197960501884
76561197960501885
76561197960501886
76561197960501887
76561197960501888
76561197960501890
76561197960501891
76561197960501892
76561197960501893
76561197960501894
76561197960501895
76561197960501896
76561197960501897
76561197960501898
76561197960501899
76561197960501900
76561197960501901
76561197960501902
76561197960501904
76561197960501906
76561197960501907
76561197960501908
76561197960501909
76561197960501910
76561197960501912
76561197960501913
76561197960501915
76561197960501916
76561197960501917
76561197960501919
76561197960501922
76561197960501923
76561197960501925
76561197960501926
76561197960501927
76561197960501928
76561197960501929
76561197960501930
76561197960501931
76561197960501932
76561197960501934
76561197960501936
76561197960501938
76561197960501939
76561197960501940
76561197960501941
76561197960501942
76561197960501943
76561197960501944
76561197960501945
76561197960501946
76561197960501947
76561197960501948
76561197960501949
76561197960501950
76561197960501951
76561197960501952
76561197960501953
76561197960501955
76561197960501956
76561197960501957
76561197960501958
76561197960501959
76561197960501960
76561197960501961
76561197960501962
76561197960501963
76561197960501965
76561197960501966
76561197960501967
76561197960501968
76561197960501969
76561197960501972
76561197960501973
76561197960501975
76561197960501976
76561197960501977
76561197960501978
76561197960501979
76561197960501980
76561197960501981
76561197960501982
76561197960501983
76561197960501985
76561197960501987
76561197960501989
76561197960501990
76561197960501991
76561197960501992
76561197960501993
76561197960501994
76561197960501997
76561197960501998
76561197960501999
76561197960502000
76561197960502001
76561197960502002
76561197960502003
76561197960502006
76561197960502009
76561197960502013
76561197960502017
76561197960502019
76561197960502020
76561197960502021
76561197960502022
76561197960502024
76561197960502025
76561197960502026
76561197960502027
76561197960502031
76561197960502033
76561197960502034
76561197960502035
76561197960502036
76561197960502037
76561197960502038
76561197960502039
76561197960502040
76561197960502042
76561197960502043
76561197960502044
76561197960502045
76561197960502046
76561197960502047
76561197960502048
76561197960502050
76561197960502051
76561197960502053
76561197960502057
76561197960502058
76561197960502059
76561197960502060
76561197960502061
76561197960502062
76561197960502063
76561197960502065
76561197960502066
76561197960502067
76561197960502069
76561197960502070
76561197960502072
76561197960502073
76561197960502076
76561197960502078
76561197960502079
76561197960502080
76561197960502081
76561197960502083
76561197960502085
76561197960502088
76561197960502089
76561197960502090
76561197960502092
76561197960502093
76561197960502094
76561197960502095
76561197960502097
76561197960502098
76561197960502099
76561197960502101
76561197960502102
76561197960502103
76561197960502105
76561197960502106
76561197960502107
76561197960502110
76561197960502111
76561197960502112
76561197960502113
76561197960502114
76561197960502115
76561197960502116
76561197960502118
76561197960502119
76561197960502121
76561197960502122
76561197960502123
76561197960502124
76561197960502125
76561197960502126
76561197960502127
76561197960502128
76561197960502130
76561197960502131
76561197960502133
76561197960502135
76561197960502136
76561197960502137
76561197960502138
76561197960502139
76561197960502140
76561197960502141
76561197960502142
76561197960502143
76561197960502145
76561197960502146
76561197960502147
76561197960502148
76561197960502149
76561197960502152
76561197960502153
76561197960502155
76561197960502156
76561197960502157
76561197960502158
76561197960502159
76561197960502160
76561197960502161
76561197960502163
76561197960502164
76561197960502165
76561197960502166
76561197960502167
76561197960502168
76561197960502170
76561197960502171
76561197960502172
76561197960502173
76561197960502174
76561197960502175
76561197960502176
76561197960502177
76561197960502179
76561197960502181
76561197960502182
76561197960502183
76561197960502184
76561197960502185
76561197960502186
76561197960502187
76561197960502188
76561197960502189
76561197960502190
76561197960502192
76561197960502193
76561197960502194
76561197960502195
76561197960502196
76561197960502197
76561197960502198
76561197960502199
76561197960502201
76561197960502202
76561197960502204
76561197960502206
76561197960502208
76561197960502209
76561197960502210
76561197960502211
76561197960502212
76561197960502213
76561197960502214
76561197960502215
76561197960502217
76561197960502218
76561197960502219
76561197960502221
76561197960502222
76561197960502223
76561197960502224
76561197960502225
76561197960502226
76561197960502227
76561197960502228
76561197960502230
76561197960502231
76561197960502232
76561197960502233
76561197960502234
76561197960502235
76561197960502237
76561197960502238
76561197960502240
76561197960502241
76561197960502242
76561197960502243
76561197960502244
76561197960502245
76561197960502246
76561197960502248
76561197960502249
76561197960502250
76561197960502251
76561197960502253
76561197960502254
76561197960502255
76561197960502256
76561197960502258
76561197960502259
76561197960502261
76561197960502262
76561197960502263
76561197960502264
76561197960502265
76561197960502266
76561197960502268
76561197960502269
76561197960502270
76561197960502271
76561197960502272
76561197960502274
76561197960502275
76561197960502276
76561197960502277
76561197960502278
76561197960502279
76561197960502280
76561197960502282
76561197960502284
76561197960502289
76561197960502290
76561197960502291
76561197960502294
76561197960502295
76561197960502296
76561197960502297
76561197960502298
76561197960502300
76561197960502301
76561197960502302
76561197960502303
76561197960502304
76561197960502305
76561197960502306
76561197960502308
76561197960502309
76561197960502311
76561197960502312
76561197960502313
76561197960502314
76561197960502315
76561197960502316
76561197960502318
76561197960502319
76561197960502320
76561197960502321
76561197960502323
76561197960502324
76561197960502325
76561197960502327
76561197960502328
76561197960502329
76561197960502330
76561197960502331
76561197960502332
76561197960502335
76561197960502337
76561197960502338
76561197960502339
76561197960502340
76561197960502341
76561197960502342
76561197960502343
76561197960502344
76561197960502345
76561197960502346
76561197960502347
76561197960502348
76561197960502349
76561197960502350
76561197960502351
76561197960502354
76561197960502356
76561197960502358
76561197960502361
76561197960502362
76561197960502363
76561197960502364
76561197960502367
76561197960502368
76561197960502369
76561197960502370
76561197960502373
76561197960502375
76561197960502376
76561197960502377
76561197960502378
76561197960502379
76561197960502380
76561197960502381
76561197960502382
76561197960502383
76561197960502384
76561197960502385
76561197960502388
76561197960502389
76561197960502390
76561197960502391
76561197960502392
76561197960502393
76561197960502394
76561197960502396
76561197960502397
76561197960502400
76561197960502401
76561197960502402
76561197960502403
76561197960502404
76561197960502405
76561197960502406
76561197960502407
76561197960502408
76561197960502409
76561197960502410
76561197960502411
76561197960502412
76561197960502413
76561197960502414
76561197960502415
76561197960502416
76561197960502417
76561197960502418
76561197960502419
76561197960502422
76561197960502423
76561197960502424
76561197960502425
76561197960502426
76561197960502427
76561197960502429
76561197960502430
76561197960502432
76561197960502433
76561197960502436
76561197960502437
76561197960502438
76561197960502440
76561197960502441
76561197960502442
76561197960502443
76561197960502445
76561197960502446
76561197960502447
76561197960502449
76561197960502452
76561197960502453
76561197960502454
76561197960502455
76561197960502456
76561197960502457
76561197960502460
76561197960502461
76561197960502462
76561197960502464
76561197960502465
76561197960502466
76561197960502467
76561197960502468
76561197960502470
76561197960502472
76561197960502473
76561197960502474
76561197960502475
76561197960502476
76561197960502477
76561197960502478
76561197960502479
76561197960502482
76561197960502484
76561197960502485
76561197960502486
76561197960502487
76561197960502491
76561197960502492
76561197960502493
76561197960502495
76561197960502496
76561197960502497
76561197960502498
76561197960502500
76561197960502501
76561197960502502
76561197960502503
76561197960502504
76561197960502505
76561197960502506
76561197960502511
76561197960502513
76561197960502515
76561197960502516
76561197960502517
76561197960502519
76561197960502520
76561197960502521
76561197960502523
76561197960502524
76561197960502525
76561197960502526
76561197960502527
76561197960502528
76561197960502529
76561197960502530
76561197960502533
76561197960502534
76561197960502535
76561197960502536
76561197960502537
76561197960502539
76561197960502540
76561197960502541
76561197960502542
76561197960502544
76561197960502545
76561197960502546
76561197960502547
76561197960502549
76561197960502551
76561197960502552
76561197960502553
76561197960502554
76561197960502555
76561197960502556
76561197960502557
76561197960502558
76561197960502560
76561197960502562
76561197960502564
76561197960502565
76561197960502566
76561197960502567
76561197960502568
76561197960502569
76561197960502570
76561197960502572
76561197960502575
76561197960502576
76561197960502579
76561197960502580
76561197960502581
76561197960502584
76561197960502585
76561197960502586
76561197960502587
76561197960502588
76561197960502589
76561197960502590
76561197960502591
76561197960502595
76561197960502597
76561197960502598
76561197960502599
76561197960502600
76561197960502601
76561197960502602
76561197960502603
76561197960502605
76561197960502607
76561197960502608
76561197960502609
76561197960502610
76561197960502611
76561197960502612
76561197960502615
76561197960502617
76561197960502618
76561197960502619
76561197960502620
76561197960502621
76561197960502622
76561197960502623
76561197960502624
76561197960502625
76561197960502626
76561197960502627
76561197960502628
76561197960502631
76561197960502633
76561197960502634
76561197960502635
76561197960502636
76561197960502638
76561197960502639
76561197960502640
76561197960502641
76561197960502643
76561197960502644
76561197960502647
76561197960502651
76561197960502652
76561197960502653
76561197960502654
76561197960502655
76561197960502656
76561197960502657
76561197960502658
76561197960502659
76561197960502660
76561197960502661
76561197960502662
76561197960502665
76561197960502666
76561197960502667
76561197960502669
76561197960502670
76561197960502674
76561197960502675
76561197960502676
76561197960502677
76561197960502678
76561197960502679
76561197960502680
76561197960502681
76561197960502682
76561197960502683
76561197960502684
76561197960502685
76561197960502686
76561197960502687
76561197960502688
76561197960502689
76561197960502690
76561197960502691
76561197960502692
76561197960502694
76561197960502695
76561197960502696
76561197960502697
76561197960502698
76561197960502700
76561197960502702
76561197960502703
76561197960502705
76561197960502706
76561197960502709
76561197960502711
76561197960502712
76561197960502713
76561197960502714
76561197960502715
76561197960502716
76561197960502717
76561197960502718
76561197960502719
76561197960502722
76561197960502723
76561197960502724
76561197960502726
76561197960502729
76561197960502730
76561197960502731
76561197960502732
76561197960502733
76561197960502734
76561197960502735
76561197960502736
76561197960502738
76561197960502739
76561197960502740
76561197960502741
76561197960502742
76561197960502743
76561197960502745
76561197960502746
76561197960502747
76561197960502749
76561197960502750
76561197960502751
76561197960502752
76561197960502753
76561197960502754
76561197960502755
76561197960502756
76561197960502757
76561197960502760
76561197960502762
76561197960502763
76561197960502764
76561197960502765
76561197960502766
76561197960502767
76561197960502768
76561197960502771
76561197960502772
76561197960502774
76561197960502775
76561197960502776
76561197960502777
76561197960502778
76561197960502779
76561197960502780
76561197960502781
76561197960502782
76561197960502783
76561197960502784
76561197960502786
76561197960502787
76561197960502788
76561197960502790
76561197960502791
76561197960502793
76561197960502796
76561197960502797
76561197960502798
76561197960502799
76561197960502803
76561197960502804
76561197960502806
76561197960502807
76561197960502808
76561197960502809
76561197960502811
76561197960502812
76561197960502813
76561197960502814
76561197960502816
76561197960502818
76561197960502819
76561197960502821
76561197960502822
76561197960502823
76561197960502824
76561197960502825
76561197960502826
76561197960502827
76561197960502830
76561197960502831
76561197960502832
76561197960502833
76561197960502834
76561197960502835
76561197960502836
76561197960502837
76561197960502838
76561197960502839
76561197960502840
76561197960502841
76561197960502842
76561197960502844
76561197960502846
76561197960502847
76561197960502848
76561197960502851
76561197960502854
76561197960502855
76561197960502856
76561197960502857
76561197960502858
76561197960502859
76561197960502860
76561197960502861
76561197960502862
76561197960502865
76561197960502867
76561197960502869
76561197960502870
76561197960502873
76561197960502874
76561197960502876
76561197960502877
76561197960502880
76561197960502881
76561197960502883
76561197960502884
76561197960502885
76561197960502886
76561197960502887
76561197960502888
76561197960502890
76561197960502891
76561197960502892
76561197960502894
76561197960502895
76561197960502896
76561197960502897
76561197960502898
76561197960502899
76561197960502900
76561197960502902
76561197960502903
76561197960502904
76561197960502905
76561197960502906
76561197960502907
76561197960502909
76561197960502910
76561197960502913
76561197960502915
76561197960502916
76561197960502918
76561197960502919
76561197960502920
76561197960502923
76561197960502924
76561197960502925
76561197960502928
76561197960502929
76561197960502930
76561197960502931
76561197960502932
76561197960502933
76561197960502934
76561197960502935
76561197960502936
76561197960502937
76561197960502939
76561197960502941
76561197960502942
76561197960502943
76561197960502944
76561197960502945
76561197960502947
76561197960502948
76561197960502949
76561197960502950
76561197960502951
76561197960502952
76561197960502955
76561197960502957
76561197960502958
76561197960502959
76561197960502960
76561197960502961
76561197960502962
76561197960502963
76561197960502965
76561197960502966
76561197960502967
76561197960502968
76561197960502969
76561197960502970
76561197960502971
76561197960502972
76561197960502973
76561197960502974
76561197960502975
76561197960502976
76561197960502977
76561197960502978
76561197960502980
76561197960502982
76561197960502984
76561197960502987
76561197960502988
76561197960502989
76561197960502990
76561197960502991
76561197960502993
76561197960502994
76561197960502995
76561197960502996
76561197960502997
76561197960502999
76561197960503000
76561197960503001
76561197960503002
76561197960503003
76561197960503004
76561197960503005
76561197960503007
76561197960503009
76561197960503011
76561197960503013
76561197960503014
76561197960503015
76561197960503016
76561197960503017
76561197960503018
76561197960503019
76561197960503020
76561197960503021
76561197960503022
76561197960503023
76561197960503024
76561197960503025
76561197960503027
76561197960503028
76561197960503030
76561197960503032
76561197960503033
76561197960503035
76561197960503036
76561197960503038
76561197960503040
76561197960503041
76561197960503043
76561197960503044
76561197960503046
76561197960503047
76561197960503048
76561197960503049
76561197960503051
76561197960503052
76561197960503053
76561197960503055
76561197960503056
76561197960503057
76561197960503058
76561197960503060
76561197960503061
76561197960503062
76561197960503063
76561197960503065
76561197960503066
76561197960503067
76561197960503068
76561197960503069
76561197960503070
76561197960503071
76561197960503074
76561197960503075
76561197960503077
76561197960503078
76561197960503079
76561197960503080
76561197960503081
76561197960503082
76561197960503083
76561197960503084
76561197960503085
76561197960503086
76561197960503088
76561197960503089
76561197960503090
76561197960503091
76561197960503092
76561197960503093
76561197960503094
76561197960503095
76561197960503097
76561197960503099
76561197960503101
76561197960503103
76561197960503104
76561197960503105
76561197960503106
76561197960503108
76561197960503110
76561197960503111
76561197960503113
76561197960503114
76561197960503115
76561197960503118
76561197960503119
76561197960503120
76561197960503121
76561197960503122
76561197960503123
76561197960503125
76561197960503126
76561197960503127
76561197960503130
76561197960503131
76561197960503132
76561197960503133
76561197960503134
76561197960503135
76561197960503136
