76561197960532053
76561197960532055
76561197960532056
76561197960532057
76561197960532058
76561197960532059
76561197960532060
76561197960532061
76561197960532062
76561197960532063
76561197960532064
76561197960532065
76561197960532067
76561197960532069
76561197960532070
76561197960532071
76561197960532072
76561197960532074
76561197960532075
76561197960532076
76561197960532078
76561197960532079
76561197960532081
76561197960532082
76561197960532084
76561197960532085
76561197960532086
76561197960532088
76561197960532089
76561197960532090
76561197960532092
76561197960532094
76561197960532095
76561197960532096
76561197960532100
76561197960532102
76561197960532103
76561197960532104
76561197960532106
76561197960532107
76561197960532108
76561197960532109
76561197960532110
76561197960532111
76561197960532112
76561197960532113
76561197960532115
76561197960532116
76561197960532118
76561197960532119
76561197960532120
76561197960532122
76561197960532124
76561197960532125
76561197960532126
76561197960532129
76561197960532130
76561197960532132
76561197960532133
76561197960532135
76561197960532136
76561197960532137
76561197960532138
76561197960532139
76561197960532140
76561197960532142
76561197960532146
76561197960532147
76561197960532148
76561197960532149
76561197960532150
76561197960532151
76561197960532152
76561197960532153
76561197960532154
76561197960532155
76561197960532156
76561197960532157
76561197960532158
76561197960532159
76561197960532160
76561197960532162
76561197960532163
76561197960532164
76561197960532165
76561197960532169
76561197960532171
76561197960532172
76561197960532173
76561197960532174
76561197960532175
76561197960532177
76561197960532178
76561197960532179
76561197960532181
76561197960532182
76561197960532183
76561197960532184
76561197960532186
76561197960532187
76561197960532188
76561197960532189
76561197960532190
76561197960532191
76561197960532195
76561197960532196
76561197960532197
76561197960532198
76561197960532199
76561197960532200
76561197960532201
76561197960532204
76561197960532205
76561197960532207
76561197960532208
76561197960532209
76561197960532210
76561197960532211
76561197960532214
76561197960532218
76561197960532219
76561197960532221
76561197960532222
76561197960532223
76561197960532224
76561197960532225
76561197960532227
76561197960532228
76561197960532230
76561197960532231
76561197960532232
76561197960532234
76561197960532236
76561197960532237
76561197960532240
76561197960532241
76561197960532242
76561197960532243
76561197960532246
76561197960532248
76561197960532252
76561197960532253
76561197960532254
76561197960532255
76561197960532256
76561197960532259
76561197960532261
76561197960532262
76561197960532263
76561197960532264
76561197960532265
76561197960532266
76561197960532268
76561197960532269
76561197960532270
76561197960532272
76561197960532275
76561197960532277
76561197960532278
76561197960532279
76561197960532280
76561197960532281
76561197960532282
76561197960532284
76561197960532285
76561197960532286
76561197960532287
76561197960532288
76561197960532290
76561197960532291
76561197960532292
76561197960532293
76561197960532294
76561197960532296
76561197960532297
76561197960532299
76561197960532301
76561197960532302
76561197960532303
76561197960532304
76561197960532305
76561197960532307
76561197960532308
76561197960532309
76561197960532310
76561197960532311
76561197960532312
76561197960532319
76561197960532320
76561197960532321
76561197960532322
76561197960532325
76561197960532326
76561197960532327
76561197960532328
76561197960532329
76561197960532330
76561197960532331
76561197960532332
76561197960532334
76561197960532335
76561197960532337
76561197960532339
76561197960532341
76561197960532342
76561197960532343
76561197960532344
76561197960532345
76561197960532347
76561197960532348
76561197960532351
76561197960532353
76561197960532354
76561197960532355
76561197960532356
76561197960532357
76561197960532358
76561197960532359
76561197960532360
76561197960532361
76561197960532363
76561197960532364
76561197960532365
76561197960532367
76561197960532369
76561197960532371
76561197960532372
76561197960532373
76561197960532374
76561197960532375
76561197960532377
76561197960532378
76561197960532379
76561197960532380
76561197960532382
76561197960532383
76561197960532385
76561197960532386
76561197960532387
76561197960532389
76561197960532390
76561197960532398
76561197960532399
76561197960532400
76561197960532401
76561197960532402
76561197960532405
76561197960532406
76561197960532407
76561197960532409
76561197960532410
76561197960532411
76561197960532412
76561197960532413
76561197960532414
76561197960532416
76561197960532417
76561197960532418
76561197960532420
76561197960532421
76561197960532422
76561197960532423
76561197960532426
76561197960532427
76561197960532428
76561197960532429
76561197960532430
76561197960532432
76561197960532435
76561197960532436
76561197960532437
76561197960532438
76561197960532439
76561197960532441
76561197960532442
76561197960532443
76561197960532445
76561197960532446
76561197960532447
76561197960532448
76561197960532449
76561197960532450
76561197960532451
76561197960532453
76561197960532454
76561197960532456
76561197960532459
76561197960532464
76561197960532467
76561197960532468
76561197960532469
76561197960532471
76561197960532473
76561197960532474
76561197960532478
76561197960532479
76561197960532480
76561197960532481
76561197960532483
76561197960532484
76561197960532487
76561197960532488
76561197960532492
76561197960532493
76561197960532494
76561197960532495
76561197960532497
76561197960532498
76561197960532499
76561197960532501
76561197960532503
76561197960532505
76561197960532506
76561197960532507
76561197960532508
76561197960532510
76561197960532515
76561197960532518
76561197960532519
76561197960532522
76561197960532524
76561197960532525
76561197960532526
76561197960532527
76561197960532529
76561197960532530
76561197960532532
76561197960532533
76561197960532534
76561197960532536
76561197960532537
76561197960532538
76561197960532539
76561197960532540
76561197960532543
76561197960532546
76561197960532547
76561197960532548
76561197960532549
76561197960532550
76561197960532551
76561197960532554
76561197960532555
76561197960532556
76561197960532557
76561197960532558
76561197960532559
76561197960532561
76561197960532562
76561197960532563
76561197960532564
76561197960532565
76561197960532566
76561197960532567
76561197960532568
76561197960532570
76561197960532571
76561197960532574
76561197960532575
76561197960532576
76561197960532578
76561197960532579
76561197960532580
76561197960532581
76561197960532583
76561197960532585
76561197960532586
76561197960532587
76561197960532589
76561197960532590
76561197960532591
76561197960532592
76561197960532593
76561197960532594
76561197960532596
76561197960532597
76561197960532598
76561197960532599
76561197960532600
76561197960532601
76561197960532603
76561197960532605
76561197960532606
76561197960532607
76561197960532609
76561197960532610
76561197960532611
76561197960532612
76561197960532614
76561197960532615
76561197960532616
76561197960532617
76561197960532619
76561197960532620
76561197960532621
76561197960532622
76561197960532623
76561197960532624
76561197960532626
76561197960532627
76561197960532628
76561197960532629
76561197960532630
76561197960532631
76561197960532632
76561197960532633
76561197960532635
76561197960532636
76561197960532637
76561197960532638
76561197960532639
76561197960532640
76561197960532641
76561197960532642
76561197960532643
76561197960532644
76561197960532645
76561197960532646
76561197960532647
76561197960532649
76561197960532650
76561197960532652
76561197960532653
76561197960532655
76561197960532656
76561197960532657
76561197960532659
76561197960532661
76561197960532663
76561197960532665
76561197960532666
76561197960532670
76561197960532673
76561197960532674
76561197960532675
76561197960532676
76561197960532678
76561197960532680
76561197960532681
76561197960532682
76561197960532683
76561197960532684
76561197960532685
76561197960532687
76561197960532688
76561197960532689
76561197960532690
76561197960532691
76561197960532693
76561197960532694
76561197960532695
76561197960532696
76561197960532699
76561197960532700
76561197960532703
76561197960532704
76561197960532705
76561197960532706
76561197960532707
76561197960532708
76561197960532710
76561197960532711
76561197960532712
76561197960532717
76561197960532718
76561197960532720
76561197960532721
76561197960532722
76561197960532723
76561197960532724
76561197960532725
76561197960532727
76561197960532728
76561197960532729
76561197960532730
76561197960532732
76561197960532733
76561197960532734
76561197960532735
76561197960532736
76561197960532738
76561197960532739
76561197960532741
76561197960532742
76561197960532743
76561197960532745
76561197960532746
76561197960532747
76561197960532748
76561197960532749
76561197960532753
76561197960532754
76561197960532755
76561197960532758
76561197960532759
76561197960532761
76561197960532763
76561197960532765
76561197960532769
76561197960532770
76561197960532771
76561197960532773
76561197960532774
76561197960532775
76561197960532776
76561197960532777
76561197960532778
76561197960532779
76561197960532780
76561197960532782
76561197960532784
76561197960532785
76561197960532786
76561197960532787
76561197960532788
76561197960532790
76561197960532791
76561197960532793
76561197960532794
76561197960532798
76561197960532799
76561197960532800
76561197960532801
76561197960532802
76561197960532804
76561197960532805
76561197960532806
76561197960532807
76561197960532809
76561197960532810
76561197960532812
76561197960532815
76561197960532817
76561197960532818
76561197960532819
76561197960532820
76561197960532821
76561197960532823
76561197960532825
76561197960532829
76561197960532831
76561197960532832
76561197960532833
76561197960532835
76561197960532837
76561197960532838
76561197960532839
76561197960532840
76561197960532841
76561197960532843
76561197960532844
76561197960532845
76561197960532846
76561197960532847
76561197960532848
76561197960532849
76561197960532850
76561197960532851
76561197960532852
76561197960532854
76561197960532855
76561197960532856
76561197960532857
76561197960532859
76561197960532860
76561197960532861
76561197960532862
76561197960532863
76561197960532865
76561197960532866
76561197960532867
76561197960532868
76561197960532869
76561197960532870
76561197960532872
76561197960532874
76561197960532876
76561197960532877
76561197960532878
76561197960532879
76561197960532881
76561197960532882
76561197960532883
76561197960532884
76561197960532887
76561197960532891
76561197960532892
76561197960532893
76561197960532894
76561197960532896
76561197960532897
76561197960532898
76561197960532899
76561197960532901
76561197960532902
76561197960532904
76561197960532905
76561197960532906
76561197960532907
76561197960532909
76561197960532910
76561197960532911
76561197960532912
76561197960532913
76561197960532914
76561197960532916
76561197960532917
76561197960532918
76561197960532919
76561197960532920
76561197960532921
76561197960532924
76561197960532925
76561197960532926
76561197960532927
76561197960532929
76561197960532932
76561197960532933
76561197960532934
76561197960532938
76561197960532939
76561197960532940
76561197960532942
76561197960532943
76561197960532946
76561197960532949
76561197960532950
76561197960532951
76561197960532952
76561197960532953
76561197960532954
76561197960532955
76561197960532956
76561197960532957
76561197960532960
76561197960532961
76561197960532963
76561197960532964
76561197960532966
76561197960532967
76561197960532968
76561197960532969
76561197960532970
76561197960532971
76561197960532972
76561197960532973
76561197960532975
76561197960532976
76561197960532977
76561197960532978
76561197960532979
76561197960532980
76561197960532982
76561197960532983
76561197960532985
76561197960532986
76561197960532987
76561197960532990
76561197960532992
76561197960532993
76561197960532994
76561197960532995
76561197960532996
76561197960532997
76561197960532998
76561197960532999
76561197960533002
76561197960533003
76561197960533004
76561197960533005
76561197960533008
76561197960533009
76561197960533010
76561197960533011
76561197960533012
76561197960533013
76561197960533014
76561197960533015
76561197960533016
76561197960533017
76561197960533019
76561197960533020
76561197960533022
76561197960533023
76561197960533024
76561197960533025
76561197960533026
76561197960533027
76561197960533028
76561197960533029
76561197960533032
76561197960533033
76561197960533034
76561197960533035
76561197960533036
76561197960533037
76561197960533038
76561197960533040
76561197960533041
76561197960533042
76561197960533043
76561197960533044
76561197960533046
76561197960533047
76561197960533048
76561197960533049
76561197960533050
76561197960533051
76561197960533052
76561197960533054
76561197960533055
76561197960533056
76561197960533057
76561197960533059
76561197960533061
76561197960533063
76561197960533064
76561197960533065
76561197960533066
76561197960533067
76561197960533068
76561197960533069
76561197960533070
76561197960533071
76561197960533073
76561197960533074
76561197960533075
76561197960533077
76561197960533079
76561197960533080
76561197960533081
76561197960533083
76561197960533084
76561197960533085
76561197960533086
76561197960533087
76561197960533088
76561197960533090
76561197960533091
76561197960533092
76561197960533093
76561197960533094
76561197960533095
76561197960533096
76561197960533098
76561197960533099
76561197960533100
76561197960533101
76561197960533102
76561197960533103
76561197960533104
76561197960533105
76561197960533106
76561197960533107
76561197960533108
76561197960533111
76561197960533112
76561197960533113
76561197960533114
76561197960533115
76561197960533116
76561197960533117
76561197960533118
76561197960533119
76561197960533120
76561197960533121
76561197960533123
76561197960533124
76561197960533125
76561197960533126
76561197960533127
76561197960533129
76561197960533130
76561197960533131
76561197960533132
76561197960533133
76561197960533134
76561197960533135
76561197960533136
76561197960533137
76561197960533138
76561197960533139
76561197960533140
76561197960533142
76561197960533143
76561197960533144
76561197960533146
76561197960533148
76561197960533149
76561197960533150
76561197960533151
76561197960533153
76561197960533154
76561197960533155
76561197960533156
76561197960533157
76561197960533159
76561197960533160
76561197960533161
76561197960533162
76561197960533163
76561197960533164
76561197960533165
76561197960533167
76561197960533168
76561197960533169
76561197960533170
76561197960533173
76561197960533174
76561197960533175
76561197960533177
76561197960533178
76561197960533179
76561197960533183
76561197960533184
76561197960533185
76561197960533189
76561197960533190
76561197960533191
76561197960533192
76561197960533194
76561197960533196
76561197960533197
76561197960533199
76561197960533200
76561197960533201
76561197960533202
76561197960533205
76561197960533206
76561197960533207
76561197960533208
76561197960533209
76561197960533213
76561197960533214
76561197960533215
76561197960533216
76561197960533217
76561197960533218
76561197960533219
76561197960533220
76561197960533221
76561197960533222
76561197960533223
76561197960533225
76561197960533226
76561197960533227
76561197960533228
76561197960533229
76561197960533231
76561197960533235
76561197960533237
76561197960533239
76561197960533241
76561197960533245
76561197960533246
76561197960533247
76561197960533248
76561197960533249
76561197960533250
76561197960533252
76561197960533254
76561197960533255
76561197960533256
76561197960533257
76561197960533259
76561197960533260
76561197960533261
76561197960533262
76561197960533263
76561197960533264
76561197960533265
76561197960533267
76561197960533268
76561197960533269
76561197960533271
76561197960533275
76561197960533277
76561197960533278
76561197960533279
76561197960533282
76561197960533283
76561197960533284
76561197960533285
76561197960533286
76561197960533288
76561197960533289
76561197960533290
76561197960533291
76561197960533292
76561197960533293
76561197960533296
76561197960533298
76561197960533299
76561197960533301
76561197960533303
76561197960533304
76561197960533306
76561197960533307
76561197960533309
76561197960533310
76561197960533311
76561197960533314
76561197960533315
76561197960533316
76561197960533319
76561197960533320
76561197960533321
76561197960533322
76561197960533324
76561197960533325
76561197960533326
76561197960533328
76561197960533330
76561197960533331
76561197960533333
76561197960533335
76561197960533336
76561197960533337
76561197960533338
76561197960533342
76561197960533344
76561197960533349
76561197960533350
76561197960533351
76561197960533352
76561197960533353
76561197960533355
76561197960533356
76561197960533357
76561197960533358
76561197960533359
76561197960533360
76561197960533361
76561197960533362
76561197960533363
76561197960533367
76561197960533368
76561197960533369
76561197960533371
76561197960533373
76561197960533374
76561197960533376
76561197960533377
76561197960533379
76561197960533380
76561197960533381
76561197960533383
76561197960533384
76561197960533386
76561197960533387
76561197960533389
76561197960533392
76561197960533395
76561197960533399
76561197960533401
76561197960533402
76561197960533403
76561197960533404
76561197960533405
76561197960533406
76561197960533407
76561197960533408
76561197960533409
76561197960533411
76561197960533412
76561197960533414
76561197960533416
76561197960533417
76561197960533419
76561197960533422
76561197960533423
76561197960533424
76561197960533426
76561197960533428
76561197960533429
76561197960533430
76561197960533431
76561197960533433
76561197960533435
76561197960533436
76561197960533437
76561197960533444
76561197960533445
76561197960533447
76561197960533449
76561197960533451
76561197960533453
76561197960533454
76561197960533455
76561197960533457
76561197960533458
76561197960533459
76561197960533461
76561197960533462
76561197960533463
76561197960533467
76561197960533468
76561197960533469
76561197960533471
76561197960533474
