76561197961893437
76561197961893438
76561197961893445
76561197961893449
76561197961893456
76561197961893459
76561197961893462
76561197961893465
76561197961893466
76561197961893468
76561197961893469
76561197961893471
76561197961893472
76561197961893473
76561197961893474
76561197961893475
76561197961893479
76561197961893482
76561197961893486
76561197961893487
76561197961893489
76561197961893490
76561197961893491
76561197961893493
76561197961893494
76561197961893498
76561197961893502
76561197961893507
76561197961893508
76561197961893511
76561197961893515
76561197961893516
76561197961893520
76561197961893522
76561197961893524
76561197961893525
76561197961893526
76561197961893527
76561197961893528
76561197961893532
76561197961893533
76561197961893535
76561197961893537
76561197961893538
76561197961893539
76561197961893541
76561197961893543
76561197961893546
76561197961893548
76561197961893549
76561197961893552
76561197961893554
76561197961893556
76561197961893560
76561197961893561
76561197961893565
76561197961893571
76561197961893576
76561197961893577
76561197961893578
76561197961893579
76561197961893585
76561197961893586
76561197961893588
76561197961893589
76561197961893590
76561197961893591
76561197961893592
76561197961893596
76561197961893597
76561197961893598
76561197961893599
76561197961893601
76561197961893603
76561197961893608
76561197961893610
76561197961893611
76561197961893614
76561197961893615
76561197961893621
76561197961893623
76561197961893631
76561197961893632
76561197961893635
76561197961893639
76561197961893643
76561197961893644
76561197961893646
76561197961893647
76561197961893649
76561197961893650
76561197961893652
76561197961893653
76561197961893656
76561197961893661
76561197961893664
76561197961893672
76561197961893673
76561197961893674
76561197961893678
76561197961893679
76561197961893683
76561197961893684
76561197961893685
76561197961893688
76561197961893690
76561197961893697
76561197961893698
76561197961893699
76561197961893703
76561197961893704
76561197961893707
76561197961893708
76561197961893714
76561197961893715
76561197961893720
76561197961893723
76561197961893725
76561197961893727
76561197961893728
76561197961893731
76561197961893732
76561197961893740
76561197961893741
76561197961893742
76561197961893744
76561197961893746
76561197961893747
76561197961893749
76561197961893750
76561197961893755
76561197961893756
76561197961893760
76561197961893762
76561197961893769
76561197961893770
76561197961893771
76561197961893773
76561197961893776
76561197961893779
76561197961893781
76561197961893782
76561197961893789
76561197961893790
76561197961893794
76561197961893795
76561197961893799
76561197961893801
76561197961893803
76561197961893804
76561197961893811
76561197961893816
76561197961893823
76561197961893824
76561197961893825
76561197961893827
76561197961893829
76561197961893830
76561197961893831
76561197961893836
76561197961893837
76561197961893838
76561197961893840
76561197961893842
76561197961893843
76561197961893844
76561197961893846
76561197961893848
76561197961893853
76561197961893855
76561197961893856
76561197961893859
76561197961893860
76561197961893862
76561197961893864
76561197961893868
76561197961893869
76561197961893871
76561197961893872
76561197961893873
76561197961893875
76561197961893877
76561197961893878
76561197961893883
76561197961893884
76561197961893888
76561197961893890
76561197961893892
76561197961893895
76561197961893897
76561197961893898
76561197961893899
76561197961893903
76561197961893904
76561197961893905
76561197961893907
76561197961893908
76561197961893909
76561197961893911
76561197961893912
76561197961893913
76561197961893918
76561197961893922
76561197961893923
76561197961893924
76561197961893925
76561197961893926
76561197961893927
76561197961893929
76561197961893930
76561197961893931
76561197961893932
76561197961893933
76561197961893937
76561197961893940
76561197961893941
76561197961893944
76561197961893945
76561197961893949
76561197961893953
76561197961893955
76561197961893956
76561197961893957
76561197961893958
76561197961893959
76561197961893960
76561197961893961
76561197961893963
76561197961893967
76561197961893968
76561197961893969
76561197961893979
76561197961893982
76561197961893983
76561197961893985
76561197961893987
76561197961893992
76561197961893995
76561197961893997
76561197961894001
76561197961894004
76561197961894006
76561197961894007
76561197961894009
76561197961894010
76561197961894011
76561197961894013
76561197961894014
76561197961894015
76561197961894017
76561197961894019
76561197961894023
76561197961894024
76561197961894025
76561197961894028
76561197961894029
76561197961894031
76561197961894032
76561197961894033
76561197961894037
76561197961894038
76561197961894043
76561197961894044
76561197961894045
76561197961894048
76561197961894051
76561197961894053
76561197961894054
76561197961894055
76561197961894060
76561197961894065
76561197961894066
76561197961894068
76561197961894073
76561197961894074
76561197961894076
76561197961894079
76561197961894080
76561197961894083
76561197961894087
76561197961894088
76561197961894089
76561197961894090
76561197961894091
76561197961894092
76561197961894093
76561197961894096
76561197961894097
76561197961894098
76561197961894101
76561197961894102
76561197961894103
76561197961894105
76561197961894109
76561197961894112
76561197961894114
76561197961894118
76561197961894120
76561197961894121
76561197961894122
76561197961894127
76561197961894128
76561197961894129
76561197961894133
76561197961894134
76561197961894139
76561197961894144
76561197961894147
76561197961894148
76561197961894149
76561197961894154
76561197961894155
76561197961894158
76561197961894160
76561197961894162
76561197961894165
76561197961894166
76561197961894171
76561197961894172
76561197961894173
76561197961894174
76561197961894175
76561197961894176
76561197961894177
76561197961894178
76561197961894180
76561197961894181
76561197961894185
76561197961894186
76561197961894188
76561197961894189
76561197961894192
76561197961894205
76561197961894206
76561197961894208
76561197961894209
76561197961894212
76561197961894215
76561197961894218
76561197961894220
76561197961894222
76561197961894225
76561197961894226
76561197961894227
76561197961894229
76561197961894231
76561197961894232
76561197961894233
76561197961894234
76561197961894235
76561197961894238
76561197961894239
76561197961894240
76561197961894241
76561197961894243
76561197961894244
76561197961894246
76561197961894248
76561197961894249
76561197961894254
76561197961894258
76561197961894260
76561197961894264
76561197961894265
76561197961894267
76561197961894277
76561197961894278
76561197961894280
76561197961894281
76561197961894282
76561197961894284
76561197961894286
76561197961894289
76561197961894294
76561197961894295
76561197961894296
76561197961894297
76561197961894301
76561197961894302
76561197961894304
76561197961894305
76561197961894308
76561197961894314
76561197961894316
76561197961894317
76561197961894320
76561197961894322
76561197961894323
76561197961894334
76561197961894336
76561197961894338
76561197961894339
76561197961894340
76561197961894349
76561197961894351
76561197961894354
76561197961894355
76561197961894360
76561197961894363
76561197961894364
76561197961894365
76561197961894366
76561197961894367
76561197961894369
76561197961894372
76561197961894374
76561197961894375
76561197961894376
76561197961894379
76561197961894381
76561197961894383
76561197961894384
76561197961894386
76561197961894387
76561197961894389
76561197961894392
76561197961894395
76561197961894397
76561197961894399
76561197961894400
76561197961894403
76561197961894404
76561197961894405
76561197961894408
76561197961894410
76561197961894413
76561197961894414
76561197961894415
76561197961894417
76561197961894418
76561197961894419
76561197961894420
76561197961894421
76561197961894425
76561197961894428
76561197961894430
76561197961894433
76561197961894434
76561197961894435
76561197961894436
76561197961894438
76561197961894439
76561197961894442
76561197961894443
76561197961894447
76561197961894450
76561197961894453
76561197961894455
76561197961894458
76561197961894460
76561197961894465
76561197961894470
76561197961894471
76561197961894477
76561197961894478
76561197961894481
76561197961894482
76561197961894483
76561197961894484
76561197961894488
76561197961894489
76561197961894490
76561197961894491
76561197961894494
76561197961894495
76561197961894497
76561197961894499
76561197961894500
76561197961894502
76561197961894504
76561197961894506
76561197961894507
76561197961894509
76561197961894518
76561197961894523
76561197961894525
76561197961894526
76561197961894527
76561197961894529
76561197961894532
76561197961894535
76561197961894537
76561197961894541
76561197961894542
76561197961894543
76561197961894547
76561197961894548
76561197961894550
76561197961894554
76561197961894557
76561197961894560
76561197961894562
76561197961894570
76561197961894572
76561197961894574
76561197961894578
76561197961894583
76561197961894585
76561197961894587
76561197961894592
76561197961894594
76561197961894595
76561197961894597
76561197961894598
76561197961894600
76561197961894601
76561197961894603
76561197961894609
76561197961894612
76561197961894613
76561197961894615
76561197961894619
76561197961894620
76561197961894622
76561197961894623
76561197961894626
76561197961894627
76561197961894631
76561197961894632
76561197961894634
76561197961894638
76561197961894640
76561197961894641
76561197961894645
76561197961894646
76561197961894651
76561197961894655
76561197961894656
76561197961894658
76561197961894659
76561197961894662
76561197961894665
76561197961894666
76561197961894670
76561197961894672
76561197961894674
76561197961894677
76561197961894679
76561197961894681
76561197961894687
76561197961894689
76561197961894693
76561197961894695
76561197961894696
76561197961894697
76561197961894701
76561197961894703
76561197961894705
76561197961894706
76561197961894708
76561197961894713
76561197961894714
76561197961894717
76561197961894719
76561197961894720
76561197961894721
76561197961894722
76561197961894723
76561197961894724
76561197961894726
76561197961894727
76561197961894728
76561197961894729
76561197961894731
76561197961894734
76561197961894735
76561197961894737
76561197961894742
76561197961894747
76561197961894751
76561197961894754
76561197961894755
76561197961894756
76561197961894757
76561197961894759
76561197961894760
76561197961894769
76561197961894771
76561197961894773
76561197961894778
76561197961894781
76561197961894784
76561197961894786
76561197961894787
76561197961894788
76561197961894789
76561197961894790
76561197961894793
76561197961894796
76561197961894800
76561197961894804
76561197961894808
76561197961894810
76561197961894813
76561197961894817
76561197961894818
76561197961894821
76561197961894824
76561197961894825
76561197961894829
76561197961894835
76561197961894837
76561197961894843
76561197961894844
76561197961894845
76561197961894847
76561197961894849
76561197961894851
76561197961894852
76561197961894854
76561197961894862
76561197961894864
76561197961894867
76561197961894871
76561197961894873
76561197961894879
76561197961894885
76561197961894887
76561197961894889
76561197961894890
76561197961894891
76561197961894895
76561197961894896
76561197961894897
76561197961894898
76561197961894906
76561197961894908
76561197961894912
76561197961894913
76561197961894915
76561197961894919
76561197961894924
76561197961894926
76561197961894928
76561197961894929
76561197961894933
76561197961894938
76561197961894940
76561197961894941
76561197961894943
76561197961894944
76561197961894948
76561197961894956
76561197961894960
76561197961894961
76561197961894967
76561197961894970
76561197961894971
76561197961894972
76561197961894973
76561197961894976
76561197961894978
76561197961894980
76561197961894982
76561197961894990
76561197961894996
76561197961894999
76561197961895000
76561197961895002
76561197961895003
76561197961895006
76561197961895010
76561197961895015
76561197961895018
76561197961895019
76561197961895020
76561197961895021
76561197961895022
76561197961895024
76561197961895029
76561197961895030
76561197961895034
76561197961895035
76561197961895040
76561197961895041
76561197961895042
76561197961895045
76561197961895047
76561197961895049
76561197961895050
76561197961895052
76561197961895053
76561197961895055
76561197961895065
76561197961895067
76561197961895075
76561197961895079
76561197961895080
76561197961895081
76561197961895082
76561197961895085
76561197961895087
76561197961895088
76561197961895090
76561197961895092
76561197961895095
76561197961895097
76561197961895099
76561197961895100
76561197961895101
76561197961895105
76561197961895107
76561197961895108
76561197961895109
76561197961895111
76561197961895114
76561197961895116
76561197961895117
76561197961895118
76561197961895119
76561197961895121
76561197961895124
76561197961895126
76561197961895129
76561197961895130
76561197961895132
76561197961895134
76561197961895135
76561197961895136
76561197961895140
76561197961895141
76561197961895143
76561197961895144
76561197961895145
76561197961895146
76561197961895147
76561197961895148
76561197961895149
76561197961895153
76561197961895155
76561197961895160
76561197961895165
76561197961895166
76561197961895171
76561197961895172
76561197961895174
76561197961895175
76561197961895179
76561197961895180
76561197961895184
76561197961895185
76561197961895187
76561197961895189
76561197961895192
76561197961895194
76561197961895195
76561197961895196
76561197961895197
76561197961895200
76561197961895201
76561197961895203
76561197961895206
76561197961895211
76561197961895212
76561197961895214
76561197961895215
76561197961895216
76561197961895217
76561197961895218
76561197961895219
76561197961895223
76561197961895227
76561197961895229
76561197961895231
76561197961895235
76561197961895237
76561197961895240
76561197961895241
76561197961895242
76561197961895243
76561197961895248
76561197961895250
76561197961895251
76561197961895253
76561197961895254
76561197961895255
76561197961895256
76561197961895257
76561197961895259
76561197961895260
76561197961895261
76561197961895262
76561197961895265
76561197961895266
76561197961895269
76561197961895274
76561197961895276
76561197961895278
76561197961895280
76561197961895283
76561197961895288
76561197961895289
76561197961895290
76561197961895293
76561197961895301
76561197961895302
76561197961895304
76561197961895305
76561197961895306
76561197961895307
76561197961895310
76561197961895312
76561197961895316
76561197961895318
76561197961895322
76561197961895323
76561197961895332
76561197961895334
76561197961895338
76561197961895343
76561197961895346
76561197961895347
76561197961895350
76561197961895352
76561197961895355
76561197961895356
76561197961895357
76561197961895359
76561197961895360
76561197961895363
76561197961895370
76561197961895372
76561197961895375
76561197961895376
76561197961895377
76561197961895381
76561197961895382
76561197961895385
76561197961895390
76561197961895393
76561197961895396
76561197961895399
76561197961895402
76561197961895403
76561197961895404
76561197961895405
76561197961895408
76561197961895409
76561197961895410
76561197961895411
76561197961895413
76561197961895417
76561197961895418
76561197961895419
76561197961895422
76561197961895428
76561197961895430
76561197961895434
76561197961895437
76561197961895438
76561197961895441
76561197961895443
76561197961895445
76561197961895447
76561197961895448
76561197961895449
76561197961895451
76561197961895452
76561197961895453
76561197961895455
76561197961895458
76561197961895460
76561197961895464
76561197961895465
76561197961895466
76561197961895468
76561197961895469
76561197961895471
76561197961895472
76561197961895479
76561197961895482
76561197961895484
76561197961895485
76561197961895488
76561197961895490
76561197961895491
76561197961895494
76561197961895496
76561197961895501
76561197961895508
76561197961895513
76561197961895517
76561197961895520
76561197961895522
76561197961895523
76561197961895527
76561197961895532
76561197961895534
76561197961895536
76561197961895538
76561197961895540
76561197961895543
76561197961895545
76561197961895546
76561197961895547
76561197961895548
76561197961895549
76561197961895551
76561197961895555
76561197961895556
76561197961895557
76561197961895558
76561197961895559
76561197961895560
76561197961895564
76561197961895566
76561197961895568
76561197961895569
76561197961895571
76561197961895576
76561197961895580
76561197961895581
76561197961895582
76561197961895587
76561197961895590
76561197961895596
76561197961895598
76561197961895600
76561197961895601
76561197961895603
76561197961895605
76561197961895608
76561197961895609
76561197961895611
76561197961895612
76561197961895614
76561197961895615
76561197961895618
76561197961895619
76561197961895621
76561197961895629
76561197961895636
76561197961895638
76561197961895642
76561197961895644
76561197961895648
76561197961895649
76561197961895654
76561197961895655
76561197961895656
76561197961895660
76561197961895662
76561197961895665
76561197961895666
76561197961895667
76561197961895669
76561197961895670
76561197961895673
76561197961895674
76561197961895675
76561197961895676
76561197961895677
76561197961895678
76561197961895680
76561197961895681
76561197961895682
76561197961895684
76561197961895685
76561197961895690
76561197961895693
76561197961895696
76561197961895697
76561197961895698
76561197961895699
76561197961895701
76561197961895710
76561197961895711
76561197961895712
76561197961895713
76561197961895714
76561197961895718
76561197961895720
76561197961895723
76561197961895724
76561197961895726
76561197961895727
76561197961895729
76561197961895731
76561197961895738
76561197961895741
76561197961895744
76561197961895745
76561197961895746
76561197961895749
76561197961895753
76561197961895756
76561197961895766
76561197961895767
76561197961895768
76561197961895776
76561197961895785
76561197961895786
76561197961895787
76561197961895793
76561197961895795
76561197961895798
76561197961895806
76561197961895808
76561197961895811
76561197961895816
