76561197960946197
76561197960946198
76561197960946199
76561197960946200
76561197960946201
76561197960946203
76561197960946204
76561197960946205
76561197960946206
76561197960946207
76561197960946210
76561197960946211
76561197960946212
76561197960946214
76561197960946215
76561197960946216
76561197960946219
76561197960946220
76561197960946221
76561197960946223
76561197960946224
76561197960946225
76561197960946226
76561197960946227
76561197960946229
76561197960946231
76561197960946232
76561197960946234
76561197960946235
76561197960946237
76561197960946238
76561197960946242
76561197960946243
76561197960946244
76561197960946245
76561197960946246
76561197960946247
76561197960946248
76561197960946250
76561197960946251
76561197960946252
76561197960946253
76561197960946254
76561197960946255
76561197960946256
76561197960946257
76561197960946258
76561197960946260
76561197960946261
76561197960946262
76561197960946263
76561197960946264
76561197960946266
76561197960946268
76561197960946269
76561197960946270
76561197960946272
76561197960946273
76561197960946275
76561197960946276
76561197960946277
76561197960946278
76561197960946279
76561197960946281
76561197960946282
76561197960946283
76561197960946285
76561197960946286
76561197960946287
76561197960946288
76561197960946289
76561197960946290
76561197960946291
76561197960946292
76561197960946295
76561197960946296
76561197960946298
76561197960946299
76561197960946300
76561197960946301
76561197960946302
76561197960946303
76561197960946304
76561197960946305
76561197960946306
76561197960946308
76561197960946311
76561197960946316
76561197960946317
76561197960946320
76561197960946321
76561197960946322
76561197960946323
76561197960946324
76561197960946325
76561197960946326
76561197960946327
76561197960946331
76561197960946332
76561197960946333
76561197960946334
76561197960946335
76561197960946336
76561197960946341
76561197960946342
76561197960946343
76561197960946346
76561197960946347
76561197960946349
76561197960946350
76561197960946351
76561197960946352
76561197960946353
76561197960946354
76561197960946355
76561197960946356
76561197960946357
76561197960946359
76561197960946360
76561197960946361
76561197960946362
76561197960946363
76561197960946364
76561197960946365
76561197960946366
76561197960946367
76561197960946368
76561197960946369
76561197960946370
76561197960946372
76561197960946373
76561197960946374
76561197960946375
76561197960946378
76561197960946379
76561197960946380
76561197960946381
76561197960946382
76561197960946384
76561197960946387
76561197960946388
76561197960946389
76561197960946390
76561197960946392
76561197960946393
76561197960946394
76561197960946395
76561197960946396
76561197960946398
76561197960946401
76561197960946402
76561197960946403
76561197960946407
76561197960946409
76561197960946410
76561197960946411
76561197960946412
76561197960946413
76561197960946414
76561197960946415
76561197960946419
76561197960946420
76561197960946423
76561197960946424
76561197960946425
76561197960946427
76561197960946429
76561197960946431
76561197960946432
76561197960946434
76561197960946436
76561197960946438
76561197960946442
76561197960946444
76561197960946447
76561197960946448
76561197960946451
76561197960946452
76561197960946454
76561197960946455
76561197960946456
76561197960946460
76561197960946462
76561197960946465
76561197960946466
76561197960946467
76561197960946468
76561197960946472
76561197960946473
76561197960946474
76561197960946476
76561197960946477
76561197960946481
76561197960946482
76561197960946484
76561197960946485
76561197960946486
76561197960946487
76561197960946488
76561197960946489
76561197960946490
76561197960946491
76561197960946493
76561197960946494
76561197960946495
76561197960946496
76561197960946497
76561197960946499
76561197960946501
76561197960946502
76561197960946506
76561197960946507
76561197960946510
76561197960946511
76561197960946512
76561197960946514
76561197960946515
76561197960946516
76561197960946520
76561197960946522
76561197960946523
76561197960946525
76561197960946526
76561197960946527
76561197960946529
76561197960946530
76561197960946531
76561197960946536
76561197960946537
76561197960946538
76561197960946539
76561197960946540
76561197960946541
76561197960946542
76561197960946545
76561197960946546
76561197960946547
76561197960946548
76561197960946551
76561197960946553
76561197960946554
76561197960946555
76561197960946558
76561197960946559
76561197960946562
76561197960946563
76561197960946564
76561197960946566
76561197960946567
76561197960946569
76561197960946570
76561197960946571
76561197960946572
76561197960946576
76561197960946577
76561197960946578
76561197960946581
76561197960946582
76561197960946583
76561197960946584
76561197960946585
76561197960946586
76561197960946587
76561197960946588
76561197960946589
76561197960946590
76561197960946591
76561197960946592
76561197960946593
76561197960946594
76561197960946595
76561197960946596
76561197960946597
76561197960946598
76561197960946602
76561197960946604
76561197960946606
76561197960946607
76561197960946608
76561197960946609
76561197960946610
76561197960946611
76561197960946612
76561197960946613
76561197960946614
76561197960946615
76561197960946617
76561197960946618
76561197960946620
76561197960946622
76561197960946623
76561197960946624
76561197960946626
76561197960946627
76561197960946629
76561197960946631
76561197960946632
76561197960946633
76561197960946634
76561197960946635
76561197960946636
76561197960946637
76561197960946638
76561197960946642
76561197960946643
76561197960946644
76561197960946646
76561197960946647
76561197960946648
76561197960946651
76561197960946652
76561197960946653
76561197960946654
76561197960946656
76561197960946659
76561197960946660
76561197960946661
76561197960946662
76561197960946663
76561197960946664
76561197960946667
76561197960946668
76561197960946669
76561197960946670
76561197960946671
76561197960946672
76561197960946675
76561197960946677
76561197960946679
76561197960946680
76561197960946681
76561197960946682
76561197960946684
76561197960946685
76561197960946686
76561197960946687
76561197960946688
76561197960946690
76561197960946692
76561197960946693
76561197960946694
76561197960946695
76561197960946697
76561197960946698
76561197960946699
76561197960946700
76561197960946701
76561197960946703
76561197960946704
76561197960946705
76561197960946706
76561197960946707
76561197960946709
76561197960946711
76561197960946714
76561197960946715
76561197960946717
76561197960946718
76561197960946720
76561197960946725
76561197960946726
76561197960946727
76561197960946730
76561197960946732
76561197960946735
76561197960946736
76561197960946737
76561197960946738
76561197960946739
76561197960946740
76561197960946742
76561197960946745
76561197960946747
76561197960946749
76561197960946750
76561197960946751
76561197960946752
76561197960946753
76561197960946755
76561197960946758
76561197960946759
76561197960946760
76561197960946761
76561197960946763
76561197960946764
76561197960946765
76561197960946766
76561197960946767
76561197960946770
76561197960946772
76561197960946774
76561197960946776
76561197960946777
76561197960946778
76561197960946779
76561197960946780
76561197960946781
76561197960946783
76561197960946784
76561197960946786
76561197960946787
76561197960946789
76561197960946791
76561197960946792
76561197960946793
76561197960946794
76561197960946795
76561197960946797
76561197960946799
76561197960946802
76561197960946803
76561197960946804
76561197960946806
76561197960946807
76561197960946808
76561197960946809
76561197960946811
76561197960946812
76561197960946813
76561197960946815
76561197960946816
76561197960946817
76561197960946819
76561197960946820
76561197960946822
76561197960946823
76561197960946824
76561197960946825
76561197960946826
76561197960946827
76561197960946828
76561197960946829
76561197960946830
76561197960946831
76561197960946832
76561197960946833
76561197960946834
76561197960946836
76561197960946838
76561197960946839
76561197960946840
76561197960946841
76561197960946842
76561197960946843
76561197960946845
76561197960946846
76561197960946848
76561197960946849
76561197960946850
76561197960946851
76561197960946852
76561197960946854
76561197960946855
76561197960946856
76561197960946857
76561197960946858
76561197960946859
76561197960946860
76561197960946863
76561197960946864
76561197960946865
76561197960946867
76561197960946868
76561197960946869
76561197960946870
76561197960946871
76561197960946872
76561197960946876
76561197960946877
76561197960946878
76561197960946880
76561197960946881
76561197960946882
76561197960946883
76561197960946885
76561197960946886
76561197960946888
76561197960946890
76561197960946892
76561197960946893
76561197960946894
76561197960946895
76561197960946896
76561197960946897
76561197960946898
76561197960946899
76561197960946900
76561197960946901
76561197960946902
76561197960946905
76561197960946906
76561197960946907
76561197960946908
76561197960946910
76561197960946913
76561197960946917
76561197960946918
76561197960946920
76561197960946921
76561197960946924
76561197960946925
76561197960946926
76561197960946927
76561197960946928
76561197960946929
76561197960946930
76561197960946931
76561197960946933
76561197960946935
76561197960946938
76561197960946939
76561197960946940
76561197960946941
76561197960946942
76561197960946945
76561197960946947
76561197960946948
76561197960946949
76561197960946950
76561197960946957
76561197960946959
76561197960946960
76561197960946961
76561197960946962
76561197960946963
76561197960946964
76561197960946965
76561197960946966
76561197960946967
76561197960946968
76561197960946969
76561197960946971
76561197960946973
76561197960946977
76561197960946978
76561197960946980
76561197960946981
76561197960946982
76561197960946983
76561197960946985
76561197960946987
76561197960946989
76561197960946990
76561197960946991
76561197960946994
76561197960946997
76561197960946998
76561197960946999
76561197960947000
76561197960947001
76561197960947002
76561197960947003
76561197960947004
76561197960947005
76561197960947006
76561197960947007
76561197960947009
76561197960947011
76561197960947013
76561197960947015
76561197960947016
76561197960947017
76561197960947018
76561197960947019
76561197960947020
76561197960947021
76561197960947022
76561197960947023
76561197960947024
76561197960947025
76561197960947026
76561197960947027
76561197960947028
76561197960947029
76561197960947030
76561197960947031
76561197960947032
76561197960947033
76561197960947034
76561197960947035
76561197960947036
76561197960947037
76561197960947039
76561197960947041
76561197960947042
76561197960947044
76561197960947046
76561197960947048
76561197960947050
76561197960947051
76561197960947052
76561197960947053
76561197960947054
76561197960947056
76561197960947057
76561197960947058
76561197960947062
76561197960947063
76561197960947065
76561197960947066
76561197960947067
76561197960947068
76561197960947069
76561197960947070
76561197960947071
76561197960947072
76561197960947073
76561197960947075
76561197960947076
76561197960947077
76561197960947079
76561197960947080
76561197960947081
76561197960947082
76561197960947083
76561197960947085
76561197960947086
76561197960947087
76561197960947088
76561197960947089
76561197960947090
76561197960947095
76561197960947096
76561197960947097
76561197960947099
76561197960947102
76561197960947103
76561197960947104
76561197960947105
76561197960947106
76561197960947109
76561197960947110
76561197960947111
76561197960947112
76561197960947113
76561197960947114
76561197960947115
76561197960947116
76561197960947117
76561197960947119
76561197960947120
76561197960947122
76561197960947123
76561197960947124
76561197960947126
76561197960947127
76561197960947128
76561197960947129
76561197960947131
76561197960947132
76561197960947133
76561197960947134
76561197960947135
76561197960947136
76561197960947137
76561197960947141
76561197960947142
76561197960947144
76561197960947147
76561197960947148
76561197960947149
76561197960947151
76561197960947152
76561197960947153
76561197960947155
76561197960947157
76561197960947158
76561197960947159
76561197960947162
76561197960947163
76561197960947164
76561197960947165
76561197960947166
76561197960947167
76561197960947168
76561197960947169
76561197960947170
76561197960947171
76561197960947172
76561197960947173
76561197960947174
76561197960947175
76561197960947176
76561197960947177
76561197960947178
76561197960947179
76561197960947180
76561197960947182
76561197960947183
76561197960947184
76561197960947185
76561197960947186
76561197960947187
76561197960947189
76561197960947190
76561197960947191
76561197960947192
76561197960947193
76561197960947194
76561197960947195
76561197960947196
76561197960947197
76561197960947198
76561197960947199
76561197960947200
76561197960947201
76561197960947202
76561197960947203
76561197960947205
76561197960947206
76561197960947209
76561197960947210
76561197960947212
76561197960947214
76561197960947215
76561197960947216
76561197960947218
76561197960947219
76561197960947220
76561197960947221
76561197960947222
76561197960947224
76561197960947225
76561197960947226
76561197960947227
76561197960947228
76561197960947229
76561197960947230
76561197960947231
76561197960947232
76561197960947234
76561197960947235
76561197960947236
76561197960947237
76561197960947238
76561197960947240
76561197960947242
76561197960947243
76561197960947244
76561197960947245
76561197960947246
76561197960947247
76561197960947249
76561197960947250
76561197960947251
76561197960947252
76561197960947254
76561197960947255
76561197960947256
76561197960947257
76561197960947258
76561197960947259
76561197960947260
76561197960947261
76561197960947262
76561197960947266
76561197960947267
76561197960947268
76561197960947269
76561197960947270
76561197960947271
76561197960947272
76561197960947274
76561197960947276
76561197960947277
76561197960947278
76561197960947279
76561197960947280
76561197960947282
76561197960947285
76561197960947286
76561197960947289
76561197960947290
76561197960947291
76561197960947293
76561197960947295
76561197960947296
76561197960947297
76561197960947298
76561197960947299
76561197960947300
76561197960947302
76561197960947304
76561197960947305
76561197960947306
76561197960947307
76561197960947309
76561197960947310
76561197960947311
76561197960947312
76561197960947313
76561197960947315
76561197960947317
76561197960947318
76561197960947319
76561197960947320
76561197960947321
76561197960947322
76561197960947323
76561197960947326
76561197960947327
76561197960947328
76561197960947329
76561197960947330
76561197960947332
76561197960947333
76561197960947334
76561197960947335
76561197960947336
76561197960947337
76561197960947338
76561197960947339
76561197960947340
76561197960947342
76561197960947344
76561197960947345
76561197960947346
76561197960947347
76561197960947348
76561197960947349
76561197960947350
76561197960947352
76561197960947353
76561197960947357
76561197960947358
76561197960947359
76561197960947360
76561197960947362
76561197960947363
76561197960947364
76561197960947365
76561197960947366
76561197960947368
76561197960947369
76561197960947370
76561197960947371
76561197960947372
76561197960947373
76561197960947374
76561197960947375
76561197960947380
76561197960947383
76561197960947385
76561197960947386
76561197960947388
76561197960947389
76561197960947390
76561197960947391
76561197960947392
76561197960947393
76561197960947395
76561197960947396
76561197960947397
76561197960947399
76561197960947400
76561197960947401
76561197960947402
76561197960947403
76561197960947404
76561197960947405
76561197960947407
76561197960947408
76561197960947409
76561197960947410
76561197960947411
76561197960947412
76561197960947414
76561197960947416
76561197960947417
76561197960947418
76561197960947419
76561197960947420
76561197960947422
76561197960947423
76561197960947426
76561197960947428
76561197960947429
76561197960947430
76561197960947431
76561197960947432
76561197960947434
76561197960947435
76561197960947437
76561197960947438
76561197960947439
76561197960947441
76561197960947442
76561197960947444
76561197960947446
76561197960947447
76561197960947448
76561197960947449
76561197960947451
76561197960947452
76561197960947453
76561197960947454
76561197960947455
76561197960947456
76561197960947457
76561197960947458
76561197960947459
76561197960947460
76561197960947461
76561197960947463
76561197960947464
76561197960947465
76561197960947467
76561197960947468
76561197960947469
76561197960947471
76561197960947472
76561197960947473
76561197960947474
76561197960947475
76561197960947476
76561197960947480
76561197960947481
76561197960947482
76561197960947483
76561197960947484
76561197960947485
76561197960947486
76561197960947488
76561197960947489
76561197960947490
76561197960947491
76561197960947492
76561197960947493
76561197960947494
76561197960947495
76561197960947497
76561197960947498
76561197960947499
76561197960947500
76561197960947501
76561197960947503
76561197960947505
76561197960947506
76561197960947507
76561197960947509
76561197960947510
76561197960947513
76561197960947514
76561197960947515
76561197960947516
76561197960947517
76561197960947518
76561197960947519
76561197960947520
76561197960947521
76561197960947522
76561197960947524
76561197960947525
76561197960947526
76561197960947527
76561197960947528
76561197960947531
76561197960947532
76561197960947533
76561197960947535
76561197960947536
76561197960947537
76561197960947539
76561197960947541
76561197960947542
76561197960947543
76561197960947544
76561197960947549
76561197960947550
76561197960947551
76561197960947552
76561197960947553
76561197960947554
76561197960947555
76561197960947556
76561197960947558
76561197960947559
76561197960947561
76561197960947562
76561197960947564
76561197960947565
76561197960947568
76561197960947569
76561197960947570
76561197960947571
76561197960947572
76561197960947574
76561197960947575
76561197960947576
76561197960947577
76561197960947578
76561197960947581
76561197960947582
76561197960947583
76561197960947584
76561197960947585
76561197960947586
76561197960947587
76561197960947588
76561197960947589
