76561197961331750
76561197961331751
76561197961331752
76561197961331753
76561197961331755
76561197961331756
76561197961331757
76561197961331761
76561197961331764
76561197961331765
76561197961331768
76561197961331770
76561197961331771
76561197961331772
76561197961331777
76561197961331779
76561197961331787
76561197961331793
76561197961331797
76561197961331799
76561197961331801
76561197961331803
76561197961331804
76561197961331805
76561197961331807
76561197961331808
76561197961331809
76561197961331810
76561197961331811
76561197961331814
76561197961331815
76561197961331818
76561197961331820
76561197961331824
76561197961331825
76561197961331826
76561197961331829
76561197961331830
76561197961331831
76561197961331833
76561197961331834
76561197961331835
76561197961331836
76561197961331837
76561197961331840
76561197961331844
76561197961331848
76561197961331849
76561197961331851
76561197961331855
76561197961331857
76561197961331860
76561197961331861
76561197961331862
76561197961331870
76561197961331871
76561197961331873
76561197961331875
76561197961331876
76561197961331883
76561197961331884
76561197961331889
76561197961331893
76561197961331895
76561197961331898
76561197961331899
76561197961331900
76561197961331904
76561197961331906
76561197961331909
76561197961331912
76561197961331914
76561197961331919
76561197961331925
76561197961331926
76561197961331927
76561197961331928
76561197961331929
76561197961331933
76561197961331934
76561197961331936
76561197961331942
76561197961331944
76561197961331945
76561197961331946
76561197961331948
76561197961331950
76561197961331953
76561197961331954
76561197961331955
76561197961331957
76561197961331963
76561197961331965
76561197961331968
76561197961331971
76561197961331972
76561197961331975
76561197961331980
76561197961331981
76561197961331984
76561197961331985
76561197961331991
76561197961331994
76561197961331995
76561197961332001
76561197961332002
76561197961332007
76561197961332008
76561197961332010
76561197961332013
76561197961332015
76561197961332022
76561197961332027
76561197961332029
76561197961332031
76561197961332034
76561197961332036
76561197961332039
76561197961332041
76561197961332044
76561197961332046
76561197961332049
76561197961332050
76561197961332051
76561197961332056
76561197961332057
76561197961332062
76561197961332064
76561197961332065
76561197961332066
76561197961332069
76561197961332072
76561197961332074
76561197961332075
76561197961332077
76561197961332078
76561197961332082
76561197961332083
76561197961332085
76561197961332086
76561197961332088
76561197961332092
76561197961332093
76561197961332097
76561197961332104
76561197961332105
76561197961332108
76561197961332109
76561197961332112
76561197961332113
76561197961332115
76561197961332116
76561197961332118
76561197961332120
76561197961332121
76561197961332123
76561197961332125
76561197961332127
76561197961332128
76561197961332131
76561197961332133
76561197961332137
76561197961332142
76561197961332145
76561197961332146
76561197961332147
76561197961332150
76561197961332151
76561197961332153
76561197961332157
76561197961332160
76561197961332164
76561197961332165
76561197961332167
76561197961332169
76561197961332173
76561197961332174
76561197961332175
76561197961332178
76561197961332179
76561197961332185
76561197961332186
76561197961332187
76561197961332188
76561197961332191
76561197961332193
76561197961332195
76561197961332198
76561197961332200
76561197961332201
76561197961332202
76561197961332203
76561197961332206
76561197961332211
76561197961332214
76561197961332218
76561197961332223
76561197961332224
76561197961332228
76561197961332229
76561197961332231
76561197961332233
76561197961332241
76561197961332245
76561197961332248
76561197961332249
76561197961332251
76561197961332253
76561197961332254
76561197961332255
76561197961332256
76561197961332259
76561197961332263
76561197961332266
76561197961332267
76561197961332268
76561197961332269
76561197961332278
76561197961332282
76561197961332283
76561197961332284
76561197961332286
76561197961332291
76561197961332293
76561197961332294
76561197961332295
76561197961332298
76561197961332299
76561197961332301
76561197961332305
76561197961332307
76561197961332311
76561197961332315
76561197961332316
76561197961332318
76561197961332321
76561197961332322
76561197961332323
76561197961332326
76561197961332327
76561197961332328
76561197961332330
76561197961332331
76561197961332332
76561197961332341
76561197961332347
76561197961332348
76561197961332349
76561197961332352
76561197961332356
76561197961332357
76561197961332358
76561197961332359
76561197961332360
76561197961332361
76561197961332364
76561197961332365
76561197961332366
76561197961332369
76561197961332370
76561197961332373
76561197961332376
76561197961332377
76561197961332379
76561197961332380
76561197961332386
76561197961332389
76561197961332390
76561197961332391
76561197961332392
76561197961332393
76561197961332397
76561197961332400
76561197961332402
76561197961332407
76561197961332408
76561197961332416
76561197961332417
76561197961332425
76561197961332426
76561197961332427
76561197961332428
76561197961332429
76561197961332430
76561197961332437
76561197961332438
76561197961332442
76561197961332444
76561197961332445
76561197961332447
76561197961332448
76561197961332449
76561197961332450
76561197961332453
76561197961332455
76561197961332456
76561197961332457
76561197961332460
76561197961332462
76561197961332463
76561197961332468
76561197961332469
76561197961332470
76561197961332471
76561197961332476
76561197961332478
76561197961332483
76561197961332486
76561197961332487
76561197961332488
76561197961332489
76561197961332491
76561197961332492
76561197961332503
76561197961332515
76561197961332518
76561197961332519
76561197961332520
76561197961332521
76561197961332523
76561197961332525
76561197961332532
76561197961332537
76561197961332538
76561197961332539
76561197961332542
76561197961332547
76561197961332552
76561197961332554
76561197961332555
76561197961332559
76561197961332560
76561197961332562
76561197961332563
76561197961332566
76561197961332572
76561197961332574
76561197961332575
76561197961332580
76561197961332581
76561197961332582
76561197961332583
76561197961332585
76561197961332588
76561197961332589
76561197961332590
76561197961332595
76561197961332596
76561197961332597
76561197961332598
76561197961332599
76561197961332602
76561197961332603
76561197961332605
76561197961332607
76561197961332608
76561197961332610
76561197961332614
76561197961332615
76561197961332618
76561197961332619
76561197961332626
76561197961332627
76561197961332629
76561197961332631
76561197961332633
76561197961332635
76561197961332636
76561197961332637
76561197961332639
76561197961332640
76561197961332642
76561197961332644
76561197961332649
76561197961332650
76561197961332651
76561197961332652
76561197961332653
76561197961332657
76561197961332659
76561197961332663
76561197961332666
76561197961332667
76561197961332668
76561197961332674
76561197961332676
76561197961332679
76561197961332683
76561197961332687
76561197961332697
76561197961332699
76561197961332700
76561197961332702
76561197961332703
76561197961332715
76561197961332716
76561197961332718
76561197961332724
76561197961332728
76561197961332729
76561197961332734
76561197961332736
76561197961332739
76561197961332742
76561197961332744
76561197961332746
76561197961332748
76561197961332754
76561197961332755
76561197961332761
76561197961332764
76561197961332765
76561197961332771
76561197961332773
76561197961332774
76561197961332776
76561197961332779
76561197961332781
76561197961332786
76561197961332787
76561197961332790
76561197961332791
76561197961332792
76561197961332798
76561197961332801
76561197961332804
76561197961332805
76561197961332806
76561197961332809
76561197961332813
76561197961332817
76561197961332824
76561197961332826
76561197961332829
76561197961332831
76561197961332832
76561197961332833
76561197961332837
76561197961332838
76561197961332839
76561197961332842
76561197961332848
76561197961332850
76561197961332851
76561197961332854
76561197961332858
76561197961332859
76561197961332864
76561197961332866
76561197961332868
76561197961332869
76561197961332870
76561197961332878
76561197961332879
76561197961332880
76561197961332881
76561197961332884
76561197961332885
76561197961332887
76561197961332889
76561197961332890
76561197961332893
76561197961332895
76561197961332896
76561197961332899
76561197961332900
76561197961332904
76561197961332905
76561197961332906
76561197961332909
76561197961332910
76561197961332911
76561197961332920
76561197961332921
76561197961332924
76561197961332927
76561197961332930
76561197961332931
76561197961332932
76561197961332939
76561197961332941
76561197961332954
76561197961332956
76561197961332959
76561197961332960
76561197961332962
76561197961332964
76561197961332968
76561197961332969
76561197961332970
76561197961332971
76561197961332973
76561197961332974
76561197961332975
76561197961332977
76561197961332980
76561197961332981
76561197961332987
76561197961332988
76561197961332991
76561197961332993
76561197961332994
76561197961332996
76561197961332997
76561197961333002
76561197961333004
76561197961333006
76561197961333007
76561197961333010
76561197961333014
76561197961333015
76561197961333018
76561197961333019
76561197961333020
76561197961333024
76561197961333025
76561197961333027
76561197961333028
76561197961333030
76561197961333031
76561197961333032
76561197961333033
76561197961333034
76561197961333035
76561197961333037
76561197961333038
76561197961333043
76561197961333044
76561197961333045
76561197961333046
76561197961333047
76561197961333050
76561197961333051
76561197961333056
76561197961333058
76561197961333060
76561197961333062
76561197961333064
76561197961333065
76561197961333071
76561197961333072
76561197961333075
76561197961333077
76561197961333080
76561197961333083
76561197961333088
76561197961333089
76561197961333090
76561197961333094
76561197961333099
76561197961333102
76561197961333104
76561197961333105
76561197961333106
76561197961333107
76561197961333110
76561197961333114
76561197961333116
76561197961333117
76561197961333118
76561197961333119
76561197961333126
76561197961333128
76561197961333130
76561197961333132
76561197961333133
76561197961333134
76561197961333137
76561197961333140
76561197961333141
76561197961333142
76561197961333143
76561197961333149
76561197961333150
76561197961333152
76561197961333153
76561197961333155
76561197961333157
76561197961333159
76561197961333161
76561197961333163
76561197961333164
76561197961333166
76561197961333170
76561197961333173
76561197961333176
76561197961333178
76561197961333179
76561197961333181
76561197961333182
76561197961333183
76561197961333184
76561197961333188
76561197961333189
76561197961333190
76561197961333191
76561197961333192
76561197961333195
76561197961333198
76561197961333206
76561197961333210
76561197961333211
76561197961333213
76561197961333214
76561197961333215
76561197961333217
76561197961333226
76561197961333230
76561197961333232
76561197961333237
76561197961333240
76561197961333241
76561197961333242
76561197961333244
76561197961333246
76561197961333247
76561197961333248
76561197961333249
76561197961333253
76561197961333254
76561197961333255
76561197961333257
76561197961333258
76561197961333260
76561197961333261
76561197961333262
76561197961333267
76561197961333270
76561197961333271
76561197961333272
76561197961333276
76561197961333277
76561197961333281
76561197961333283
76561197961333284
76561197961333285
76561197961333286
76561197961333291
76561197961333292
76561197961333293
76561197961333294
76561197961333299
76561197961333301
76561197961333302
76561197961333304
76561197961333306
76561197961333308
76561197961333312
76561197961333313
76561197961333315
76561197961333316
76561197961333318
76561197961333319
76561197961333320
76561197961333321
76561197961333323
76561197961333324
76561197961333327
76561197961333328
76561197961333329
76561197961333331
76561197961333333
76561197961333334
76561197961333339
76561197961333340
76561197961333341
76561197961333343
76561197961333344
76561197961333348
76561197961333349
76561197961333352
76561197961333355
76561197961333357
76561197961333359
76561197961333361
76561197961333362
76561197961333364
76561197961333366
76561197961333367
76561197961333369
76561197961333370
76561197961333372
76561197961333374
76561197961333377
76561197961333383
76561197961333386
76561197961333387
76561197961333388
76561197961333390
76561197961333392
76561197961333393
76561197961333396
76561197961333397
76561197961333398
76561197961333399
76561197961333400
76561197961333401
76561197961333402
76561197961333406
76561197961333408
76561197961333409
76561197961333410
76561197961333411
76561197961333412
76561197961333414
76561197961333415
76561197961333416
76561197961333421
76561197961333422
76561197961333425
76561197961333426
76561197961333427
76561197961333431
76561197961333434
76561197961333436
76561197961333437
76561197961333440
76561197961333441
76561197961333445
76561197961333449
76561197961333452
76561197961333455
76561197961333456
76561197961333459
76561197961333460
76561197961333461
76561197961333466
76561197961333469
76561197961333474
76561197961333477
76561197961333478
76561197961333481
76561197961333484
76561197961333486
76561197961333487
76561197961333491
76561197961333492
76561197961333493
76561197961333494
76561197961333496
76561197961333497
76561197961333498
76561197961333499
76561197961333500
76561197961333501
76561197961333502
76561197961333505
76561197961333507
76561197961333508
76561197961333509
76561197961333510
76561197961333514
76561197961333516
76561197961333521
76561197961333523
76561197961333524
76561197961333525
76561197961333528
76561197961333533
76561197961333535
76561197961333536
76561197961333538
76561197961333539
76561197961333542
76561197961333547
76561197961333548
76561197961333550
76561197961333553
76561197961333554
76561197961333555
76561197961333556
76561197961333559
76561197961333561
76561197961333562
76561197961333563
76561197961333564
76561197961333565
76561197961333568
76561197961333569
76561197961333571
76561197961333572
76561197961333573
76561197961333574
76561197961333576
76561197961333577
76561197961333578
76561197961333579
76561197961333584
76561197961333586
76561197961333588
76561197961333589
76561197961333592
76561197961333593
76561197961333595
76561197961333596
76561197961333597
76561197961333598
76561197961333599
76561197961333601
76561197961333603
76561197961333609
76561197961333611
76561197961333612
76561197961333614
76561197961333619
76561197961333621
76561197961333624
76561197961333629
76561197961333633
76561197961333634
76561197961333635
76561197961333636
76561197961333638
76561197961333643
76561197961333644
76561197961333645
76561197961333647
76561197961333648
76561197961333649
76561197961333651
76561197961333652
76561197961333656
76561197961333657
76561197961333658
76561197961333659
76561197961333666
76561197961333667
76561197961333670
76561197961333675
76561197961333678
76561197961333679
76561197961333682
76561197961333683
76561197961333684
76561197961333686
76561197961333688
76561197961333693
76561197961333694
76561197961333695
76561197961333699
76561197961333702
76561197961333704
76561197961333705
76561197961333706
76561197961333708
76561197961333711
76561197961333714
76561197961333716
76561197961333720
76561197961333721
76561197961333723
76561197961333725
76561197961333726
76561197961333727
76561197961333728
76561197961333731
76561197961333734
76561197961333735
76561197961333739
76561197961333740
76561197961333741
76561197961333744
76561197961333745
76561197961333746
76561197961333747
76561197961333751
76561197961333752
76561197961333754
76561197961333756
76561197961333759
76561197961333764
76561197961333769
76561197961333770
76561197961333771
76561197961333776
76561197961333777
76561197961333778
76561197961333781
76561197961333782
76561197961333784
76561197961333791
76561197961333793
76561197961333795
76561197961333796
76561197961333800
76561197961333802
76561197961333812
76561197961333813
76561197961333814
76561197961333816
76561197961333820
76561197961333821
76561197961333822
76561197961333823
76561197961333824
76561197961333825
76561197961333826
76561197961333827
76561197961333828
76561197961333830
76561197961333833
76561197961333835
76561197961333838
76561197961333840
76561197961333841
76561197961333843
76561197961333846
76561197961333848
76561197961333855
76561197961333856
76561197961333857
76561197961333860
76561197961333863
76561197961333864
76561197961333870
76561197961333872
76561197961333877
76561197961333878
76561197961333879
76561197961333880
76561197961333882
76561197961333883
76561197961333886
76561197961333887
76561197961333892
76561197961333893
76561197961333894
76561197961333899
76561197961333900
76561197961333902
76561197961333907
76561197961333910
76561197961333911
76561197961333913
76561197961333916
76561197961333920
76561197961333921
76561197961333922
76561197961333924
76561197961333927
76561197961333929
76561197961333930
76561197961333934
76561197961333935
76561197961333939
76561197961333944
76561197961333945
76561197961333947
76561197961333948
76561197961333949
76561197961333951
76561197961333952
76561197961333954
76561197961333955
76561197961333956
76561197961333957
76561197961333958
76561197961333960
76561197961333962
76561197961333964
76561197961333970
76561197961333971
76561197961333972
76561197961333973
76561197961333974
76561197961333976
76561197961333979
76561197961333983
76561197961333984
76561197961333985
76561197961333991
76561197961333993
76561197961333994
76561197961333997
76561197961333998
76561197961334002
76561197961334007
76561197961334009
76561197961334012
76561197961334013
76561197961334019
76561197961334023
76561197961334024
76561197961334025
76561197961334027
76561197961334029
76561197961334032
76561197961334033
76561197961334035
76561197961334037
76561197961334039
76561197961334041
76561197961334043
76561197961334044
76561197961334047
76561197961334051
76561197961334053
76561197961334055
76561197961334057
76561197961334058
