76561197961145682
76561197961145683
76561197961145685
76561197961145686
76561197961145687
76561197961145689
76561197961145690
76561197961145692
76561197961145694
76561197961145696
76561197961145697
76561197961145699
76561197961145700
76561197961145701
76561197961145702
76561197961145703
76561197961145706
76561197961145707
76561197961145709
76561197961145710
76561197961145711
76561197961145712
76561197961145713
76561197961145715
76561197961145716
76561197961145717
76561197961145718
76561197961145719
76561197961145720
76561197961145721
76561197961145722
76561197961145723
76561197961145724
76561197961145725
76561197961145726
76561197961145727
76561197961145728
76561197961145729
76561197961145730
76561197961145731
76561197961145732
76561197961145734
76561197961145736
76561197961145737
76561197961145738
76561197961145739
76561197961145742
76561197961145743
76561197961145744
76561197961145746
76561197961145748
76561197961145751
76561197961145752
76561197961145754
76561197961145756
76561197961145757
76561197961145758
76561197961145759
76561197961145760
76561197961145763
76561197961145764
76561197961145766
76561197961145768
76561197961145769
76561197961145770
76561197961145771
76561197961145773
76561197961145774
76561197961145778
76561197961145780
76561197961145781
76561197961145782
76561197961145783
76561197961145784
76561197961145786
76561197961145788
76561197961145789
76561197961145795
76561197961145796
76561197961145797
76561197961145799
76561197961145802
76561197961145803
76561197961145804
76561197961145805
76561197961145809
76561197961145810
76561197961145811
76561197961145812
76561197961145813
76561197961145814
76561197961145816
76561197961145821
76561197961145822
76561197961145823
76561197961145824
76561197961145825
76561197961145827
76561197961145828
76561197961145830
76561197961145832
76561197961145833
76561197961145835
76561197961145836
76561197961145838
76561197961145840
76561197961145841
76561197961145844
76561197961145845
76561197961145848
76561197961145850
76561197961145851
76561197961145852
76561197961145854
76561197961145856
76561197961145858
76561197961145859
76561197961145860
76561197961145862
76561197961145863
76561197961145864
76561197961145865
76561197961145867
76561197961145868
76561197961145869
76561197961145875
76561197961145876
76561197961145877
76561197961145878
76561197961145879
76561197961145882
76561197961145884
76561197961145885
76561197961145886
76561197961145887
76561197961145888
76561197961145889
76561197961145890
76561197961145891
76561197961145892
76561197961145893
76561197961145894
76561197961145895
76561197961145896
76561197961145898
76561197961145899
76561197961145900
76561197961145902
76561197961145903
76561197961145904
76561197961145907
76561197961145908
76561197961145909
76561197961145911
76561197961145913
76561197961145914
76561197961145915
76561197961145916
76561197961145917
76561197961145918
76561197961145920
76561197961145921
76561197961145922
76561197961145923
76561197961145924
76561197961145925
76561197961145926
76561197961145927
76561197961145928
76561197961145930
76561197961145931
76561197961145935
76561197961145936
76561197961145937
76561197961145939
76561197961145942
76561197961145944
76561197961145947
76561197961145948
76561197961145950
76561197961145951
76561197961145952
76561197961145954
76561197961145955
76561197961145956
76561197961145960
76561197961145961
76561197961145962
76561197961145963
76561197961145965
76561197961145968
76561197961145969
76561197961145970
76561197961145971
76561197961145972
76561197961145973
76561197961145979
76561197961145980
76561197961145983
76561197961145984
76561197961145985
76561197961145989
76561197961145992
76561197961145993
76561197961145994
76561197961145997
76561197961145998
76561197961146000
76561197961146001
76561197961146003
76561197961146005
76561197961146006
76561197961146007
76561197961146008
76561197961146010
76561197961146014
76561197961146015
76561197961146016
76561197961146017
76561197961146019
76561197961146021
76561197961146023
76561197961146024
76561197961146025
76561197961146027
76561197961146028
76561197961146030
76561197961146031
76561197961146032
76561197961146034
76561197961146035
76561197961146038
76561197961146039
76561197961146040
76561197961146041
76561197961146042
76561197961146043
76561197961146044
76561197961146046
76561197961146047
76561197961146049
76561197961146050
76561197961146052
76561197961146053
76561197961146054
76561197961146055
76561197961146056
76561197961146057
76561197961146058
76561197961146059
76561197961146060
76561197961146063
76561197961146064
76561197961146065
76561197961146067
76561197961146068
76561197961146069
76561197961146071
76561197961146072
76561197961146073
76561197961146074
76561197961146075
76561197961146080
76561197961146081
76561197961146082
76561197961146083
76561197961146084
76561197961146085
76561197961146086
76561197961146087
76561197961146088
76561197961146090
76561197961146092
76561197961146094
76561197961146095
76561197961146096
76561197961146097
76561197961146098
76561197961146099
76561197961146100
76561197961146102
76561197961146103
76561197961146105
76561197961146106
76561197961146107
76561197961146113
76561197961146114
76561197961146117
76561197961146119
76561197961146120
76561197961146122
76561197961146123
76561197961146124
76561197961146125
76561197961146126
76561197961146128
76561197961146129
76561197961146131
76561197961146132
76561197961146134
76561197961146140
76561197961146144
76561197961146145
76561197961146147
76561197961146149
76561197961146150
76561197961146152
76561197961146153
76561197961146154
76561197961146155
76561197961146156
76561197961146157
76561197961146159
76561197961146161
76561197961146163
76561197961146164
76561197961146165
76561197961146167
76561197961146168
76561197961146169
76561197961146170
76561197961146171
76561197961146172
76561197961146173
76561197961146175
76561197961146176
76561197961146179
76561197961146180
76561197961146181
76561197961146182
76561197961146184
76561197961146185
76561197961146188
76561197961146189
76561197961146190
76561197961146193
76561197961146194
76561197961146195
76561197961146197
76561197961146199
76561197961146200
76561197961146203
76561197961146205
76561197961146206
76561197961146208
76561197961146209
76561197961146210
76561197961146211
76561197961146212
76561197961146213
76561197961146215
76561197961146216
76561197961146217
76561197961146218
76561197961146220
76561197961146221
76561197961146222
76561197961146223
76561197961146226
76561197961146228
76561197961146230
76561197961146231
76561197961146233
76561197961146235
76561197961146236
76561197961146238
76561197961146239
76561197961146241
76561197961146242
76561197961146243
76561197961146244
76561197961146245
76561197961146246
76561197961146248
76561197961146249
76561197961146256
76561197961146257
76561197961146258
76561197961146259
76561197961146260
76561197961146262
76561197961146264
76561197961146266
76561197961146268
76561197961146269
76561197961146270
76561197961146271
76561197961146272
76561197961146273
76561197961146274
76561197961146275
76561197961146276
76561197961146277
76561197961146279
76561197961146282
76561197961146283
76561197961146285
76561197961146287
76561197961146288
76561197961146289
76561197961146290
76561197961146292
76561197961146295
76561197961146296
76561197961146297
76561197961146298
76561197961146299
76561197961146300
76561197961146302
76561197961146303
76561197961146304
76561197961146305
76561197961146307
76561197961146308
76561197961146309
76561197961146312
76561197961146313
76561197961146314
76561197961146315
76561197961146316
76561197961146318
76561197961146319
76561197961146321
76561197961146325
76561197961146327
76561197961146328
76561197961146329
76561197961146330
76561197961146331
76561197961146333
76561197961146334
76561197961146335
76561197961146336
76561197961146337
76561197961146340
76561197961146341
76561197961146342
76561197961146343
76561197961146346
76561197961146349
76561197961146350
76561197961146351
76561197961146352
76561197961146353
76561197961146354
76561197961146355
76561197961146356
76561197961146359
76561197961146360
76561197961146361
76561197961146362
76561197961146363
76561197961146364
76561197961146366
76561197961146367
76561197961146368
76561197961146369
76561197961146370
76561197961146374
76561197961146375
76561197961146376
76561197961146378
76561197961146382
76561197961146383
76561197961146384
76561197961146386
76561197961146387
76561197961146390
76561197961146391
76561197961146393
76561197961146396
76561197961146397
76561197961146399
76561197961146400
76561197961146401
76561197961146402
76561197961146403
76561197961146405
76561197961146406
76561197961146407
76561197961146408
76561197961146410
76561197961146411
76561197961146412
76561197961146416
76561197961146417
76561197961146418
76561197961146420
76561197961146421
76561197961146422
76561197961146424
76561197961146425
76561197961146426
76561197961146427
76561197961146429
76561197961146430
76561197961146431
76561197961146433
76561197961146434
76561197961146435
76561197961146436
76561197961146437
76561197961146438
76561197961146440
76561197961146442
76561197961146444
76561197961146446
76561197961146447
76561197961146448
76561197961146449
76561197961146451
76561197961146452
76561197961146453
76561197961146454
76561197961146455
76561197961146456
76561197961146457
76561197961146458
76561197961146460
76561197961146462
76561197961146463
76561197961146467
76561197961146468
76561197961146469
76561197961146470
76561197961146471
76561197961146472
76561197961146474
76561197961146475
76561197961146476
76561197961146477
76561197961146478
76561197961146479
76561197961146480
76561197961146482
76561197961146483
76561197961146484
76561197961146485
76561197961146489
76561197961146490
76561197961146493
76561197961146495
76561197961146496
76561197961146497
76561197961146498
76561197961146500
76561197961146501
76561197961146502
76561197961146503
76561197961146504
76561197961146505
76561197961146506
76561197961146507
76561197961146508
76561197961146509
76561197961146512
76561197961146513
76561197961146514
76561197961146515
76561197961146517
76561197961146518
76561197961146519
76561197961146520
76561197961146521
76561197961146522
76561197961146523
76561197961146524
76561197961146527
76561197961146528
76561197961146529
76561197961146530
76561197961146531
76561197961146532
76561197961146534
76561197961146536
76561197961146538
76561197961146540
76561197961146542
76561197961146543
76561197961146544
76561197961146545
76561197961146548
76561197961146549
76561197961146551
76561197961146552
76561197961146553
76561197961146554
76561197961146555
76561197961146556
76561197961146558
76561197961146559
76561197961146563
76561197961146565
76561197961146566
76561197961146569
76561197961146572
76561197961146573
76561197961146574
76561197961146576
76561197961146577
76561197961146578
76561197961146579
76561197961146580
76561197961146582
76561197961146583
76561197961146585
76561197961146586
76561197961146587
76561197961146589
76561197961146592
76561197961146594
76561197961146596
76561197961146599
76561197961146600
76561197961146602
76561197961146604
76561197961146607
76561197961146610
76561197961146612
76561197961146613
76561197961146615
76561197961146616
76561197961146620
76561197961146622
76561197961146625
76561197961146626
76561197961146627
76561197961146635
76561197961146636
76561197961146637
76561197961146638
76561197961146639
76561197961146640
76561197961146641
76561197961146643
76561197961146646
76561197961146647
76561197961146649
76561197961146650
76561197961146651
76561197961146653
76561197961146654
76561197961146657
76561197961146658
76561197961146659
76561197961146660
76561197961146661
76561197961146662
76561197961146664
76561197961146665
76561197961146667
76561197961146668
76561197961146671
76561197961146674
76561197961146675
76561197961146676
76561197961146680
76561197961146682
76561197961146687
76561197961146690
76561197961146691
76561197961146692
76561197961146693
76561197961146694
76561197961146695
76561197961146696
76561197961146700
76561197961146701
76561197961146703
76561197961146705
76561197961146706
76561197961146707
76561197961146708
76561197961146709
76561197961146710
76561197961146711
76561197961146712
76561197961146717
76561197961146718
76561197961146720
76561197961146723
76561197961146724
76561197961146725
76561197961146728
76561197961146730
76561197961146731
76561197961146732
76561197961146733
76561197961146734
76561197961146736
76561197961146740
76561197961146741
76561197961146742
76561197961146745
76561197961146746
76561197961146747
76561197961146749
76561197961146750
76561197961146751
76561197961146752
76561197961146757
76561197961146761
76561197961146764
76561197961146765
76561197961146769
76561197961146771
76561197961146773
76561197961146774
76561197961146775
76561197961146777
76561197961146782
76561197961146784
76561197961146785
76561197961146786
76561197961146787
76561197961146788
76561197961146790
76561197961146792
76561197961146793
76561197961146795
76561197961146796
76561197961146797
76561197961146798
76561197961146799
76561197961146801
76561197961146803
76561197961146804
76561197961146806
76561197961146807
76561197961146808
76561197961146810
76561197961146811
76561197961146813
76561197961146816
76561197961146817
76561197961146818
76561197961146819
76561197961146821
76561197961146825
76561197961146826
76561197961146828
76561197961146829
76561197961146831
76561197961146832
76561197961146833
76561197961146834
76561197961146835
76561197961146836
76561197961146839
76561197961146840
76561197961146841
76561197961146843
76561197961146845
76561197961146847
76561197961146848
76561197961146850
76561197961146851
76561197961146852
76561197961146853
76561197961146855
76561197961146856
76561197961146857
76561197961146858
76561197961146860
76561197961146861
76561197961146862
76561197961146863
76561197961146864
76561197961146865
76561197961146866
76561197961146867
76561197961146869
76561197961146872
76561197961146874
76561197961146876
76561197961146877
76561197961146878
76561197961146879
76561197961146880
76561197961146881
76561197961146882
76561197961146883
76561197961146884
76561197961146887
76561197961146888
76561197961146889
76561197961146890
76561197961146891
76561197961146893
76561197961146894
76561197961146895
76561197961146896
76561197961146897
76561197961146899
76561197961146900
76561197961146902
76561197961146903
76561197961146905
76561197961146906
76561197961146909
76561197961146911
76561197961146914
76561197961146915
76561197961146916
76561197961146917
76561197961146920
76561197961146923
76561197961146925
76561197961146926
76561197961146927
76561197961146930
76561197961146932
76561197961146936
76561197961146939
76561197961146941
76561197961146942
76561197961146944
76561197961146945
76561197961146946
76561197961146948
76561197961146952
76561197961146953
76561197961146954
76561197961146955
76561197961146956
76561197961146957
76561197961146959
76561197961146962
76561197961146963
76561197961146964
76561197961146965
76561197961146966
76561197961146967
76561197961146968
76561197961146969
76561197961146971
76561197961146972
76561197961146973
76561197961146974
76561197961146977
76561197961146979
76561197961146982
76561197961146983
76561197961146984
76561197961146986
76561197961146994
76561197961146995
76561197961146996
76561197961146998
76561197961147000
76561197961147001
76561197961147002
76561197961147003
76561197961147004
76561197961147005
76561197961147007
76561197961147010
76561197961147012
76561197961147013
76561197961147014
76561197961147018
76561197961147020
76561197961147023
76561197961147025
76561197961147026
76561197961147027
76561197961147028
76561197961147029
76561197961147030
76561197961147031
76561197961147032
76561197961147033
76561197961147036
76561197961147038
76561197961147040
76561197961147041
76561197961147042
76561197961147044
76561197961147045
76561197961147048
76561197961147049
76561197961147050
76561197961147051
76561197961147052
76561197961147053
76561197961147055
76561197961147056
76561197961147057
76561197961147059
76561197961147060
76561197961147061
76561197961147062
76561197961147063
76561197961147064
76561197961147067
76561197961147068
76561197961147069
76561197961147070
76561197961147071
76561197961147073
76561197961147074
76561197961147075
76561197961147076
76561197961147082
76561197961147084
76561197961147085
76561197961147087
76561197961147089
76561197961147090
76561197961147091
76561197961147092
76561197961147093
76561197961147094
76561197961147095
76561197961147097
76561197961147098
76561197961147099
76561197961147101
76561197961147103
76561197961147104
76561197961147105
76561197961147107
76561197961147108
76561197961147109
76561197961147110
76561197961147111
76561197961147112
76561197961147115
76561197961147116
76561197961147117
76561197961147120
76561197961147122
76561197961147123
76561197961147124
76561197961147126
76561197961147127
76561197961147128
76561197961147130
76561197961147131
76561197961147132
76561197961147133
76561197961147134
76561197961147136
76561197961147137
76561197961147139
76561197961147140
76561197961147141
76561197961147145
76561197961147147
76561197961147148
76561197961147151
76561197961147152
76561197961147154
76561197961147155
76561197961147158
76561197961147159
76561197961147160
76561197961147161
76561197961147162
76561197961147163
76561197961147164
76561197961147167
76561197961147169
76561197961147171
76561197961147173
76561197961147175
76561197961147176
76561197961147177
76561197961147179
76561197961147182
76561197961147184
76561197961147185
76561197961147187
76561197961147188
76561197961147190
76561197961147196
76561197961147197
76561197961147198
76561197961147199
76561197961147202
76561197961147204
76561197961147205
76561197961147206
76561197961147207
76561197961147211
76561197961147213
76561197961147214
76561197961147216
76561197961147217
76561197961147218
76561197961147220
76561197961147222
76561197961147223
76561197961147227
76561197961147228
76561197961147231
76561197961147232
76561197961147233
76561197961147234
76561197961147235
