76561197960689009
76561197960689010
76561197960689011
76561197960689012
76561197960689013
76561197960689015
76561197960689019
76561197960689020
76561197960689021
76561197960689022
76561197960689023
76561197960689025
76561197960689027
76561197960689028
76561197960689029
76561197960689031
76561197960689032
76561197960689033
76561197960689035
76561197960689037
76561197960689038
76561197960689039
76561197960689042
76561197960689044
76561197960689046
76561197960689048
76561197960689049
76561197960689050
76561197960689052
76561197960689053
76561197960689056
76561197960689057
76561197960689058
76561197960689059
76561197960689061
76561197960689062
76561197960689063
76561197960689064
76561197960689065
76561197960689066
76561197960689068
76561197960689069
76561197960689070
76561197960689071
76561197960689074
76561197960689075
76561197960689076
76561197960689078
76561197960689079
76561197960689080
76561197960689081
76561197960689083
76561197960689084
76561197960689085
76561197960689086
76561197960689087
76561197960689088
76561197960689089
76561197960689091
76561197960689093
76561197960689094
76561197960689095
76561197960689096
76561197960689097
76561197960689098
76561197960689099
76561197960689100
76561197960689102
76561197960689103
76561197960689104
76561197960689105
76561197960689108
76561197960689110
76561197960689111
76561197960689112
76561197960689113
76561197960689115
76561197960689116
76561197960689117
76561197960689118
76561197960689119
76561197960689120
76561197960689121
76561197960689122
76561197960689123
76561197960689124
76561197960689125
76561197960689126
76561197960689127
76561197960689128
76561197960689129
76561197960689130
76561197960689131
76561197960689132
76561197960689133
76561197960689134
76561197960689135
76561197960689136
76561197960689137
76561197960689138
76561197960689140
76561197960689141
76561197960689142
76561197960689147
76561197960689148
76561197960689149
76561197960689150
76561197960689151
76561197960689155
76561197960689156
76561197960689157
76561197960689159
76561197960689161
76561197960689162
76561197960689163
76561197960689164
76561197960689165
76561197960689166
76561197960689167
76561197960689168
76561197960689170
76561197960689172
76561197960689174
76561197960689175
76561197960689177
76561197960689178
76561197960689179
76561197960689180
76561197960689181
76561197960689182
76561197960689183
76561197960689184
76561197960689185
76561197960689186
76561197960689187
76561197960689188
76561197960689189
76561197960689190
76561197960689191
76561197960689193
76561197960689194
76561197960689195
76561197960689196
76561197960689197
76561197960689198
76561197960689199
76561197960689201
76561197960689202
76561197960689203
76561197960689205
76561197960689206
76561197960689207
76561197960689209
76561197960689210
76561197960689211
76561197960689212
76561197960689213
76561197960689214
76561197960689215
76561197960689216
76561197960689218
76561197960689220
76561197960689222
76561197960689223
76561197960689224
76561197960689225
76561197960689226
76561197960689228
76561197960689229
76561197960689230
76561197960689231
76561197960689232
76561197960689234
76561197960689235
76561197960689237
76561197960689239
76561197960689240
76561197960689242
76561197960689243
76561197960689244
76561197960689245
76561197960689246
76561197960689247
76561197960689248
76561197960689250
76561197960689251
76561197960689252
76561197960689254
76561197960689256
76561197960689257
76561197960689259
76561197960689260
76561197960689261
76561197960689262
76561197960689263
76561197960689264
76561197960689265
76561197960689266
76561197960689267
76561197960689268
76561197960689269
76561197960689270
76561197960689272
76561197960689277
76561197960689278
76561197960689279
76561197960689280
76561197960689281
76561197960689282
76561197960689283
76561197960689284
76561197960689286
76561197960689287
76561197960689288
76561197960689289
76561197960689290
76561197960689291
76561197960689292
76561197960689294
76561197960689295
76561197960689296
76561197960689297
76561197960689298
76561197960689299
76561197960689300
76561197960689301
76561197960689303
76561197960689306
76561197960689307
76561197960689309
76561197960689310
76561197960689312
76561197960689313
76561197960689315
76561197960689317
76561197960689318
76561197960689320
76561197960689321
76561197960689323
76561197960689324
76561197960689325
76561197960689326
76561197960689327
76561197960689328
76561197960689329
76561197960689330
76561197960689332
76561197960689333
76561197960689334
76561197960689335
76561197960689348
76561197960689376
76561197960689398
76561197960689406
76561197960689429
76561197960689444
76561197960689445
76561197960689446
76561197960689447
76561197960689448
76561197960689449
76561197960689451
76561197960689452
76561197960689453
76561197960689454
76561197960689455
76561197960689456
76561197960689457
76561197960689458
76561197960689459
76561197960689460
76561197960689461
76561197960689462
76561197960689463
76561197960689464
76561197960689465
76561197960689466
76561197960689467
76561197960689468
76561197960689469
76561197960689470
76561197960689471
76561197960689473
76561197960689474
76561197960689475
76561197960689477
76561197960689478
76561197960689480
76561197960689481
76561197960689482
76561197960689484
76561197960689486
76561197960689488
76561197960689489
76561197960689490
76561197960689491
76561197960689492
76561197960689493
76561197960689494
76561197960689495
76561197960689496
76561197960689497
76561197960689498
76561197960689499
76561197960689500
76561197960689503
76561197960689507
76561197960689509
76561197960689510
76561197960689511
76561197960689512
76561197960689513
76561197960689514
76561197960689516
76561197960689517
76561197960689518
76561197960689519
76561197960689520
76561197960689521
76561197960689522
76561197960689524
76561197960689525
76561197960689529
76561197960689530
76561197960689531
76561197960689533
76561197960689535
76561197960689536
76561197960689537
76561197960689539
76561197960689540
76561197960689541
76561197960689542
76561197960689543
76561197960689545
76561197960689546
76561197960689547
76561197960689548
76561197960689549
76561197960689551
76561197960689552
76561197960689553
76561197960689554
76561197960689555
76561197960689557
76561197960689558
76561197960689559
76561197960689561
76561197960689562
76561197960689565
76561197960689566
76561197960689568
76561197960689569
76561197960689571
76561197960689573
76561197960689574
76561197960689575
76561197960689577
76561197960689578
76561197960689579
76561197960689580
76561197960689581
76561197960689582
76561197960689583
76561197960689584
76561197960689586
76561197960689587
76561197960689590
76561197960689594
76561197960689595
76561197960689596
76561197960689597
76561197960689598
76561197960689600
76561197960689601
76561197960689603
76561197960689604
76561197960689605
76561197960689606
76561197960689607
76561197960689609
76561197960689610
76561197960689611
76561197960689612
76561197960689614
76561197960689615
76561197960689616
76561197960689617
76561197960689620
76561197960689621
76561197960689622
76561197960689623
76561197960689625
76561197960689626
76561197960689627
76561197960689628
76561197960689629
76561197960689630
76561197960689632
76561197960689635
76561197960689638
76561197960689641
76561197960689644
76561197960689645
76561197960689646
76561197960689647
76561197960689648
76561197960689649
76561197960689650
76561197960689651
76561197960689652
76561197960689653
76561197960689654
76561197960689657
76561197960689658
76561197960689660
76561197960689663
76561197960689664
76561197960689665
76561197960689666
76561197960689668
76561197960689670
76561197960689672
76561197960689675
76561197960689676
76561197960689677
76561197960689678
76561197960689679
76561197960689680
76561197960689681
76561197960689682
76561197960689683
76561197960689684
76561197960689685
76561197960689686
76561197960689687
76561197960689689
76561197960689691
76561197960689693
76561197960689694
76561197960689696
76561197960689697
76561197960689698
76561197960689699
76561197960689700
76561197960689701
76561197960689702
76561197960689704
76561197960689705
76561197960689707
76561197960689708
76561197960689712
76561197960689713
76561197960689714
76561197960689716
76561197960689717
76561197960689718
76561197960689719
76561197960689720
76561197960689721
76561197960689722
76561197960689725
76561197960689726
76561197960689727
76561197960689729
76561197960689731
76561197960689732
76561197960689733
76561197960689735
76561197960689736
76561197960689738
76561197960689740
76561197960689741
76561197960689743
76561197960689744
76561197960689745
76561197960689746
76561197960689747
76561197960689748
76561197960689749
76561197960689750
76561197960689752
76561197960689753
76561197960689754
76561197960689755
76561197960689757
76561197960689758
76561197960689759
76561197960689760
76561197960689761
76561197960689762
76561197960689764
76561197960689765
76561197960689766
76561197960689767
76561197960689769
76561197960689770
76561197960689771
76561197960689773
76561197960689774
76561197960689775
76561197960689776
76561197960689778
76561197960689779
76561197960689780
76561197960689781
76561197960689784
76561197960689785
76561197960689787
76561197960689789
76561197960689791
76561197960689792
76561197960689794
76561197960689796
76561197960689797
76561197960689798
76561197960689800
76561197960689802
76561197960689803
76561197960689804
76561197960689805
76561197960689806
76561197960689807
76561197960689808
76561197960689809
76561197960689810
76561197960689811
76561197960689813
76561197960689814
76561197960689817
76561197960689818
76561197960689819
76561197960689820
76561197960689821
76561197960689822
76561197960689823
76561197960689824
76561197960689825
76561197960689827
76561197960689829
76561197960689832
76561197960689833
76561197960689834
76561197960689835
76561197960689836
76561197960689837
76561197960689838
76561197960689840
76561197960689842
76561197960689843
76561197960689844
76561197960689845
76561197960689846
76561197960689847
76561197960689848
76561197960689849
76561197960689851
76561197960689852
76561197960689853
76561197960689855
76561197960689856
76561197960689857
76561197960689858
76561197960689859
76561197960689860
76561197960689861
76561197960689862
76561197960689863
76561197960689865
76561197960689866
76561197960689867
76561197960689868
76561197960689869
76561197960689870
76561197960689874
76561197960689875
76561197960689876
76561197960689877
76561197960689878
76561197960689879
76561197960689880
76561197960689881
76561197960689883
76561197960689884
76561197960689885
76561197960689886
76561197960689888
76561197960689889
76561197960689891
76561197960689893
76561197960689895
76561197960689897
76561197960689898
76561197960689900
76561197960689901
76561197960689902
76561197960689903
76561197960689904
76561197960689907
76561197960689908
76561197960689909
76561197960689911
76561197960689912
76561197960689913
76561197960689914
76561197960689915
76561197960689916
76561197960689917
76561197960689918
76561197960689919
76561197960689920
76561197960689921
76561197960689922
76561197960689923
76561197960689925
76561197960689926
76561197960689929
76561197960689930
76561197960689931
76561197960689932
76561197960689935
76561197960689937
76561197960689939
76561197960689940
76561197960689941
76561197960689942
76561197960689943
76561197960689944
76561197960689946
76561197960689947
76561197960689949
76561197960689950
76561197960689952
76561197960689953
76561197960689954
76561197960689955
76561197960689956
76561197960689957
76561197960689958
76561197960689959
76561197960689961
76561197960689963
76561197960689964
76561197960689965
76561197960689966
76561197960689967
76561197960689968
76561197960689969
76561197960689970
76561197960689972
76561197960689973
76561197960689974
76561197960689975
76561197960689976
76561197960689977
76561197960689978
76561197960689979
76561197960689980
76561197960689981
76561197960689983
76561197960689984
76561197960689985
76561197960689986
76561197960689987
76561197960689991
76561197960689993
76561197960689995
76561197960689996
76561197960689998
76561197960689999
76561197960690001
76561197960690004
76561197960690005
76561197960690006
76561197960690007
76561197960690008
76561197960690009
76561197960690010
76561197960690012
76561197960690014
76561197960690015
76561197960690016
76561197960690017
76561197960690018
76561197960690019
76561197960690020
76561197960690021
76561197960690022
76561197960690023
76561197960690024
76561197960690026
76561197960690027
76561197960690028
76561197960690029
76561197960690030
76561197960690033
76561197960690034
76561197960690035
76561197960690036
76561197960690037
76561197960690038
76561197960690039
76561197960690041
76561197960690042
76561197960690043
76561197960690044
76561197960690045
76561197960690046
76561197960690047
76561197960690048
76561197960690049
76561197960690050
76561197960690051
76561197960690053
76561197960690054
76561197960690056
76561197960690057
76561197960690059
76561197960690060
76561197960690061
76561197960690062
76561197960690063
76561197960690064
76561197960690066
76561197960690068
76561197960690069
76561197960690070
76561197960690072
76561197960690073
76561197960690075
76561197960690076
76561197960690077
76561197960690081
76561197960690083
76561197960690084
76561197960690085
76561197960690088
76561197960690092
76561197960690093
76561197960690096
76561197960690098
76561197960690099
76561197960690100
76561197960690101
76561197960690102
76561197960690103
76561197960690104
76561197960690105
76561197960690106
76561197960690107
76561197960690108
76561197960690109
76561197960690111
76561197960690112
76561197960690114
76561197960690116
76561197960690117
76561197960690118
76561197960690120
76561197960690122
76561197960690123
76561197960690124
76561197960690126
76561197960690127
76561197960690128
76561197960690129
76561197960690130
76561197960690131
76561197960690132
76561197960690134
76561197960690136
76561197960690139
76561197960690141
76561197960690144
76561197960690145
76561197960690147
76561197960690149
76561197960690150
76561197960690151
76561197960690152
76561197960690153
76561197960690154
76561197960690155
76561197960690156
76561197960690157
76561197960690158
76561197960690159
76561197960690160
76561197960690161
76561197960690163
76561197960690164
76561197960690165
76561197960690166
76561197960690167
76561197960690169
76561197960690170
76561197960690171
76561197960690172
76561197960690173
76561197960690174
76561197960690175
76561197960690176
76561197960690177
76561197960690178
76561197960690179
76561197960690180
76561197960690181
76561197960690182
76561197960690183
76561197960690184
76561197960690186
76561197960690187
76561197960690188
76561197960690189
76561197960690190
76561197960690191
76561197960690193
76561197960690194
76561197960690195
76561197960690197
76561197960690199
76561197960690200
76561197960690201
76561197960690202
76561197960690203
76561197960690204
76561197960690205
76561197960690206
76561197960690207
76561197960690208
76561197960690209
76561197960690210
76561197960690211
76561197960690212
76561197960690215
76561197960690216
76561197960690217
76561197960690218
76561197960690219
76561197960690220
76561197960690221
76561197960690222
76561197960690224
76561197960690227
76561197960690228
76561197960690229
76561197960690230
76561197960690232
76561197960690233
76561197960690234
76561197960690235
76561197960690238
76561197960690239
76561197960690240
76561197960690241
76561197960690242
76561197960690243
76561197960690244
76561197960690245
76561197960690247
76561197960690248
76561197960690249
76561197960690251
76561197960690253
76561197960690254
76561197960690255
76561197960690256
76561197960690257
76561197960690258
76561197960690259
76561197960690260
76561197960690261
76561197960690262
76561197960690264
76561197960690265
76561197960690268
76561197960690270
76561197960690271
76561197960690272
76561197960690274
76561197960690275
76561197960690277
76561197960690280
76561197960690281
76561197960690282
76561197960690283
76561197960690284
76561197960690285
76561197960690286
76561197960690287
76561197960690289
76561197960690290
76561197960690291
76561197960690292
76561197960690293
76561197960690294
76561197960690295
76561197960690298
76561197960690299
76561197960690300
76561197960690301
76561197960690302
76561197960690303
76561197960690304
76561197960690305
76561197960690307
76561197960690309
76561197960690311
76561197960690312
76561197960690313
76561197960690314
76561197960690315
76561197960690316
76561197960690318
76561197960690320
76561197960690322
76561197960690323
76561197960690324
76561197960690326
76561197960690327
76561197960690328
76561197960690329
76561197960690331
76561197960690333
76561197960690334
76561197960690335
76561197960690336
76561197960690337
76561197960690338
76561197960690339
76561197960690341
76561197960690344
76561197960690345
76561197960690346
76561197960690347
76561197960690348
76561197960690349
76561197960690350
76561197960690351
76561197960690354
76561197960690355
76561197960690356
76561197960690358
76561197960690359
76561197960690360
76561197960690362
76561197960690363
76561197960690364
76561197960690367
76561197960690368
76561197960690369
76561197960690370
76561197960690372
76561197960690373
76561197960690374
76561197960690376
76561197960690377
76561197960690378
76561197960690379
76561197960690380
76561197960690381
76561197960690382
76561197960690383
76561197960690384
76561197960690385
76561197960690386
76561197960690387
76561197960690389
76561197960690390
76561197960690391
76561197960690392
76561197960690393
76561197960690394
76561197960690396
76561197960690397
76561197960690398
76561197960690399
76561197960690402
76561197960690403
76561197960690405
76561197960690406
76561197960690408
76561197960690411
76561197960690412
76561197960690413
76561197960690415
76561197960690416
76561197960690417
76561197960690418
76561197960690420
76561197960690421
76561197960690422
76561197960690423
76561197960690424
76561197960690425
76561197960690426
76561197960690427
76561197960690429
76561197960690430
76561197960690431
