76561197961106583
76561197961106584
76561197961106586
76561197961106588
76561197961106594
76561197961106595
76561197961106596
76561197961106597
76561197961106600
76561197961106601
76561197961106602
76561197961106603
76561197961106604
76561197961106605
76561197961106606
76561197961106608
76561197961106609
76561197961106619
76561197961106620
76561197961106621
76561197961106623
76561197961106626
76561197961106629
76561197961106631
76561197961106632
76561197961106634
76561197961106635
76561197961106636
76561197961106637
76561197961106638
76561197961106643
76561197961106645
76561197961106647
76561197961106652
76561197961106654
76561197961106655
76561197961106657
76561197961106659
76561197961106661
76561197961106662
76561197961106663
76561197961106664
76561197961106665
76561197961106667
76561197961106669
76561197961106675
76561197961106676
76561197961106678
76561197961106679
76561197961106680
76561197961106681
76561197961106689
76561197961106692
76561197961106693
76561197961106694
76561197961106699
76561197961106700
76561197961106702
76561197961106704
76561197961106706
76561197961106707
76561197961106708
76561197961106714
76561197961106715
76561197961106717
76561197961106719
76561197961106720
76561197961106721
76561197961106722
76561197961106724
76561197961106725
76561197961106726
76561197961106728
76561197961106735
76561197961106739
76561197961106740
76561197961106742
76561197961106745
76561197961106746
76561197961106747
76561197961106750
76561197961106751
76561197961106752
76561197961106753
76561197961106756
76561197961106759
76561197961106761
76561197961106762
76561197961106763
76561197961106764
76561197961106766
76561197961106767
76561197961106768
76561197961106771
76561197961106772
76561197961106773
76561197961106774
76561197961106777
76561197961106778
76561197961106779
76561197961106780
76561197961106781
76561197961106782
76561197961106783
76561197961106784
76561197961106785
76561197961106786
76561197961106788
76561197961106789
76561197961106794
76561197961106795
76561197961106796
76561197961106798
76561197961106799
76561197961106800
76561197961106801
76561197961106803
76561197961106804
76561197961106810
76561197961106812
76561197961106814
76561197961106815
76561197961106816
76561197961106817
76561197961106819
76561197961106820
76561197961106824
76561197961106827
76561197961106828
76561197961106830
76561197961106832
76561197961106834
76561197961106835
76561197961106837
76561197961106838
76561197961106839
76561197961106847
76561197961106848
76561197961106849
76561197961106851
76561197961106853
76561197961106855
76561197961106856
76561197961106857
76561197961106859
76561197961106860
76561197961106862
76561197961106863
76561197961106864
76561197961106865
76561197961106866
76561197961106868
76561197961106870
76561197961106871
76561197961106874
76561197961106875
76561197961106876
76561197961106879
76561197961106882
76561197961106886
76561197961106887
76561197961106890
76561197961106891
76561197961106894
76561197961106895
76561197961106896
76561197961106901
76561197961106902
76561197961106903
76561197961106904
76561197961106905
76561197961106906
76561197961106908
76561197961106909
76561197961106911
76561197961106914
76561197961106917
76561197961106919
76561197961106920
76561197961106924
76561197961106928
76561197961106930
76561197961106931
76561197961106932
76561197961106933
76561197961106934
76561197961106935
76561197961106937
76561197961106938
76561197961106939
76561197961106940
76561197961106942
76561197961106943
76561197961106946
76561197961106947
76561197961106948
76561197961106949
76561197961106950
76561197961106952
76561197961106954
76561197961106955
76561197961106957
76561197961106958
76561197961106961
76561197961106962
76561197961106963
76561197961106965
76561197961106970
76561197961106971
76561197961106972
76561197961106975
76561197961106976
76561197961106977
76561197961106978
76561197961106979
76561197961106981
76561197961106982
76561197961106983
76561197961106985
76561197961106988
76561197961106989
76561197961106990
76561197961106993
76561197961106995
76561197961107000
76561197961107004
76561197961107006
76561197961107008
76561197961107009
76561197961107010
76561197961107012
76561197961107019
76561197961107021
76561197961107026
76561197961107028
76561197961107030
76561197961107033
76561197961107038
76561197961107041
76561197961107044
76561197961107045
76561197961107048
76561197961107050
76561197961107051
76561197961107052
76561197961107056
76561197961107057
76561197961107058
76561197961107062
76561197961107065
76561197961107069
76561197961107070
76561197961107072
76561197961107073
76561197961107074
76561197961107075
76561197961107076
76561197961107078
76561197961107082
76561197961107083
76561197961107085
76561197961107086
76561197961107087
76561197961107088
76561197961107089
76561197961107090
76561197961107092
76561197961107093
76561197961107096
76561197961107099
76561197961107104
76561197961107105
76561197961107107
76561197961107113
76561197961107115
76561197961107117
76561197961107119
76561197961107120
76561197961107123
76561197961107126
76561197961107129
76561197961107130
76561197961107132
76561197961107133
76561197961107134
76561197961107136
76561197961107139
76561197961107140
76561197961107143
76561197961107144
76561197961107149
76561197961107150
76561197961107158
76561197961107159
76561197961107161
76561197961107162
76561197961107163
76561197961107166
76561197961107169
76561197961107172
76561197961107173
76561197961107174
76561197961107175
76561197961107177
76561197961107182
76561197961107184
76561197961107185
76561197961107186
76561197961107187
76561197961107189
76561197961107191
76561197961107192
76561197961107194
76561197961107195
76561197961107197
76561197961107200
76561197961107201
76561197961107202
76561197961107206
76561197961107210
76561197961107211
76561197961107213
76561197961107214
76561197961107215
76561197961107217
76561197961107222
76561197961107223
76561197961107224
76561197961107227
76561197961107228
76561197961107230
76561197961107232
76561197961107234
76561197961107236
76561197961107238
76561197961107239
76561197961107240
76561197961107242
76561197961107243
76561197961107244
76561197961107245
76561197961107248
76561197961107250
76561197961107252
76561197961107261
76561197961107262
76561197961107263
76561197961107266
76561197961107268
76561197961107269
76561197961107272
76561197961107277
76561197961107278
76561197961107282
76561197961107283
76561197961107284
76561197961107286
76561197961107292
76561197961107298
76561197961107299
76561197961107300
76561197961107302
76561197961107303
76561197961107305
76561197961107309
76561197961107310
76561197961107315
76561197961107316
76561197961107324
76561197961107327
76561197961107328
76561197961107329
76561197961107332
76561197961107335
76561197961107338
76561197961107339
76561197961107342
76561197961107343
76561197961107344
76561197961107345
76561197961107346
76561197961107347
76561197961107352
76561197961107353
76561197961107354
76561197961107355
76561197961107357
76561197961107365
76561197961107366
76561197961107367
76561197961107368
76561197961107374
76561197961107375
76561197961107377
76561197961107378
76561197961107380
76561197961107383
76561197961107387
76561197961107389
76561197961107390
76561197961107391
76561197961107393
76561197961107396
76561197961107398
76561197961107399
76561197961107401
76561197961107409
76561197961107413
76561197961107415
76561197961107420
76561197961107421
76561197961107422
76561197961107423
76561197961107424
76561197961107425
76561197961107426
76561197961107427
76561197961107428
76561197961107430
76561197961107431
76561197961107433
76561197961107434
76561197961107435
76561197961107436
76561197961107437
76561197961107439
76561197961107440
76561197961107441
76561197961107442
76561197961107444
76561197961107445
76561197961107446
76561197961107448
76561197961107449
76561197961107452
76561197961107455
76561197961107457
76561197961107460
76561197961107462
76561197961107463
76561197961107469
76561197961107470
76561197961107472
76561197961107473
76561197961107474
76561197961107477
76561197961107478
76561197961107481
76561197961107482
76561197961107484
76561197961107485
76561197961107486
76561197961107487
76561197961107488
76561197961107489
76561197961107490
76561197961107492
76561197961107493
76561197961107500
76561197961107501
76561197961107502
76561197961107504
76561197961107505
76561197961107507
76561197961107508
76561197961107509
76561197961107510
76561197961107511
76561197961107514
76561197961107517
76561197961107519
76561197961107520
76561197961107521
76561197961107522
76561197961107525
76561197961107528
76561197961107530
76561197961107531
76561197961107532
76561197961107534
76561197961107536
76561197961107537
76561197961107538
76561197961107540
76561197961107541
76561197961107542
76561197961107543
76561197961107544
76561197961107547
76561197961107549
76561197961107551
76561197961107553
76561197961107556
76561197961107558
76561197961107563
76561197961107565
76561197961107566
76561197961107568
76561197961107569
76561197961107571
76561197961107572
76561197961107575
76561197961107580
76561197961107581
76561197961107583
76561197961107584
76561197961107585
76561197961107586
76561197961107588
76561197961107591
76561197961107592
76561197961107594
76561197961107595
76561197961107596
76561197961107600
76561197961107601
76561197961107603
76561197961107605
76561197961107607
76561197961107609
76561197961107616
76561197961107617
76561197961107620
76561197961107622
76561197961107624
76561197961107627
76561197961107628
76561197961107631
76561197961107633
76561197961107634
76561197961107635
76561197961107637
76561197961107638
76561197961107641
76561197961107642
76561197961107644
76561197961107651
76561197961107652
76561197961107658
76561197961107663
76561197961107664
76561197961107666
76561197961107667
76561197961107668
76561197961107670
76561197961107672
76561197961107674
76561197961107676
76561197961107677
76561197961107678
76561197961107681
76561197961107682
76561197961107685
76561197961107686
76561197961107687
76561197961107688
76561197961107689
76561197961107692
76561197961107694
76561197961107696
76561197961107697
76561197961107698
76561197961107699
76561197961107704
76561197961107705
76561197961107707
76561197961107708
76561197961107709
76561197961107712
76561197961107714
76561197961107717
76561197961107718
76561197961107719
76561197961107720
76561197961107721
76561197961107722
76561197961107725
76561197961107726
76561197961107728
76561197961107730
76561197961107733
76561197961107734
76561197961107735
76561197961107737
76561197961107738
76561197961107739
76561197961107740
76561197961107741
76561197961107742
76561197961107745
76561197961107746
76561197961107748
76561197961107749
76561197961107750
76561197961107751
76561197961107754
76561197961107756
76561197961107757
76561197961107758
76561197961107759
76561197961107760
76561197961107762
76561197961107768
76561197961107771
76561197961107772
76561197961107773
76561197961107776
76561197961107780
76561197961107783
76561197961107784
76561197961107786
76561197961107788
76561197961107789
76561197961107793
76561197961107794
76561197961107795
76561197961107800
76561197961107801
76561197961107802
76561197961107803
76561197961107807
76561197961107812
76561197961107813
76561197961107814
76561197961107815
76561197961107817
76561197961107818
76561197961107819
76561197961107822
76561197961107823
76561197961107825
76561197961107827
76561197961107828
76561197961107833
76561197961107834
76561197961107836
76561197961107838
76561197961107840
76561197961107842
76561197961107843
76561197961107844
76561197961107845
76561197961107849
76561197961107850
76561197961107851
76561197961107852
76561197961107853
76561197961107858
76561197961107864
76561197961107865
76561197961107867
76561197961107869
76561197961107870
76561197961107871
76561197961107872
76561197961107873
76561197961107876
76561197961107887
76561197961107889
76561197961107890
76561197961107891
76561197961107894
76561197961107895
76561197961107896
76561197961107897
76561197961107902
76561197961107904
76561197961107905
76561197961107909
76561197961107910
76561197961107912
76561197961107913
76561197961107914
76561197961107915
76561197961107916
76561197961107917
76561197961107919
76561197961107920
76561197961107925
76561197961107926
76561197961107927
76561197961107928
76561197961107931
76561197961107933
76561197961107934
76561197961107935
76561197961107938
76561197961107939
76561197961107940
76561197961107941
76561197961107943
76561197961107944
76561197961107945
76561197961107946
76561197961107948
76561197961107949
76561197961107952
76561197961107955
76561197961107956
76561197961107957
76561197961107959
76561197961107965
76561197961107966
76561197961107976
76561197961107977
76561197961107978
76561197961107980
76561197961107982
76561197961107983
76561197961107984
76561197961107985
76561197961107986
76561197961107988
76561197961107989
76561197961107990
76561197961107992
76561197961107995
76561197961107996
76561197961107997
76561197961107999
76561197961108003
76561197961108004
76561197961108005
76561197961108009
76561197961108010
76561197961108011
76561197961108013
76561197961108022
76561197961108023
76561197961108024
76561197961108025
76561197961108028
76561197961108030
76561197961108034
76561197961108036
76561197961108037
76561197961108041
76561197961108046
76561197961108048
76561197961108049
76561197961108050
76561197961108052
76561197961108053
76561197961108054
76561197961108057
76561197961108058
76561197961108059
76561197961108063
76561197961108066
76561197961108067
76561197961108069
76561197961108071
76561197961108073
76561197961108076
76561197961108077
76561197961108078
76561197961108079
76561197961108080
76561197961108081
76561197961108084
76561197961108089
76561197961108090
76561197961108092
76561197961108093
76561197961108096
76561197961108099
76561197961108100
76561197961108101
76561197961108105
76561197961108108
76561197961108109
76561197961108110
76561197961108113
76561197961108115
76561197961108117
76561197961108118
76561197961108119
76561197961108121
76561197961108122
76561197961108129
76561197961108132
76561197961108134
76561197961108136
76561197961108137
76561197961108138
76561197961108140
76561197961108141
76561197961108142
76561197961108145
76561197961108147
76561197961108148
76561197961108149
76561197961108151
76561197961108157
76561197961108158
76561197961108159
76561197961108160
76561197961108161
76561197961108162
76561197961108164
76561197961108165
76561197961108166
76561197961108167
76561197961108168
76561197961108169
76561197961108171
76561197961108172
76561197961108173
76561197961108174
76561197961108175
76561197961108176
76561197961108178
76561197961108179
76561197961108181
76561197961108182
76561197961108186
76561197961108188
76561197961108189
76561197961108194
76561197961108195
76561197961108197
76561197961108200
76561197961108202
76561197961108203
76561197961108206
76561197961108207
76561197961108210
76561197961108211
76561197961108217
76561197961108218
76561197961108221
76561197961108223
76561197961108229
76561197961108235
76561197961108237
76561197961108240
76561197961108241
76561197961108246
76561197961108247
76561197961108252
76561197961108254
76561197961108255
76561197961108257
76561197961108258
76561197961108260
76561197961108261
76561197961108264
76561197961108265
76561197961108266
76561197961108267
76561197961108268
76561197961108269
76561197961108270
76561197961108272
76561197961108274
76561197961108275
76561197961108280
76561197961108281
76561197961108282
76561197961108283
76561197961108284
76561197961108285
76561197961108289
76561197961108290
76561197961108291
76561197961108292
76561197961108294
76561197961108295
76561197961108296
76561197961108299
76561197961108302
76561197961108305
76561197961108306
76561197961108307
76561197961108309
76561197961108310
76561197961108311
76561197961108312
76561197961108314
76561197961108320
76561197961108321
76561197961108322
76561197961108325
76561197961108326
76561197961108327
76561197961108328
76561197961108330
76561197961108333
76561197961108336
76561197961108337
76561197961108340
76561197961108341
76561197961108343
76561197961108348
76561197961108349
76561197961108350
76561197961108351
76561197961108352
76561197961108354
76561197961108357
76561197961108358
76561197961108359
76561197961108361
76561197961108362
76561197961108363
76561197961108364
76561197961108368
76561197961108369
76561197961108371
76561197961108373
76561197961108377
76561197961108378
76561197961108380
76561197961108381
76561197961108385
76561197961108386
76561197961108388
76561197961108389
76561197961108390
76561197961108393
76561197961108394
76561197961108395
76561197961108396
76561197961108397
76561197961108398
76561197961108399
76561197961108400
76561197961108402
76561197961108403
76561197961108404
76561197961108405
76561197961108407
76561197961108408
76561197961108410
76561197961108413
76561197961108415
76561197961108420
76561197961108421
76561197961108423
76561197961108426
76561197961108427
76561197961108428
76561197961108429
76561197961108430
76561197961108432
76561197961108436
76561197961108439
76561197961108440
76561197961108443
76561197961108444
76561197961108445
76561197961108449
76561197961108451
76561197961108457
76561197961108458
76561197961108459
76561197961108460
76561197961108461
76561197961108462
76561197961108464
76561197961108466
76561197961108469
76561197961108471
76561197961108472
76561197961108473
76561197961108474
76561197961108475
76561197961108478
76561197961108480
76561197961108481
76561197961108482
76561197961108486
76561197961108489
76561197961108492
76561197961108493
76561197961108497
76561197961108498
76561197961108499
76561197961108500
76561197961108501
76561197961108504
76561197961108506
76561197961108508
76561197961108509
76561197961108511
76561197961108512
76561197961108513
76561197961108514
76561197961108515
76561197961108516
76561197961108517
76561197961108519
76561197961108520
76561197961108523
76561197961108524
76561197961108525
76561197961108528
76561197961108529
76561197961108530
76561197961108537
