76561197960557998
76561197960558000
76561197960558001
76561197960558002
76561197960558003
76561197960558004
76561197960558006
76561197960558008
76561197960558009
76561197960558010
76561197960558011
76561197960558012
76561197960558013
76561197960558014
76561197960558015
76561197960558016
76561197960558017
76561197960558018
76561197960558020
76561197960558021
76561197960558023
76561197960558025
76561197960558026
76561197960558027
76561197960558028
76561197960558029
76561197960558030
76561197960558031
76561197960558032
76561197960558034
76561197960558036
76561197960558037
76561197960558041
76561197960558042
76561197960558043
76561197960558044
76561197960558045
76561197960558046
76561197960558047
76561197960558048
76561197960558050
76561197960558051
76561197960558052
76561197960558053
76561197960558054
76561197960558055
76561197960558056
76561197960558057
76561197960558058
76561197960558059
76561197960558060
76561197960558062
76561197960558064
76561197960558065
76561197960558066
76561197960558067
76561197960558068
76561197960558070
76561197960558072
76561197960558073
76561197960558074
76561197960558076
76561197960558077
76561197960558078
76561197960558080
76561197960558081
76561197960558083
76561197960558084
76561197960558087
76561197960558088
76561197960558089
76561197960558090
76561197960558091
76561197960558092
76561197960558093
76561197960558094
76561197960558095
76561197960558096
76561197960558098
76561197960558099
76561197960558100
76561197960558101
76561197960558102
76561197960558104
76561197960558105
76561197960558106
76561197960558109
76561197960558110
76561197960558111
76561197960558112
76561197960558113
76561197960558114
76561197960558115
76561197960558116
76561197960558117
76561197960558118
76561197960558119
76561197960558121
76561197960558125
76561197960558126
76561197960558128
76561197960558129
76561197960558130
76561197960558132
76561197960558133
76561197960558134
76561197960558135
76561197960558136
76561197960558137
76561197960558138
76561197960558140
76561197960558141
76561197960558142
76561197960558144
76561197960558145
76561197960558146
76561197960558147
76561197960558148
76561197960558149
76561197960558150
76561197960558151
76561197960558153
76561197960558154
76561197960558155
76561197960558156
76561197960558158
76561197960558159
76561197960558161
76561197960558163
76561197960558164
76561197960558167
76561197960558168
76561197960558169
76561197960558170
76561197960558172
76561197960558175
76561197960558176
76561197960558177
76561197960558178
76561197960558179
76561197960558182
76561197960558183
76561197960558186
76561197960558188
76561197960558189
76561197960558190
76561197960558195
76561197960558196
76561197960558197
76561197960558198
76561197960558199
76561197960558200
76561197960558202
76561197960558203
76561197960558204
76561197960558205
76561197960558206
76561197960558207
76561197960558208
76561197960558209
76561197960558210
76561197960558212
76561197960558214
76561197960558215
76561197960558216
76561197960558217
76561197960558218
76561197960558220
76561197960558221
76561197960558222
76561197960558223
76561197960558224
76561197960558225
76561197960558227
76561197960558228
76561197960558229
76561197960558231
76561197960558232
76561197960558234
76561197960558235
76561197960558236
76561197960558237
76561197960558238
76561197960558240
76561197960558244
76561197960558246
76561197960558247
76561197960558248
76561197960558249
76561197960558250
76561197960558251
76561197960558253
76561197960558254
76561197960558255
76561197960558256
76561197960558258
76561197960558259
76561197960558260
76561197960558261
76561197960558263
76561197960558264
76561197960558265
76561197960558266
76561197960558269
76561197960558270
76561197960558272
76561197960558273
76561197960558274
76561197960558275
76561197960558276
76561197960558277
76561197960558279
76561197960558280
76561197960558281
76561197960558282
76561197960558284
76561197960558285
76561197960558286
76561197960558287
76561197960558288
76561197960558289
76561197960558290
76561197960558292
76561197960558294
76561197960558295
76561197960558299
76561197960558300
76561197960558301
76561197960558302
76561197960558303
76561197960558304
76561197960558305
76561197960558306
76561197960558307
76561197960558308
76561197960558310
76561197960558311
76561197960558312
76561197960558314
76561197960558316
76561197960558317
76561197960558318
76561197960558319
76561197960558320
76561197960558321
76561197960558323
76561197960558324
76561197960558325
76561197960558326
76561197960558328
76561197960558329
76561197960558330
76561197960558331
76561197960558334
76561197960558336
76561197960558337
76561197960558338
76561197960558339
76561197960558340
76561197960558342
76561197960558343
76561197960558344
76561197960558345
76561197960558348
76561197960558349
76561197960558350
76561197960558351
76561197960558352
76561197960558353
76561197960558354
76561197960558355
76561197960558356
76561197960558358
76561197960558359
76561197960558360
76561197960558361
76561197960558362
76561197960558363
76561197960558364
76561197960558365
76561197960558366
76561197960558368
76561197960558370
76561197960558371
76561197960558372
76561197960558373
76561197960558374
76561197960558375
76561197960558376
76561197960558377
76561197960558378
76561197960558379
76561197960558380
76561197960558381
76561197960558382
76561197960558383
76561197960558384
76561197960558385
76561197960558387
76561197960558388
76561197960558389
76561197960558390
76561197960558391
76561197960558392
76561197960558393
76561197960558394
76561197960558395
76561197960558396
76561197960558397
76561197960558398
76561197960558400
76561197960558401
76561197960558402
76561197960558403
76561197960558404
76561197960558405
76561197960558406
76561197960558407
76561197960558408
76561197960558409
76561197960558411
76561197960558412
76561197960558414
76561197960558415
76561197960558416
76561197960558418
76561197960558420
76561197960558421
76561197960558422
76561197960558423
76561197960558424
76561197960558425
76561197960558427
76561197960558428
76561197960558429
76561197960558430
76561197960558431
76561197960558432
76561197960558433
76561197960558435
76561197960558436
76561197960558438
76561197960558440
76561197960558441
76561197960558442
76561197960558446
76561197960558447
76561197960558448
76561197960558449
76561197960558450
76561197960558451
76561197960558452
76561197960558458
76561197960558460
76561197960558461
76561197960558462
76561197960558463
76561197960558464
76561197960558465
76561197960558466
76561197960558467
76561197960558468
76561197960558469
76561197960558470
76561197960558471
76561197960558472
76561197960558474
76561197960558475
76561197960558476
76561197960558479
76561197960558480
76561197960558481
76561197960558482
76561197960558483
76561197960558484
76561197960558485
76561197960558486
76561197960558487
76561197960558488
76561197960558490
76561197960558492
76561197960558498
76561197960558499
76561197960558500
76561197960558501
76561197960558502
76561197960558504
76561197960558505
76561197960558506
76561197960558507
76561197960558508
76561197960558509
76561197960558511
76561197960558512
76561197960558513
76561197960558514
76561197960558515
76561197960558516
76561197960558517
76561197960558518
76561197960558520
76561197960558521
76561197960558522
76561197960558523
76561197960558524
76561197960558525
76561197960558527
76561197960558528
76561197960558530
76561197960558532
76561197960558533
76561197960558535
76561197960558536
76561197960558537
76561197960558538
76561197960558539
76561197960558541
76561197960558542
76561197960558544
76561197960558545
76561197960558546
76561197960558547
76561197960558548
76561197960558549
76561197960558550
76561197960558551
76561197960558552
76561197960558553
76561197960558556
76561197960558557
76561197960558558
76561197960558560
76561197960558561
76561197960558563
76561197960558564
76561197960558566
76561197960558567
76561197960558569
76561197960558572
76561197960558573
76561197960558578
76561197960558579
76561197960558581
76561197960558582
76561197960558583
76561197960558584
76561197960558585
76561197960558586
76561197960558588
76561197960558589
76561197960558591
76561197960558592
76561197960558593
76561197960558594
76561197960558595
76561197960558596
76561197960558597
76561197960558598
76561197960558599
76561197960558600
76561197960558601
76561197960558603
76561197960558604
76561197960558605
76561197960558606
76561197960558607
76561197960558608
76561197960558609
76561197960558610
76561197960558612
76561197960558613
76561197960558617
76561197960558618
76561197960558619
76561197960558620
76561197960558621
76561197960558622
76561197960558623
76561197960558624
76561197960558625
76561197960558626
76561197960558627
76561197960558628
76561197960558629
76561197960558630
76561197960558633
76561197960558634
76561197960558635
76561197960558636
76561197960558637
76561197960558638
76561197960558639
76561197960558640
76561197960558641
76561197960558643
76561197960558645
76561197960558647
76561197960558648
76561197960558649
76561197960558650
76561197960558652
76561197960558653
76561197960558654
76561197960558655
76561197960558656
76561197960558657
76561197960558658
76561197960558662
76561197960558664
76561197960558665
76561197960558666
76561197960558668
76561197960558669
76561197960558670
76561197960558673
76561197960558676
76561197960558677
76561197960558679
76561197960558681
76561197960558683
76561197960558684
76561197960558686
76561197960558687
76561197960558689
76561197960558691
76561197960558692
76561197960558695
76561197960558696
76561197960558697
76561197960558698
76561197960558701
76561197960558702
76561197960558703
76561197960558704
76561197960558705
76561197960558706
76561197960558708
76561197960558709
76561197960558710
76561197960558711
76561197960558714
76561197960558715
76561197960558716
76561197960558717
76561197960558718
76561197960558719
76561197960558721
76561197960558722
76561197960558723
76561197960558724
76561197960558725
76561197960558728
76561197960558729
76561197960558730
76561197960558732
76561197960558733
76561197960558734
76561197960558735
76561197960558736
76561197960558737
76561197960558738
76561197960558740
76561197960558742
76561197960558743
76561197960558745
76561197960558746
76561197960558747
76561197960558748
76561197960558750
76561197960558751
76561197960558752
76561197960558753
76561197960558754
76561197960558759
76561197960558761
76561197960558762
76561197960558763
76561197960558764
76561197960558765
76561197960558766
76561197960558769
76561197960558770
76561197960558771
76561197960558772
76561197960558774
76561197960558775
76561197960558776
76561197960558777
76561197960558778
76561197960558779
76561197960558780
76561197960558781
76561197960558782
76561197960558783
76561197960558784
76561197960558785
76561197960558786
76561197960558787
76561197960558789
76561197960558790
76561197960558793
76561197960558794
76561197960558796
76561197960558797
76561197960558798
76561197960558799
76561197960558800
76561197960558802
76561197960558803
76561197960558804
76561197960558806
76561197960558807
76561197960558810
76561197960558811
76561197960558812
76561197960558813
76561197960558814
76561197960558815
76561197960558817
76561197960558819
76561197960558821
76561197960558823
76561197960558824
76561197960558825
76561197960558826
76561197960558827
76561197960558830
76561197960558831
76561197960558832
76561197960558833
76561197960558834
76561197960558835
76561197960558836
76561197960558837
76561197960558840
76561197960558842
76561197960558843
76561197960558844
76561197960558846
76561197960558847
76561197960558848
76561197960558852
76561197960558853
76561197960558854
76561197960558855
76561197960558857
76561197960558858
76561197960558859
76561197960558860
76561197960558861
76561197960558863
76561197960558864
76561197960558866
76561197960558867
76561197960558868
76561197960558870
76561197960558871
76561197960558872
76561197960558873
76561197960558876
76561197960558878
76561197960558879
76561197960558880
76561197960558881
76561197960558882
76561197960558883
76561197960558884
76561197960558888
76561197960558889
76561197960558890
76561197960558891
76561197960558892
76561197960558895
76561197960558896
76561197960558897
76561197960558899
76561197960558900
76561197960558901
76561197960558902
76561197960558903
76561197960558904
76561197960558905
76561197960558909
76561197960558911
76561197960558913
76561197960558914
76561197960558915
76561197960558916
76561197960558917
76561197960558918
76561197960558919
76561197960558920
76561197960558921
76561197960558923
76561197960558926
76561197960558927
76561197960558929
76561197960558930
76561197960558931
76561197960558933
76561197960558934
76561197960558935
76561197960558936
76561197960558937
76561197960558938
76561197960558939
76561197960558940
76561197960558941
76561197960558942
76561197960558943
76561197960558944
76561197960558946
76561197960558947
76561197960558948
76561197960558949
76561197960558952
76561197960558953
76561197960558954
76561197960558955
76561197960558957
76561197960558958
76561197960558959
76561197960558960
76561197960558962
76561197960558964
76561197960558966
76561197960558967
76561197960558969
76561197960558972
76561197960558974
76561197960558977
76561197960558978
76561197960558979
76561197960558980
76561197960558981
76561197960558982
76561197960558983
76561197960558984
76561197960558986
76561197960558987
76561197960558988
76561197960558989
76561197960558992
76561197960558993
76561197960558994
76561197960558995
76561197960558996
76561197960558997
76561197960558998
76561197960559003
76561197960559005
76561197960559007
76561197960559008
76561197960559009
76561197960559010
76561197960559012
76561197960559015
76561197960559016
76561197960559017
76561197960559018
76561197960559019
76561197960559020
76561197960559021
76561197960559022
76561197960559023
76561197960559024
76561197960559025
76561197960559026
76561197960559027
76561197960559028
76561197960559030
76561197960559032
76561197960559033
76561197960559034
76561197960559035
76561197960559036
76561197960559037
76561197960559038
76561197960559039
76561197960559041
76561197960559042
76561197960559043
76561197960559044
76561197960559045
76561197960559046
76561197960559047
76561197960559048
76561197960559050
76561197960559054
76561197960559055
76561197960559057
76561197960559060
76561197960559061
76561197960559064
76561197960559066
76561197960559067
76561197960559068
76561197960559069
76561197960559070
76561197960559072
76561197960559074
76561197960559075
76561197960559076
76561197960559077
76561197960559078
76561197960559080
76561197960559081
76561197960559082
76561197960559083
76561197960559086
76561197960559088
76561197960559090
76561197960559091
76561197960559093
76561197960559095
76561197960559098
76561197960559099
76561197960559100
76561197960559101
76561197960559102
76561197960559103
76561197960559104
76561197960559105
76561197960559109
76561197960559110
76561197960559111
76561197960559112
76561197960559114
76561197960559115
76561197960559116
76561197960559117
76561197960559118
76561197960559119
76561197960559120
76561197960559121
76561197960559122
76561197960559125
76561197960559126
76561197960559127
76561197960559128
76561197960559132
76561197960559134
76561197960559136
76561197960559137
76561197960559138
76561197960559139
76561197960559140
76561197960559142
76561197960559144
76561197960559146
76561197960559147
76561197960559148
76561197960559149
76561197960559150
76561197960559151
76561197960559153
76561197960559154
76561197960559155
76561197960559156
76561197960559157
76561197960559158
76561197960559159
76561197960559160
76561197960559161
76561197960559162
76561197960559163
76561197960559165
76561197960559166
76561197960559167
76561197960559168
76561197960559169
76561197960559170
76561197960559172
76561197960559173
76561197960559174
76561197960559175
76561197960559176
76561197960559177
76561197960559178
76561197960559179
76561197960559180
76561197960559181
76561197960559182
76561197960559184
76561197960559185
76561197960559186
76561197960559188
76561197960559189
76561197960559190
76561197960559191
76561197960559195
76561197960559196
76561197960559197
76561197960559199
76561197960559200
76561197960559201
76561197960559202
76561197960559205
76561197960559206
76561197960559208
76561197960559209
76561197960559210
76561197960559211
76561197960559212
76561197960559213
76561197960559214
76561197960559215
76561197960559216
76561197960559217
76561197960559218
76561197960559219
76561197960559220
76561197960559221
76561197960559222
76561197960559223
76561197960559224
76561197960559225
76561197960559228
76561197960559230
76561197960559231
76561197960559232
76561197960559233
76561197960559234
76561197960559235
76561197960559236
76561197960559237
76561197960559239
76561197960559240
76561197960559241
76561197960559243
76561197960559244
76561197960559245
76561197960559247
76561197960559248
76561197960559249
76561197960559252
76561197960559253
76561197960559254
76561197960559255
76561197960559256
76561197960559257
76561197960559259
76561197960559260
76561197960559261
76561197960559263
76561197960559264
76561197960559265
76561197960559267
76561197960559270
76561197960559271
76561197960559272
76561197960559273
76561197960559274
76561197960559276
76561197960559277
76561197960559278
76561197960559281
76561197960559283
76561197960559285
76561197960559286
76561197960559287
76561197960559288
76561197960559290
76561197960559291
76561197960559292
76561197960559294
76561197960559297
76561197960559298
76561197960559299
76561197960559300
76561197960559302
76561197960559303
76561197960559304
76561197960559306
76561197960559307
76561197960559310
76561197960559311
76561197960559312
76561197960559314
76561197960559315
76561197960559316
76561197960559317
76561197960559318
76561197960559319
76561197960559320
76561197960559321
76561197960559322
76561197960559328
76561197960559330
76561197960559331
76561197960559335
76561197960559337
76561197960559338
76561197960559339
76561197960559340
76561197960559342
76561197960559344
76561197960559345
76561197960559346
76561197960559347
