76561197960278521
76561197960278522
76561197960278523
76561197960278525
76561197960278526
76561197960278527
76561197960278528
76561197960278529
76561197960278530
76561197960278531
76561197960278532
76561197960278533
76561197960278534
76561197960278535
76561197960278536
76561197960278538
76561197960278539
76561197960278540
76561197960278541
76561197960278542
76561197960278543
76561197960278544
76561197960278545
76561197960278546
76561197960278547
76561197960278548
76561197960278549
76561197960278551
76561197960278552
76561197960278553
76561197960278554
76561197960278555
76561197960278556
76561197960278557
76561197960278558
76561197960278559
76561197960278562
76561197960278563
76561197960278564
76561197960278565
76561197960278566
76561197960278567
76561197960278568
76561197960278570
76561197960278571
76561197960278572
76561197960278573
76561197960278574
76561197960278575
76561197960278576
76561197960278577
76561197960278578
76561197960278579
76561197960278580
76561197960278581
76561197960278582
76561197960278583
76561197960278584
76561197960278585
76561197960278586
76561197960278587
76561197960278588
76561197960278589
76561197960278590
76561197960278591
76561197960278592
76561197960278593
76561197960278594
76561197960278595
76561197960278596
76561197960278597
76561197960278598
76561197960278599
76561197960278600
76561197960278602
76561197960278603
76561197960278604
76561197960278605
76561197960278606
76561197960278607
76561197960278608
76561197960278609
76561197960278610
76561197960278611
76561197960278612
76561197960278613
76561197960278614
76561197960278615
76561197960278616
76561197960278617
76561197960278618
76561197960278619
76561197960278620
76561197960278621
76561197960278622
76561197960278623
76561197960278624
76561197960278625
76561197960278626
76561197960278627
76561197960278628
76561197960278629
76561197960278631
76561197960278632
76561197960278633
76561197960278634
76561197960278635
76561197960278636
76561197960278637
76561197960278638
76561197960278639
76561197960278640
76561197960278641
76561197960278642
76561197960278643
76561197960278644
76561197960278646
76561197960278648
76561197960278649
76561197960278650
76561197960278651
76561197960278652
76561197960278653
76561197960278654
76561197960278655
76561197960278656
76561197960278657
76561197960278658
76561197960278659
76561197960278660
76561197960278661
76561197960278662
76561197960278663
76561197960278664
76561197960278665
76561197960278666
76561197960278667
76561197960278668
76561197960278669
76561197960278670
76561197960278671
76561197960278672
76561197960278673
76561197960278674
76561197960278675
76561197960278676
76561197960278677
76561197960278678
76561197960278679
76561197960278680
76561197960278681
76561197960278682
76561197960278683
76561197960278684
76561197960278685
76561197960278686
76561197960278687
76561197960278689
76561197960278690
76561197960278691
76561197960278692
76561197960278693
76561197960278695
76561197960278696
76561197960278697
76561197960278698
76561197960278699
76561197960278700
76561197960278701
76561197960278702
76561197960278703
76561197960278704
76561197960278705
76561197960278706
76561197960278707
76561197960278708
76561197960278709
76561197960278710
76561197960278711
76561197960278712
76561197960278713
76561197960278714
76561197960278715
76561197960278716
76561197960278717
76561197960278718
76561197960278719
76561197960278720
76561197960278721
76561197960278722
76561197960278723
76561197960278724
76561197960278725
76561197960278726
76561197960278727
76561197960278728
76561197960278729
76561197960278730
76561197960278731
76561197960278732
76561197960278733
76561197960278734
76561197960278735
76561197960278736
76561197960278737
76561197960278738
76561197960278739
76561197960278740
76561197960278741
76561197960278742
76561197960278743
76561197960278744
76561197960278746
76561197960278747
76561197960278748
76561197960278749
76561197960278750
76561197960278751
76561197960278752
76561197960278753
76561197960278754
76561197960278755
76561197960278756
76561197960278757
76561197960278758
76561197960278759
76561197960278760
76561197960278761
76561197960278762
76561197960278763
76561197960278764
76561197960278767
76561197960278768
76561197960278769
76561197960278770
76561197960278771
76561197960278772
76561197960278773
76561197960278774
76561197960278775
76561197960278776
76561197960278777
76561197960278778
76561197960278779
76561197960278780
76561197960278781
76561197960278782
76561197960278783
76561197960278784
76561197960278786
76561197960278787
76561197960278788
76561197960278789
76561197960278790
76561197960278791
76561197960278792
76561197960278793
76561197960278794
76561197960278795
76561197960278796
76561197960278797
76561197960278798
76561197960278799
76561197960278800
76561197960278801
76561197960278802
76561197960278803
76561197960278804
76561197960278805
76561197960278806
76561197960278808
76561197960278809
76561197960278810
76561197960278811
76561197960278812
76561197960278813
76561197960278815
76561197960278816
76561197960278817
76561197960278818
76561197960278820
76561197960278821
76561197960278822
76561197960278823
76561197960278824
76561197960278826
76561197960278827
76561197960278828
76561197960278829
76561197960278830
76561197960278831
76561197960278832
76561197960278833
76561197960278834
76561197960278835
76561197960278836
76561197960278837
76561197960278838
76561197960278839
76561197960278840
76561197960278841
76561197960278842
76561197960278843
76561197960278844
76561197960278845
76561197960278846
76561197960278847
76561197960278848
76561197960278849
76561197960278850
76561197960278851
76561197960278853
76561197960278854
76561197960278855
76561197960278856
76561197960278857
76561197960278859
76561197960278860
76561197960278861
76561197960278862
76561197960278863
76561197960278864
76561197960278865
76561197960278866
76561197960278867
76561197960278868
76561197960278869
76561197960278870
76561197960278871
76561197960278872
76561197960278873
76561197960278874
76561197960278875
76561197960278876
76561197960278877
76561197960278878
76561197960278879
76561197960278880
76561197960278881
76561197960278882
76561197960278883
76561197960278885
76561197960278886
76561197960278887
76561197960278890
76561197960278891
76561197960278892
76561197960278893
76561197960278894
76561197960278895
76561197960278896
76561197960278897
76561197960278898
76561197960278899
76561197960278900
76561197960278901
76561197960278902
76561197960278903
76561197960278904
76561197960278905
76561197960278906
76561197960278907
76561197960278908
76561197960278909
76561197960278910
76561197960278912
76561197960278913
76561197960278914
76561197960278915
76561197960278916
76561197960278917
76561197960278918
76561197960278919
76561197960278920
76561197960278921
76561197960278922
76561197960278923
76561197960278924
76561197960278925
76561197960278926
76561197960278928
76561197960278929
76561197960278932
76561197960278933
76561197960278934
76561197960278935
76561197960278936
76561197960278937
76561197960278938
76561197960278940
76561197960278941
76561197960278942
76561197960278943
76561197960278944
76561197960278945
76561197960278946
76561197960278947
76561197960278948
76561197960278949
76561197960278950
76561197960278952
76561197960278953
76561197960278954
76561197960278955
76561197960278956
76561197960278957
76561197960278958
76561197960278959
76561197960278960
76561197960278961
76561197960278962
76561197960278963
76561197960278964
76561197960278965
76561197960278966
76561197960278967
76561197960278968
76561197960278969
76561197960278970
76561197960278971
76561197960278972
76561197960278973
76561197960278974
76561197960278975
76561197960278976
76561197960278978
76561197960278979
76561197960278980
76561197960278981
76561197960278982
76561197960278983
76561197960278984
76561197960278985
76561197960278986
76561197960278987
76561197960278988
76561197960278989
76561197960278990
76561197960278991
76561197960278992
76561197960278993
76561197960278994
76561197960278995
76561197960278996
76561197960278997
76561197960278999
76561197960279000
76561197960279001
76561197960279002
76561197960279003
76561197960279004
76561197960279005
76561197960279006
76561197960279007
76561197960279008
76561197960279009
76561197960279010
76561197960279011
76561197960279012
76561197960279013
76561197960279014
76561197960279015
76561197960279016
76561197960279017
76561197960279018
76561197960279019
76561197960279020
76561197960279022
76561197960279023
76561197960279024
76561197960279025
76561197960279026
76561197960279027
76561197960279028
76561197960279029
76561197960279030
76561197960279031
76561197960279032
76561197960279033
76561197960279034
76561197960279035
76561197960279036
76561197960279037
76561197960279038
76561197960279040
76561197960279041
76561197960279042
76561197960279043
76561197960279044
76561197960279045
76561197960279046
76561197960279047
76561197960279048
76561197960279049
76561197960279050
76561197960279051
76561197960279052
76561197960279053
76561197960279054
76561197960279056
76561197960279057
76561197960279058
76561197960279059
76561197960279061
76561197960279062
76561197960279063
76561197960279064
76561197960279065
76561197960279066
76561197960279067
76561197960279068
76561197960279069
76561197960279070
76561197960279071
76561197960279072
76561197960279073
76561197960279074
76561197960279075
76561197960279076
76561197960279078
76561197960279079
76561197960279080
76561197960279081
76561197960279082
76561197960279083
76561197960279084
76561197960279085
76561197960279086
76561197960279087
76561197960279088
76561197960279089
76561197960279090
76561197960279091
76561197960279092
76561197960279093
76561197960279094
76561197960279095
76561197960279096
76561197960279097
76561197960279098
76561197960279099
76561197960279100
76561197960279101
76561197960279102
76561197960279103
76561197960279104
76561197960279106
76561197960279107
76561197960279108
76561197960279111
76561197960279112
76561197960279113
76561197960279114
76561197960279115
76561197960279116
76561197960279117
76561197960279118
76561197960279119
76561197960279120
76561197960279121
76561197960279122
76561197960279123
76561197960279124
76561197960279125
76561197960279128
76561197960279129
76561197960279130
76561197960279131
76561197960279132
76561197960279133
76561197960279134
76561197960279135
76561197960279136
76561197960279137
76561197960279139
76561197960279140
76561197960279141
76561197960279142
76561197960279143
76561197960279144
76561197960279145
76561197960279146
76561197960279147
76561197960279148
76561197960279149
76561197960279150
76561197960279151
76561197960279152
76561197960279153
76561197960279154
76561197960279155
76561197960279156
76561197960279157
76561197960279158
76561197960279159
76561197960279160
76561197960279161
76561197960279163
76561197960279164
76561197960279165
76561197960279167
76561197960279168
76561197960279169
76561197960279170
76561197960279171
76561197960279172
76561197960279174
76561197960279175
76561197960279176
76561197960279177
76561197960279178
76561197960279179
76561197960279180
76561197960279181
76561197960279183
76561197960279184
76561197960279185
76561197960279187
76561197960279188
76561197960279189
76561197960279190
76561197960279191
76561197960279193
76561197960279194
76561197960279195
76561197960279196
76561197960279197
76561197960279198
76561197960279200
76561197960279201
76561197960279202
76561197960279203
76561197960279204
76561197960279205
76561197960279206
76561197960279207
76561197960279208
76561197960279209
76561197960279210
76561197960279211
76561197960279212
76561197960279213
76561197960279214
76561197960279215
76561197960279216
76561197960279217
76561197960279218
76561197960279219
76561197960279220
76561197960279221
76561197960279222
76561197960279223
76561197960279224
76561197960279225
76561197960279226
76561197960279229
76561197960279230
76561197960279232
76561197960279233
76561197960279234
76561197960279235
76561197960279236
76561197960279237
76561197960279238
76561197960279239
76561197960279240
76561197960279241
76561197960279242
76561197960279244
76561197960279245
76561197960279246
76561197960279247
76561197960279248
76561197960279249
76561197960279250
76561197960279251
76561197960279252
76561197960279253
76561197960279254
76561197960279255
76561197960279256
76561197960279257
76561197960279258
76561197960279259
76561197960279260
76561197960279261
76561197960279265
76561197960279266
76561197960279268
76561197960279269
76561197960279270
76561197960279271
76561197960279272
76561197960279273
76561197960279274
76561197960279276
76561197960279277
76561197960279278
76561197960279279
76561197960279280
76561197960279281
76561197960279282
76561197960279283
76561197960279284
76561197960279285
76561197960279286
76561197960279287
76561197960279288
76561197960279289
76561197960279290
76561197960279291
76561197960279292
76561197960279293
76561197960279294
76561197960279295
76561197960279296
76561197960279297
76561197960279298
76561197960279299
76561197960279301
76561197960279302
76561197960279303
76561197960279304
76561197960279305
76561197960279306
76561197960279307
76561197960279308
76561197960279309
76561197960279310
76561197960279311
76561197960279312
76561197960279313
76561197960279315
76561197960279316
76561197960279317
76561197960279318
76561197960279319
76561197960279320
76561197960279321
76561197960279322
76561197960279323
76561197960279324
76561197960279325
76561197960279327
76561197960279328
76561197960279329
76561197960279330
76561197960279331
76561197960279332
76561197960279333
76561197960279334
76561197960279335
76561197960279336
76561197960279337
76561197960279338
76561197960279339
76561197960279340
76561197960279341
76561197960279342
76561197960279343
76561197960279344
76561197960279345
76561197960279346
76561197960279347
76561197960279348
76561197960279349
76561197960279350
76561197960279351
76561197960279352
76561197960279353
76561197960279354
76561197960279355
76561197960279356
76561197960279357
76561197960279358
76561197960279359
76561197960279360
76561197960279361
76561197960279362
76561197960279363
76561197960279364
76561197960279365
76561197960279367
76561197960279368
76561197960279369
76561197960279370
76561197960279371
76561197960279372
76561197960279373
76561197960279374
76561197960279375
76561197960279376
76561197960279377
76561197960279378
76561197960279379
76561197960279380
76561197960279381
76561197960279382
76561197960279383
76561197960279384
76561197960279385
76561197960279386
76561197960279387
76561197960279388
76561197960279389
76561197960279390
76561197960279391
76561197960279392
76561197960279393
76561197960279394
76561197960279396
76561197960279397
76561197960279398
76561197960279399
76561197960279400
76561197960279401
76561197960279402
76561197960279403
76561197960279404
76561197960279406
76561197960279407
76561197960279408
76561197960279409
76561197960279410
76561197960279411
76561197960279412
76561197960279413
76561197960279414
76561197960279415
76561197960279416
76561197960279417
76561197960279418
76561197960279420
76561197960279421
76561197960279422
76561197960279424
76561197960279425
76561197960279426
76561197960279427
76561197960279428
76561197960279429
76561197960279430
76561197960279431
76561197960279432
76561197960279433
76561197960279434
76561197960279435
76561197960279436
76561197960279437
76561197960279438
76561197960279439
76561197960279440
76561197960279441
76561197960279442
76561197960279444
76561197960279445
76561197960279446
76561197960279447
76561197960279448
76561197960279449
76561197960279450
76561197960279451
76561197960279452
76561197960279454
76561197960279455
76561197960279456
76561197960279457
76561197960279458
76561197960279459
76561197960279460
76561197960279461
76561197960279462
76561197960279463
76561197960279464
76561197960279465
76561197960279466
76561197960279467
76561197960279468
76561197960279469
76561197960279470
76561197960279471
76561197960279473
76561197960279474
76561197960279475
76561197960279476
76561197960279477
76561197960279478
76561197960279479
76561197960279480
76561197960279481
76561197960279482
76561197960279483
76561197960279484
76561197960279486
76561197960279487
76561197960279488
76561197960279489
76561197960279490
76561197960279491
76561197960279493
76561197960279494
76561197960279495
76561197960279496
76561197960279497
76561197960279498
76561197960279499
76561197960279500
76561197960279501
76561197960279502
76561197960279503
76561197960279504
76561197960279505
76561197960279506
76561197960279507
76561197960279508
76561197960279509
76561197960279510
76561197960279511
76561197960279512
76561197960279513
76561197960279514
76561197960279515
76561197960279516
76561197960279517
76561197960279518
76561197960279519
76561197960279520
76561197960279521
76561197960279522
76561197960279523
76561197960279524
76561197960279525
76561197960279526
76561197960279527
76561197960279528
76561197960279529
76561197960279530
76561197960279531
76561197960279532
76561197960279533
76561197960279534
76561197960279536
76561197960279537
76561197960279538
76561197960279539
76561197960279540
76561197960279541
76561197960279542
76561197960279543
76561197960279544
76561197960279545
76561197960279546
76561197960279547
76561197960279549
76561197960279550
76561197960279551
76561197960279552
76561197960279553
76561197960279555
76561197960279556
76561197960279557
76561197960279558
76561197960279559
76561197960279560
76561197960279561
76561197960279562
76561197960279563
76561197960279564
76561197960279565
76561197960279566
76561197960279567
76561197960279568
76561197960279569
76561197960279570
76561197960279571
76561197960279572
76561197960279573
76561197960279574
76561197960279575
76561197960279576
76561197960279577
76561197960279578
76561197960279579
76561197960279580
76561197960279581
76561197960279582
76561197960279583
76561197960279586
76561197960279587
76561197960279588
76561197960279589
76561197960279590
76561197960279591
76561197960279592
76561197960279593
76561197960279594
76561197960279595
76561197960279596
76561197960279597
76561197960279598
