76561197960677506
76561197960677507
76561197960677509
76561197960677510
76561197960677511
76561197960677512
76561197960677513
76561197960677514
76561197960677515
76561197960677516
76561197960677517
76561197960677518
76561197960677519
76561197960677520
76561197960677521
76561197960677524
76561197960677526
76561197960677527
76561197960677528
76561197960677529
76561197960677531
76561197960677532
76561197960677533
76561197960677534
76561197960677535
76561197960677536
76561197960677537
76561197960677539
76561197960677540
76561197960677541
76561197960677542
76561197960677543
76561197960677546
76561197960677547
76561197960677548
76561197960677549
76561197960677550
76561197960677551
76561197960677552
76561197960677554
76561197960677555
76561197960677556
76561197960677557
76561197960677558
76561197960677559
76561197960677560
76561197960677562
76561197960677563
76561197960677564
76561197960677566
76561197960677567
76561197960677568
76561197960677569
76561197960677570
76561197960677571
76561197960677572
76561197960677573
76561197960677574
76561197960677575
76561197960677576
76561197960677578
76561197960677579
76561197960677580
76561197960677582
76561197960677583
76561197960677587
76561197960677588
76561197960677589
76561197960677590
76561197960677591
76561197960677592
76561197960677593
76561197960677594
76561197960677595
76561197960677596
76561197960677597
76561197960677598
76561197960677599
76561197960677600
76561197960677601
76561197960677602
76561197960677604
76561197960677605
76561197960677606
76561197960677608
76561197960677611
76561197960677612
76561197960677613
76561197960677614
76561197960677615
76561197960677616
76561197960677617
76561197960677618
76561197960677622
76561197960677623
76561197960677624
76561197960677625
76561197960677626
76561197960677627
76561197960677628
76561197960677629
76561197960677630
76561197960677631
76561197960677632
76561197960677633
76561197960677635
76561197960677636
76561197960677637
76561197960677639
76561197960677640
76561197960677641
76561197960677643
76561197960677644
76561197960677645
76561197960677646
76561197960677647
76561197960677648
76561197960677649
76561197960677650
76561197960677651
76561197960677652
76561197960677653
76561197960677654
76561197960677655
76561197960677656
76561197960677657
76561197960677658
76561197960677659
76561197960677661
76561197960677662
76561197960677665
76561197960677666
76561197960677667
76561197960677668
76561197960677670
76561197960677671
76561197960677672
76561197960677673
76561197960677674
76561197960677675
76561197960677676
76561197960677677
76561197960677678
76561197960677679
76561197960677680
76561197960677681
76561197960677682
76561197960677685
76561197960677687
76561197960677688
76561197960677689
76561197960677690
76561197960677692
76561197960677693
76561197960677694
76561197960677695
76561197960677697
76561197960677698
76561197960677699
76561197960677700
76561197960677702
76561197960677703
76561197960677704
76561197960677705
76561197960677706
76561197960677707
76561197960677709
76561197960677710
76561197960677711
76561197960677712
76561197960677713
76561197960677714
76561197960677715
76561197960677716
76561197960677718
76561197960677719
76561197960677723
76561197960677725
76561197960677727
76561197960677729
76561197960677730
76561197960677731
76561197960677733
76561197960677734
76561197960677736
76561197960677738
76561197960677739
76561197960677740
76561197960677741
76561197960677743
76561197960677744
76561197960677746
76561197960677747
76561197960677748
76561197960677749
76561197960677751
76561197960677754
76561197960677755
76561197960677756
76561197960677757
76561197960677758
76561197960677759
76561197960677760
76561197960677761
76561197960677763
76561197960677764
76561197960677765
76561197960677766
76561197960677767
76561197960677768
76561197960677769
76561197960677772
76561197960677774
76561197960677775
76561197960677776
76561197960677777
76561197960677778
76561197960677779
76561197960677782
76561197960677783
76561197960677784
76561197960677787
76561197960677788
76561197960677790
76561197960677791
76561197960677792
76561197960677795
76561197960677796
76561197960677797
76561197960677798
76561197960677799
76561197960677800
76561197960677801
76561197960677803
76561197960677804
76561197960677806
76561197960677807
76561197960677808
76561197960677809
76561197960677811
76561197960677814
76561197960677815
76561197960677816
76561197960677817
76561197960677819
76561197960677821
76561197960677822
76561197960677823
76561197960677826
76561197960677827
76561197960677828
76561197960677829
76561197960677830
76561197960677831
76561197960677832
76561197960677834
76561197960677835
76561197960677836
76561197960677837
76561197960677838
76561197960677839
76561197960677840
76561197960677841
76561197960677843
76561197960677844
76561197960677845
76561197960677846
76561197960677849
76561197960677851
76561197960677852
76561197960677853
76561197960677854
76561197960677856
76561197960677858
76561197960677859
76561197960677860
76561197960677861
76561197960677862
76561197960677863
76561197960677865
76561197960677866
76561197960677867
76561197960677868
76561197960677870
76561197960677871
76561197960677874
76561197960677876
76561197960677877
76561197960677879
76561197960677881
76561197960677882
76561197960677883
76561197960677884
76561197960677885
76561197960677886
76561197960677887
76561197960677888
76561197960677889
76561197960677890
76561197960677891
76561197960677892
76561197960677894
76561197960677895
76561197960677896
76561197960677897
76561197960677898
76561197960677899
76561197960677900
76561197960677901
76561197960677903
76561197960677904
76561197960677905
76561197960677906
76561197960677907
76561197960677908
76561197960677909
76561197960677911
76561197960677912
76561197960677913
76561197960677915
76561197960677916
76561197960677918
76561197960677919
76561197960677920
76561197960677922
76561197960677923
76561197960677924
76561197960677925
76561197960677926
76561197960677927
76561197960677928
76561197960677930
76561197960677932
76561197960677933
76561197960677935
76561197960677936
76561197960677937
76561197960677938
76561197960677939
76561197960677940
76561197960677942
76561197960677943
76561197960677944
76561197960677945
76561197960677946
76561197960677947
76561197960677948
76561197960677949
76561197960677950
76561197960677951
76561197960677952
76561197960677953
76561197960677954
76561197960677956
76561197960677957
76561197960677958
76561197960677960
76561197960677961
76561197960677962
76561197960677964
76561197960677965
76561197960677966
76561197960677967
76561197960677968
76561197960677969
76561197960677971
76561197960677972
76561197960677973
76561197960677974
76561197960677978
76561197960677979
76561197960677980
76561197960677982
76561197960677983
76561197960677984
76561197960677985
76561197960677986
76561197960677987
76561197960677988
76561197960677990
76561197960677991
76561197960677992
76561197960677995
76561197960677996
76561197960677998
76561197960677999
76561197960678000
76561197960678002
76561197960678003
76561197960678004
76561197960678005
76561197960678006
76561197960678008
76561197960678010
76561197960678012
76561197960678013
76561197960678014
76561197960678015
76561197960678017
76561197960678018
76561197960678019
76561197960678021
76561197960678022
76561197960678023
76561197960678024
76561197960678027
76561197960678029
76561197960678030
76561197960678032
76561197960678033
76561197960678034
76561197960678035
76561197960678038
76561197960678039
76561197960678040
76561197960678041
76561197960678042
76561197960678043
76561197960678044
76561197960678046
76561197960678047
76561197960678048
76561197960678050
76561197960678051
76561197960678053
76561197960678054
76561197960678055
76561197960678056
76561197960678058
76561197960678059
76561197960678061
76561197960678062
76561197960678063
76561197960678064
76561197960678065
76561197960678066
76561197960678067
76561197960678069
76561197960678070
76561197960678071
76561197960678072
76561197960678074
76561197960678075
76561197960678077
76561197960678078
76561197960678079
76561197960678080
76561197960678081
76561197960678082
76561197960678084
76561197960678085
76561197960678086
76561197960678088
76561197960678089
76561197960678090
76561197960678091
76561197960678092
76561197960678094
76561197960678095
76561197960678096
76561197960678098
76561197960678099
76561197960678101
76561197960678102
76561197960678103
76561197960678104
76561197960678105
76561197960678106
76561197960678108
76561197960678109
76561197960678110
76561197960678111
76561197960678112
76561197960678113
76561197960678115
76561197960678116
76561197960678117
76561197960678118
76561197960678119
76561197960678120
76561197960678121
76561197960678122
76561197960678123
76561197960678124
76561197960678125
76561197960678126
76561197960678127
76561197960678130
76561197960678131
76561197960678132
76561197960678133
76561197960678135
76561197960678136
76561197960678138
76561197960678139
76561197960678140
76561197960678141
76561197960678142
76561197960678143
76561197960678144
76561197960678146
76561197960678147
76561197960678148
76561197960678149
76561197960678150
76561197960678151
76561197960678152
76561197960678154
76561197960678155
76561197960678156
76561197960678157
76561197960678158
76561197960678159
76561197960678160
76561197960678161
76561197960678163
76561197960678165
76561197960678167
76561197960678168
76561197960678170
76561197960678171
76561197960678172
76561197960678173
76561197960678175
76561197960678176
76561197960678177
76561197960678178
76561197960678181
76561197960678182
76561197960678183
76561197960678185
76561197960678186
76561197960678187
76561197960678188
76561197960678189
76561197960678190
76561197960678191
76561197960678192
76561197960678193
76561197960678195
76561197960678196
76561197960678197
76561197960678198
76561197960678199
76561197960678200
76561197960678201
76561197960678202
76561197960678203
76561197960678204
76561197960678205
76561197960678206
76561197960678207
76561197960678208
76561197960678209
76561197960678210
76561197960678212
76561197960678213
76561197960678215
76561197960678216
76561197960678217
76561197960678219
76561197960678220
76561197960678221
76561197960678222
76561197960678223
76561197960678225
76561197960678226
76561197960678227
76561197960678228
76561197960678230
76561197960678231
76561197960678233
76561197960678234
76561197960678235
76561197960678236
76561197960678237
76561197960678239
76561197960678240
76561197960678241
76561197960678242
76561197960678243
76561197960678244
76561197960678245
76561197960678246
76561197960678247
76561197960678248
76561197960678249
76561197960678250
76561197960678251
76561197960678253
76561197960678255
76561197960678256
76561197960678257
76561197960678258
76561197960678259
76561197960678260
76561197960678261
76561197960678262
76561197960678263
76561197960678264
76561197960678265
76561197960678266
76561197960678267
76561197960678268
76561197960678269
76561197960678270
76561197960678271
76561197960678273
76561197960678276
76561197960678277
76561197960678279
76561197960678280
76561197960678281
76561197960678282
76561197960678283
76561197960678286
76561197960678288
76561197960678289
76561197960678290
76561197960678292
76561197960678293
76561197960678294
76561197960678295
76561197960678296
76561197960678297
76561197960678298
76561197960678299
76561197960678300
76561197960678301
76561197960678302
76561197960678303
76561197960678304
76561197960678307
76561197960678308
76561197960678309
76561197960678310
76561197960678311
76561197960678312
76561197960678313
76561197960678314
76561197960678315
76561197960678317
76561197960678319
76561197960678320
76561197960678321
76561197960678323
76561197960678325
76561197960678326
76561197960678328
76561197960678329
76561197960678330
76561197960678331
76561197960678333
76561197960678334
76561197960678335
76561197960678336
76561197960678337
76561197960678338
76561197960678339
76561197960678340
76561197960678342
76561197960678343
76561197960678344
76561197960678345
76561197960678346
76561197960678347
76561197960678348
76561197960678349
76561197960678350
76561197960678352
76561197960678353
76561197960678354
76561197960678355
76561197960678356
76561197960678357
76561197960678358
76561197960678359
76561197960678360
76561197960678361
76561197960678362
76561197960678363
76561197960678364
76561197960678365
76561197960678367
76561197960678369
76561197960678370
76561197960678371
76561197960678372
76561197960678373
76561197960678374
76561197960678375
76561197960678376
76561197960678377
76561197960678378
76561197960678381
76561197960678382
76561197960678383
76561197960678384
76561197960678385
76561197960678386
76561197960678387
76561197960678388
76561197960678389
76561197960678391
76561197960678393
76561197960678394
76561197960678395
76561197960678396
76561197960678397
76561197960678398
76561197960678399
76561197960678400
76561197960678402
76561197960678404
76561197960678405
76561197960678406
76561197960678407
76561197960678408
76561197960678409
76561197960678412
76561197960678413
76561197960678416
76561197960678417
76561197960678418
76561197960678419
76561197960678420
76561197960678421
76561197960678422
76561197960678423
76561197960678424
76561197960678425
76561197960678426
76561197960678427
76561197960678428
76561197960678429
76561197960678430
76561197960678431
76561197960678432
76561197960678433
76561197960678434
76561197960678435
76561197960678436
76561197960678437
76561197960678438
76561197960678439
76561197960678440
76561197960678441
76561197960678442
76561197960678443
76561197960678445
76561197960678446
76561197960678447
76561197960678449
76561197960678450
76561197960678452
76561197960678454
76561197960678455
76561197960678457
76561197960678459
76561197960678461
76561197960678464
76561197960678465
76561197960678466
76561197960678467
76561197960678468
76561197960678472
76561197960678473
76561197960678474
76561197960678475
76561197960678476
76561197960678477
76561197960678478
76561197960678479
76561197960678482
76561197960678483
76561197960678485
76561197960678486
76561197960678487
76561197960678489
76561197960678490
76561197960678491
76561197960678492
76561197960678493
76561197960678494
76561197960678495
76561197960678496
76561197960678497
76561197960678498
76561197960678500
76561197960678502
76561197960678503
76561197960678504
76561197960678505
76561197960678506
76561197960678509
76561197960678510
76561197960678511
76561197960678513
76561197960678517
76561197960678519
76561197960678520
76561197960678521
76561197960678522
76561197960678523
76561197960678524
76561197960678526
76561197960678527
76561197960678528
76561197960678529
76561197960678530
76561197960678531
76561197960678532
76561197960678533
76561197960678534
76561197960678535
76561197960678536
76561197960678537
76561197960678538
76561197960678539
76561197960678540
76561197960678542
76561197960678545
76561197960678546
76561197960678547
76561197960678548
76561197960678550
76561197960678551
76561197960678552
76561197960678553
76561197960678554
76561197960678555
76561197960678556
76561197960678558
76561197960678560
76561197960678561
76561197960678562
76561197960678563
76561197960678564
76561197960678565
76561197960678566
76561197960678567
76561197960678568
76561197960678570
76561197960678571
76561197960678572
76561197960678573
76561197960678575
76561197960678576
76561197960678577
76561197960678578
76561197960678579
76561197960678580
76561197960678581
76561197960678582
76561197960678584
76561197960678586
76561197960678587
76561197960678588
76561197960678589
76561197960678590
76561197960678591
76561197960678592
76561197960678593
76561197960678594
76561197960678595
76561197960678596
76561197960678597
76561197960678598
76561197960678599
76561197960678600
76561197960678602
76561197960678606
76561197960678608
76561197960678609
76561197960678610
76561197960678611
76561197960678614
76561197960678616
76561197960678617
76561197960678618
76561197960678619
76561197960678620
76561197960678622
76561197960678623
76561197960678625
76561197960678627
76561197960678628
76561197960678629
76561197960678630
76561197960678631
76561197960678632
76561197960678633
76561197960678634
76561197960678635
76561197960678636
76561197960678637
76561197960678638
76561197960678639
76561197960678640
76561197960678641
76561197960678642
76561197960678644
76561197960678645
76561197960678646
76561197960678647
76561197960678648
76561197960678649
76561197960678650
76561197960678652
76561197960678654
76561197960678655
76561197960678656
76561197960678657
76561197960678658
76561197960678660
76561197960678662
76561197960678664
76561197960678665
76561197960678666
76561197960678667
76561197960678668
76561197960678669
76561197960678670
76561197960678671
76561197960678673
76561197960678675
76561197960678676
76561197960678677
76561197960678679
76561197960678680
76561197960678681
76561197960678682
76561197960678683
76561197960678686
76561197960678688
76561197960678689
76561197960678690
76561197960678691
76561197960678692
76561197960678693
76561197960678694
76561197960678695
76561197960678697
76561197960678698
76561197960678699
76561197960678700
76561197960678701
76561197960678702
76561197960678703
76561197960678704
76561197960678705
76561197960678706
76561197960678709
76561197960678710
76561197960678711
76561197960678712
76561197960678713
76561197960678714
76561197960678715
76561197960678716
76561197960678718
76561197960678719
76561197960678720
76561197960678721
76561197960678722
76561197960678723
76561197960678724
76561197960678726
76561197960678727
76561197960678729
76561197960678730
76561197960678731
76561197960678732
76561197960678733
76561197960678734
76561197960678735
76561197960678736
76561197960678737
76561197960678738
76561197960678739
76561197960678741
76561197960678742
76561197960678743
76561197960678744
76561197960678745
76561197960678746
76561197960678748
76561197960678750
76561197960678751
76561197960678752
76561197960678753
76561197960678755
76561197960678756
76561197960678757
76561197960678759
76561197960678760
76561197960678761
76561197960678762
76561197960678763
76561197960678764
