76561197960694572
76561197960694573
76561197960694574
76561197960694575
76561197960694576
76561197960694577
76561197960694580
76561197960694581
76561197960694582
76561197960694583
76561197960694584
76561197960694585
76561197960694586
76561197960694587
76561197960694588
76561197960694589
76561197960694590
76561197960694591
76561197960694592
76561197960694593
76561197960694595
76561197960694597
76561197960694598
76561197960694599
76561197960694600
76561197960694601
76561197960694604
76561197960694607
76561197960694608
76561197960694610
76561197960694612
76561197960694613
76561197960694614
76561197960694615
76561197960694617
76561197960694618
76561197960694619
76561197960694620
76561197960694621
76561197960694623
76561197960694625
76561197960694626
76561197960694628
76561197960694629
76561197960694630
76561197960694632
76561197960694633
76561197960694634
76561197960694635
76561197960694636
76561197960694638
76561197960694639
76561197960694640
76561197960694641
76561197960694642
76561197960694644
76561197960694646
76561197960694647
76561197960694649
76561197960694650
76561197960694651
76561197960694652
76561197960694653
76561197960694655
76561197960694656
76561197960694658
76561197960694662
76561197960694664
76561197960694665
76561197960694667
76561197960694668
76561197960694669
76561197960694670
76561197960694671
76561197960694673
76561197960694675
76561197960694676
76561197960694678
76561197960694679
76561197960694680
76561197960694681
76561197960694682
76561197960694684
76561197960694687
76561197960694690
76561197960694691
76561197960694693
76561197960694695
76561197960694696
76561197960694697
76561197960694698
76561197960694702
76561197960694704
76561197960694706
76561197960694707
76561197960694709
76561197960694710
76561197960694712
76561197960694713
76561197960694715
76561197960694716
76561197960694717
76561197960694718
76561197960694721
76561197960694722
76561197960694723
76561197960694725
76561197960694726
76561197960694727
76561197960694729
76561197960694733
76561197960694734
76561197960694735
76561197960694736
76561197960694740
76561197960694741
76561197960694742
76561197960694745
76561197960694746
76561197960694747
76561197960694748
76561197960694751
76561197960694752
76561197960694754
76561197960694755
76561197960694756
76561197960694757
76561197960694759
76561197960694760
76561197960694763
76561197960694765
76561197960694766
76561197960694767
76561197960694768
76561197960694770
76561197960694771
76561197960694773
76561197960694774
76561197960694777
76561197960694779
76561197960694780
76561197960694781
76561197960694782
76561197960694783
76561197960694784
76561197960694789
76561197960694791
76561197960694792
76561197960694793
76561197960694794
76561197960694795
76561197960694796
76561197960694797
76561197960694798
76561197960694800
76561197960694802
76561197960694803
76561197960694804
76561197960694805
76561197960694806
76561197960694807
76561197960694810
76561197960694811
76561197960694812
76561197960694813
76561197960694814
76561197960694815
76561197960694816
76561197960694817
76561197960694819
76561197960694820
76561197960694821
76561197960694823
76561197960694825
76561197960694826
76561197960694827
76561197960694828
76561197960694829
76561197960694830
76561197960694833
76561197960694835
76561197960694836
76561197960694838
76561197960694839
76561197960694840
76561197960694842
76561197960694843
76561197960694845
76561197960694846
76561197960694849
76561197960694850
76561197960694851
76561197960694852
76561197960694853
76561197960694854
76561197960694855
76561197960694858
76561197960694859
76561197960694860
76561197960694861
76561197960694862
76561197960694863
76561197960694864
76561197960694865
76561197960694866
76561197960694868
76561197960694869
76561197960694870
76561197960694871
76561197960694872
76561197960694873
76561197960694874
76561197960694877
76561197960694878
76561197960694879
76561197960694882
76561197960694883
76561197960694884
76561197960694886
76561197960694887
76561197960694888
76561197960694889
76561197960694890
76561197960694892
76561197960694893
76561197960694899
76561197960694900
76561197960694902
76561197960694904
76561197960694905
76561197960694906
76561197960694907
76561197960694908
76561197960694909
76561197960694910
76561197960694911
76561197960694913
76561197960694914
76561197960694915
76561197960694916
76561197960694917
76561197960694918
76561197960694919
76561197960694920
76561197960694921
76561197960694922
76561197960694923
76561197960694924
76561197960694925
76561197960694926
76561197960694927
76561197960694928
76561197960694929
76561197960694931
76561197960694933
76561197960694934
76561197960694935
76561197960694936
76561197960694937
76561197960694938
76561197960694939
76561197960694940
76561197960694941
76561197960694942
76561197960694944
76561197960694945
76561197960694946
76561197960694947
76561197960694949
76561197960694950
76561197960694951
76561197960694952
76561197960694953
76561197960694955
76561197960694956
76561197960694957
76561197960694958
76561197960694959
76561197960694961
76561197960694962
76561197960694964
76561197960694966
76561197960694969
76561197960694970
76561197960694971
76561197960694972
76561197960694974
76561197960694976
76561197960694977
76561197960694978
76561197960694980
76561197960694982
76561197960694984
76561197960694986
76561197960694987
76561197960694988
76561197960694989
76561197960694990
76561197960694991
76561197960694992
76561197960694994
76561197960694996
76561197960694997
76561197960694999
76561197960695000
76561197960695002
76561197960695004
76561197960695005
76561197960695006
76561197960695007
76561197960695008
76561197960695009
76561197960695010
76561197960695011
76561197960695012
76561197960695013
76561197960695014
76561197960695015
76561197960695016
76561197960695017
76561197960695018
76561197960695019
76561197960695020
76561197960695021
76561197960695022
76561197960695023
76561197960695024
76561197960695025
76561197960695026
76561197960695030
76561197960695031
76561197960695033
76561197960695034
76561197960695036
76561197960695041
76561197960695042
76561197960695043
76561197960695044
76561197960695046
76561197960695047
76561197960695049
76561197960695074
76561197960695081
76561197960695085
76561197960695129
76561197960695146
76561197960695160
76561197960695161
76561197960695162
76561197960695163
76561197960695164
76561197960695165
76561197960695166
76561197960695169
76561197960695170
76561197960695171
76561197960695172
76561197960695174
76561197960695175
76561197960695176
76561197960695178
76561197960695180
76561197960695181
76561197960695182
76561197960695183
76561197960695184
76561197960695187
76561197960695188
76561197960695189
76561197960695190
76561197960695192
76561197960695196
76561197960695198
76561197960695199
76561197960695202
76561197960695203
76561197960695208
76561197960695209
76561197960695210
76561197960695212
76561197960695214
76561197960695215
76561197960695216
76561197960695217
76561197960695218
76561197960695220
76561197960695221
76561197960695222
76561197960695223
76561197960695225
76561197960695228
76561197960695229
76561197960695230
76561197960695231
76561197960695232
76561197960695233
76561197960695234
76561197960695236
76561197960695239
76561197960695241
76561197960695244
76561197960695245
76561197960695247
76561197960695250
76561197960695251
76561197960695252
76561197960695254
76561197960695256
76561197960695257
76561197960695258
76561197960695260
76561197960695262
76561197960695266
76561197960695267
76561197960695268
76561197960695270
76561197960695271
76561197960695273
76561197960695274
76561197960695275
76561197960695277
76561197960695278
76561197960695279
76561197960695280
76561197960695281
76561197960695282
76561197960695283
76561197960695284
76561197960695285
76561197960695286
76561197960695287
76561197960695288
76561197960695289
76561197960695290
76561197960695291
76561197960695294
76561197960695295
76561197960695298
76561197960695299
76561197960695301
76561197960695302
76561197960695303
76561197960695305
76561197960695306
76561197960695309
76561197960695310
76561197960695311
76561197960695312
76561197960695313
76561197960695314
76561197960695315
76561197960695316
76561197960695318
76561197960695319
76561197960695322
76561197960695325
76561197960695326
76561197960695328
76561197960695329
76561197960695330
76561197960695331
76561197960695332
76561197960695333
76561197960695334
76561197960695335
76561197960695339
76561197960695340
76561197960695341
76561197960695343
76561197960695344
76561197960695345
76561197960695347
76561197960695348
76561197960695349
76561197960695350
76561197960695351
76561197960695352
76561197960695353
76561197960695354
76561197960695355
76561197960695356
76561197960695357
76561197960695359
76561197960695360
76561197960695361
76561197960695362
76561197960695363
76561197960695364
76561197960695368
76561197960695369
76561197960695370
76561197960695371
76561197960695372
76561197960695374
76561197960695377
76561197960695378
76561197960695379
76561197960695380
76561197960695381
76561197960695382
76561197960695384
76561197960695385
76561197960695386
76561197960695387
76561197960695390
76561197960695391
76561197960695395
76561197960695396
76561197960695397
76561197960695399
76561197960695402
76561197960695403
76561197960695404
76561197960695405
76561197960695406
76561197960695408
76561197960695409
76561197960695410
76561197960695411
76561197960695412
76561197960695413
76561197960695414
76561197960695415
76561197960695416
76561197960695418
76561197960695420
76561197960695422
76561197960695423
76561197960695424
76561197960695425
76561197960695426
76561197960695427
76561197960695428
76561197960695429
76561197960695434
76561197960695436
76561197960695437
76561197960695439
76561197960695440
76561197960695441
76561197960695442
76561197960695443
76561197960695444
76561197960695445
76561197960695446
76561197960695447
76561197960695448
76561197960695449
76561197960695450
76561197960695451
76561197960695455
76561197960695456
76561197960695457
76561197960695458
76561197960695459
76561197960695460
76561197960695461
76561197960695462
76561197960695468
76561197960695469
76561197960695470
76561197960695471
76561197960695473
76561197960695475
76561197960695476
76561197960695477
76561197960695478
76561197960695480
76561197960695481
76561197960695482
76561197960695484
76561197960695485
76561197960695486
76561197960695487
76561197960695490
76561197960695491
76561197960695492
76561197960695493
76561197960695495
76561197960695497
76561197960695498
76561197960695499
76561197960695500
76561197960695501
76561197960695502
76561197960695503
76561197960695504
76561197960695506
76561197960695508
76561197960695509
76561197960695510
76561197960695513
76561197960695514
76561197960695517
76561197960695518
76561197960695521
76561197960695522
76561197960695523
76561197960695525
76561197960695527
76561197960695528
76561197960695529
76561197960695532
76561197960695534
76561197960695535
76561197960695536
76561197960695537
76561197960695538
76561197960695539
76561197960695540
76561197960695541
76561197960695545
76561197960695547
76561197960695549
76561197960695550
76561197960695552
76561197960695553
76561197960695554
76561197960695555
76561197960695556
76561197960695557
76561197960695560
76561197960695561
76561197960695563
76561197960695565
76561197960695566
76561197960695567
76561197960695568
76561197960695570
76561197960695571
76561197960695572
76561197960695573
76561197960695574
76561197960695575
76561197960695576
76561197960695578
76561197960695580
76561197960695581
76561197960695583
76561197960695586
76561197960695590
76561197960695592
76561197960695595
76561197960695596
76561197960695599
76561197960695600
76561197960695601
76561197960695602
76561197960695603
76561197960695604
76561197960695605
76561197960695609
76561197960695610
76561197960695612
76561197960695613
76561197960695614
76561197960695615
76561197960695617
76561197960695619
76561197960695620
76561197960695621
76561197960695622
76561197960695623
76561197960695624
76561197960695626
76561197960695627
76561197960695628
76561197960695629
76561197960695630
76561197960695631
76561197960695632
76561197960695633
76561197960695634
76561197960695635
76561197960695636
76561197960695637
76561197960695638
76561197960695639
76561197960695641
76561197960695642
76561197960695643
76561197960695648
76561197960695649
76561197960695651
76561197960695652
76561197960695653
76561197960695654
76561197960695655
76561197960695656
76561197960695657
76561197960695658
76561197960695659
76561197960695661
76561197960695663
76561197960695664
76561197960695666
76561197960695667
76561197960695669
76561197960695670
76561197960695671
76561197960695673
76561197960695674
76561197960695675
76561197960695676
76561197960695677
76561197960695678
76561197960695680
76561197960695681
76561197960695682
76561197960695683
76561197960695684
76561197960695685
76561197960695686
76561197960695688
76561197960695689
76561197960695690
76561197960695691
76561197960695692
76561197960695693
76561197960695694
76561197960695695
76561197960695696
76561197960695697
76561197960695700
76561197960695702
76561197960695703
76561197960695705
76561197960695706
76561197960695707
76561197960695708
76561197960695709
76561197960695710
76561197960695711
76561197960695712
76561197960695713
76561197960695714
76561197960695715
76561197960695718
76561197960695720
76561197960695721
76561197960695722
76561197960695723
76561197960695724
76561197960695725
76561197960695728
76561197960695729
76561197960695730
76561197960695732
76561197960695733
76561197960695734
76561197960695735
76561197960695737
76561197960695738
76561197960695739
76561197960695740
76561197960695744
76561197960695745
76561197960695746
76561197960695747
76561197960695750
76561197960695751
76561197960695753
76561197960695754
76561197960695755
76561197960695758
76561197960695759
76561197960695760
76561197960695763
76561197960695765
76561197960695766
76561197960695767
76561197960695770
76561197960695771
76561197960695772
76561197960695773
76561197960695775
76561197960695777
76561197960695779
76561197960695781
76561197960695782
76561197960695783
76561197960695784
76561197960695785
76561197960695786
76561197960695787
76561197960695790
76561197960695791
76561197960695792
76561197960695794
76561197960695795
76561197960695796
76561197960695797
76561197960695798
76561197960695800
76561197960695801
76561197960695802
76561197960695803
76561197960695804
76561197960695805
76561197960695808
76561197960695810
76561197960695811
76561197960695812
76561197960695814
76561197960695815
76561197960695817
76561197960695818
76561197960695820
76561197960695821
76561197960695822
76561197960695823
76561197960695824
76561197960695825
76561197960695827
76561197960695829
76561197960695830
76561197960695834
76561197960695835
76561197960695837
76561197960695840
76561197960695841
76561197960695842
76561197960695843
76561197960695844
76561197960695845
76561197960695846
76561197960695847
76561197960695848
76561197960695849
76561197960695851
76561197960695853
76561197960695854
76561197960695855
76561197960695856
76561197960695857
76561197960695860
76561197960695861
76561197960695862
76561197960695864
76561197960695865
76561197960695866
76561197960695867
76561197960695869
76561197960695870
76561197960695871
76561197960695872
76561197960695873
76561197960695874
76561197960695875
76561197960695876
76561197960695877
76561197960695878
76561197960695879
76561197960695880
76561197960695881
76561197960695882
76561197960695883
76561197960695884
76561197960695885
76561197960695886
76561197960695888
76561197960695889
76561197960695890
76561197960695891
76561197960695893
76561197960695895
76561197960695896
76561197960695898
76561197960695899
76561197960695900
76561197960695901
76561197960695902
76561197960695903
76561197960695904
76561197960695905
76561197960695906
76561197960695907
76561197960695908
76561197960695910
76561197960695911
76561197960695912
76561197960695913
76561197960695914
76561197960695915
76561197960695916
76561197960695917
76561197960695918
76561197960695919
76561197960695921
76561197960695925
76561197960695926
76561197960695927
76561197960695929
76561197960695930
76561197960695931
76561197960695932
76561197960695933
76561197960695934
76561197960695935
76561197960695936
76561197960695937
76561197960695938
76561197960695940
76561197960695942
76561197960695943
76561197960695944
76561197960695945
76561197960695947
76561197960695950
76561197960695952
76561197960695953
76561197960695954
76561197960695955
76561197960695956
76561197960695960
76561197960695961
76561197960695962
76561197960695963
76561197960695965
76561197960695966
76561197960695967
76561197960695968
76561197960695969
76561197960695970
76561197960695972
76561197960695973
76561197960695975
76561197960695976
76561197960695978
76561197960695979
76561197960695981
76561197960695982
76561197960695983
76561197960695984
76561197960695986
76561197960695987
76561197960695988
76561197960695989
76561197960695990
76561197960695991
76561197960695993
76561197960695994
76561197960695995
76561197960695996
76561197960695997
76561197960695998
76561197960695999
76561197960696000
76561197960696002
76561197960696003
76561197960696004
76561197960696005
76561197960696007
76561197960696008
76561197960696009
76561197960696010
76561197960696011
76561197960696015
76561197960696016
76561197960696017
76561197960696020
76561197960696021
76561197960696022
76561197960696023
76561197960696024
76561197960696026
76561197960696028
76561197960696029
76561197960696030
76561197960696031
76561197960696033
76561197960696034
76561197960696035
76561197960696037
76561197960696039
76561197960696040
76561197960696043
76561197960696045
76561197960696047
76561197960696049
76561197960696050
76561197960696054
76561197960696056
76561197960696057
76561197960696059
76561197960696060
76561197960696061
76561197960696064
76561197960696066
76561197960696068
76561197960696069
76561197960696071
76561197960696072
76561197960696073
76561197960696074
76561197960696075
76561197960696076
76561197960696077
76561197960696078
76561197960696079
