76561197961266428
76561197961266429
76561197961266432
76561197961266433
76561197961266434
76561197961266435
76561197961266436
76561197961266437
76561197961266438
76561197961266440
76561197961266441
76561197961266442
76561197961266444
76561197961266445
76561197961266447
76561197961266448
76561197961266449
76561197961266451
76561197961266452
76561197961266454
76561197961266455
76561197961266456
76561197961266457
76561197961266458
76561197961266459
76561197961266461
76561197961266463
76561197961266466
76561197961266467
76561197961266468
76561197961266469
76561197961266470
76561197961266471
76561197961266472
76561197961266477
76561197961266479
76561197961266480
76561197961266481
76561197961266482
76561197961266483
76561197961266484
76561197961266486
76561197961266487
76561197961266488
76561197961266489
76561197961266490
76561197961266491
76561197961266492
76561197961266494
76561197961266495
76561197961266496
76561197961266498
76561197961266499
76561197961266500
76561197961266502
76561197961266503
76561197961266504
76561197961266505
76561197961266506
76561197961266507
76561197961266510
76561197961266511
76561197961266513
76561197961266515
76561197961266516
76561197961266518
76561197961266519
76561197961266521
76561197961266523
76561197961266524
76561197961266525
76561197961266527
76561197961266528
76561197961266531
76561197961266532
76561197961266534
76561197961266535
76561197961266536
76561197961266538
76561197961266539
76561197961266540
76561197961266541
76561197961266542
76561197961266543
76561197961266546
76561197961266547
76561197961266549
76561197961266551
76561197961266554
76561197961266556
76561197961266558
76561197961266559
76561197961266560
76561197961266561
76561197961266562
76561197961266563
76561197961266564
76561197961266565
76561197961266566
76561197961266567
76561197961266569
76561197961266570
76561197961266571
76561197961266574
76561197961266575
76561197961266578
76561197961266579
76561197961266581
76561197961266582
76561197961266583
76561197961266585
76561197961266586
76561197961266588
76561197961266589
76561197961266591
76561197961266594
76561197961266596
76561197961266597
76561197961266598
76561197961266599
76561197961266601
76561197961266605
76561197961266607
76561197961266608
76561197961266609
76561197961266610
76561197961266613
76561197961266615
76561197961266616
76561197961266617
76561197961266618
76561197961266620
76561197961266621
76561197961266624
76561197961266627
76561197961266629
76561197961266630
76561197961266631
76561197961266632
76561197961266633
76561197961266637
76561197961266638
76561197961266639
76561197961266641
76561197961266642
76561197961266643
76561197961266645
76561197961266646
76561197961266648
76561197961266649
76561197961266650
76561197961266651
76561197961266652
76561197961266653
76561197961266654
76561197961266657
76561197961266658
76561197961266660
76561197961266663
76561197961266666
76561197961266667
76561197961266668
76561197961266669
76561197961266670
76561197961266675
76561197961266677
76561197961266678
76561197961266679
76561197961266680
76561197961266681
76561197961266683
76561197961266684
76561197961266685
76561197961266687
76561197961266688
76561197961266689
76561197961266690
76561197961266691
76561197961266692
76561197961266693
76561197961266694
76561197961266695
76561197961266696
76561197961266697
76561197961266698
76561197961266699
76561197961266700
76561197961266703
76561197961266705
76561197961266706
76561197961266707
76561197961266710
76561197961266711
76561197961266713
76561197961266715
76561197961266717
76561197961266718
76561197961266719
76561197961266721
76561197961266722
76561197961266723
76561197961266724
76561197961266727
76561197961266728
76561197961266729
76561197961266732
76561197961266737
76561197961266738
76561197961266739
76561197961266742
76561197961266744
76561197961266747
76561197961266748
76561197961266749
76561197961266752
76561197961266754
76561197961266755
76561197961266756
76561197961266758
76561197961266759
76561197961266760
76561197961266761
76561197961266764
76561197961266765
76561197961266768
76561197961266769
76561197961266770
76561197961266771
76561197961266772
76561197961266774
76561197961266775
76561197961266778
76561197961266779
76561197961266780
76561197961266782
76561197961266783
76561197961266784
76561197961266785
76561197961266787
76561197961266788
76561197961266790
76561197961266793
76561197961266796
76561197961266797
76561197961266798
76561197961266800
76561197961266801
76561197961266802
76561197961266804
76561197961266806
76561197961266807
76561197961266808
76561197961266809
76561197961266810
76561197961266811
76561197961266812
76561197961266813
76561197961266814
76561197961266818
76561197961266819
76561197961266820
76561197961266821
76561197961266823
76561197961266826
76561197961266827
76561197961266830
76561197961266832
76561197961266835
76561197961266836
76561197961266838
76561197961266839
76561197961266847
76561197961266848
76561197961266849
76561197961266850
76561197961266851
76561197961266855
76561197961266856
76561197961266859
76561197961266860
76561197961266861
76561197961266862
76561197961266863
76561197961266864
76561197961266866
76561197961266874
76561197961266875
76561197961266876
76561197961266877
76561197961266878
76561197961266879
76561197961266880
76561197961266881
76561197961266883
76561197961266886
76561197961266888
76561197961266889
76561197961266890
76561197961266891
76561197961266892
76561197961266893
76561197961266895
76561197961266897
76561197961266901
76561197961266902
76561197961266904
76561197961266905
76561197961266906
76561197961266908
76561197961266910
76561197961266911
76561197961266912
76561197961266914
76561197961266915
76561197961266917
76561197961266918
76561197961266921
76561197961266922
76561197961266924
76561197961266925
76561197961266926
76561197961266927
76561197961266928
76561197961266930
76561197961266931
76561197961266932
76561197961266933
76561197961266934
76561197961266935
76561197961266937
76561197961266938
76561197961266942
76561197961266943
76561197961266944
76561197961266945
76561197961266946
76561197961266947
76561197961266950
76561197961266951
76561197961266953
76561197961266954
76561197961266955
76561197961266956
76561197961266957
76561197961266958
76561197961266959
76561197961266960
76561197961266961
76561197961266962
76561197961266964
76561197961266966
76561197961266968
76561197961266969
76561197961266970
76561197961266972
76561197961266974
76561197961266975
76561197961266976
76561197961266977
76561197961266979
76561197961266981
76561197961266982
76561197961266983
76561197961266985
76561197961266986
76561197961266988
76561197961266989
76561197961266990
76561197961266991
76561197961266992
76561197961266993
76561197961266994
76561197961266995
76561197961266996
76561197961266998
76561197961266999
76561197961267000
76561197961267001
76561197961267003
76561197961267004
76561197961267005
76561197961267007
76561197961267008
76561197961267009
76561197961267010
76561197961267012
76561197961267014
76561197961267015
76561197961267016
76561197961267021
76561197961267022
76561197961267023
76561197961267024
76561197961267025
76561197961267026
76561197961267027
76561197961267028
76561197961267029
76561197961267030
76561197961267031
76561197961267032
76561197961267033
76561197961267034
76561197961267036
76561197961267037
76561197961267038
76561197961267039
76561197961267040
76561197961267042
76561197961267043
76561197961267046
76561197961267047
76561197961267049
76561197961267051
76561197961267054
76561197961267055
76561197961267057
76561197961267058
76561197961267059
76561197961267060
76561197961267061
76561197961267062
76561197961267064
76561197961267066
76561197961267067
76561197961267068
76561197961267069
76561197961267072
76561197961267073
76561197961267075
76561197961267076
76561197961267077
76561197961267078
76561197961267079
76561197961267081
76561197961267082
76561197961267084
76561197961267087
76561197961267088
76561197961267091
76561197961267092
76561197961267093
76561197961267094
76561197961267095
76561197961267096
76561197961267097
76561197961267098
76561197961267101
76561197961267102
76561197961267103
76561197961267107
76561197961267108
76561197961267110
76561197961267113
76561197961267114
76561197961267116
76561197961267117
76561197961267118
76561197961267119
76561197961267120
76561197961267121
76561197961267122
76561197961267123
76561197961267124
76561197961267125
76561197961267127
76561197961267132
76561197961267133
76561197961267134
76561197961267136
76561197961267138
76561197961267141
76561197961267142
76561197961267143
76561197961267145
76561197961267146
76561197961267148
76561197961267149
76561197961267150
76561197961267151
76561197961267152
76561197961267153
76561197961267156
76561197961267158
76561197961267159
76561197961267160
76561197961267161
76561197961267162
76561197961267164
76561197961267165
76561197961267167
76561197961267169
76561197961267170
76561197961267171
76561197961267172
76561197961267173
76561197961267174
76561197961267175
76561197961267177
76561197961267178
76561197961267179
76561197961267180
76561197961267181
76561197961267182
76561197961267183
76561197961267184
76561197961267185
76561197961267187
76561197961267188
76561197961267189
76561197961267190
76561197961267191
76561197961267192
76561197961267194
76561197961267195
76561197961267196
76561197961267198
76561197961267200
76561197961267202
76561197961267203
76561197961267204
76561197961267205
76561197961267206
76561197961267207
76561197961267208
76561197961267211
76561197961267213
76561197961267214
76561197961267218
76561197961267220
76561197961267221
76561197961267222
76561197961267225
76561197961267226
76561197961267228
76561197961267231
76561197961267232
76561197961267233
76561197961267234
76561197961267235
76561197961267236
76561197961267237
76561197961267238
76561197961267240
76561197961267241
76561197961267242
76561197961267243
76561197961267244
76561197961267246
76561197961267248
76561197961267249
76561197961267251
76561197961267252
76561197961267253
76561197961267254
76561197961267255
76561197961267257
76561197961267259
76561197961267263
76561197961267264
76561197961267266
76561197961267267
76561197961267269
76561197961267270
76561197961267271
76561197961267273
76561197961267274
76561197961267275
76561197961267276
76561197961267277
76561197961267278
76561197961267279
76561197961267280
76561197961267281
76561197961267283
76561197961267285
76561197961267287
76561197961267289
76561197961267290
76561197961267291
76561197961267293
76561197961267294
76561197961267298
76561197961267300
76561197961267301
76561197961267305
76561197961267306
76561197961267307
76561197961267309
76561197961267310
76561197961267313
76561197961267314
76561197961267316
76561197961267317
76561197961267318
76561197961267319
76561197961267322
76561197961267325
76561197961267326
76561197961267327
76561197961267328
76561197961267329
76561197961267332
76561197961267334
76561197961267335
76561197961267336
76561197961267337
76561197961267338
76561197961267340
76561197961267341
76561197961267342
76561197961267343
76561197961267344
76561197961267345
76561197961267346
76561197961267347
76561197961267348
76561197961267349
76561197961267350
76561197961267351
76561197961267352
76561197961267353
76561197961267354
76561197961267355
76561197961267356
76561197961267357
76561197961267358
76561197961267359
76561197961267360
76561197961267361
76561197961267362
76561197961267365
76561197961267367
76561197961267368
76561197961267370
76561197961267373
76561197961267375
76561197961267376
76561197961267377
76561197961267378
76561197961267379
76561197961267380
76561197961267381
76561197961267382
76561197961267383
76561197961267384
76561197961267385
76561197961267387
76561197961267388
76561197961267391
76561197961267392
76561197961267393
76561197961267394
76561197961267395
76561197961267396
76561197961267397
76561197961267399
76561197961267400
76561197961267402
76561197961267403
76561197961267407
76561197961267408
76561197961267409
76561197961267413
76561197961267415
76561197961267416
76561197961267417
76561197961267418
76561197961267419
76561197961267420
76561197961267421
76561197961267423
76561197961267425
76561197961267429
76561197961267430
76561197961267431
76561197961267432
76561197961267433
76561197961267434
76561197961267435
76561197961267436
76561197961267439
76561197961267440
76561197961267443
76561197961267446
76561197961267448
76561197961267449
76561197961267451
76561197961267453
76561197961267454
76561197961267455
76561197961267457
76561197961267459
76561197961267460
76561197961267462
76561197961267469
76561197961267470
76561197961267471
76561197961267472
76561197961267473
76561197961267474
76561197961267475
76561197961267478
76561197961267479
76561197961267482
76561197961267483
76561197961267485
76561197961267486
76561197961267487
76561197961267488
76561197961267489
76561197961267490
76561197961267491
76561197961267492
76561197961267494
76561197961267495
76561197961267496
76561197961267500
76561197961267503
76561197961267505
76561197961267506
76561197961267507
76561197961267508
76561197961267509
76561197961267510
76561197961267511
76561197961267513
76561197961267514
76561197961267516
76561197961267519
76561197961267522
76561197961267523
76561197961267525
76561197961267527
76561197961267528
76561197961267531
76561197961267533
76561197961267534
76561197961267536
76561197961267538
76561197961267539
76561197961267540
76561197961267541
76561197961267542
76561197961267543
76561197961267544
76561197961267545
76561197961267546
76561197961267547
76561197961267548
76561197961267549
76561197961267551
76561197961267553
76561197961267554
76561197961267555
76561197961267559
76561197961267560
76561197961267561
76561197961267562
76561197961267563
76561197961267564
76561197961267565
76561197961267568
76561197961267569
76561197961267570
76561197961267572
76561197961267573
76561197961267574
76561197961267576
76561197961267577
76561197961267578
76561197961267579
76561197961267580
76561197961267581
76561197961267584
76561197961267585
76561197961267587
76561197961267590
76561197961267591
76561197961267592
76561197961267596
76561197961267597
76561197961267598
76561197961267600
76561197961267601
76561197961267602
76561197961267603
76561197961267604
76561197961267605
76561197961267606
76561197961267607
76561197961267608
76561197961267609
76561197961267610
76561197961267612
76561197961267615
76561197961267617
76561197961267618
76561197961267621
76561197961267622
76561197961267623
76561197961267624
76561197961267625
76561197961267629
76561197961267630
76561197961267631
76561197961267632
76561197961267633
76561197961267634
76561197961267636
76561197961267638
76561197961267639
76561197961267640
76561197961267641
76561197961267642
76561197961267644
76561197961267645
76561197961267646
76561197961267647
76561197961267649
76561197961267650
76561197961267652
76561197961267653
76561197961267656
76561197961267657
76561197961267659
76561197961267660
76561197961267661
76561197961267662
76561197961267665
76561197961267666
76561197961267668
76561197961267671
76561197961267672
76561197961267673
76561197961267674
76561197961267675
76561197961267676
76561197961267677
76561197961267679
76561197961267680
76561197961267681
76561197961267684
76561197961267687
76561197961267689
76561197961267691
76561197961267693
76561197961267695
76561197961267696
76561197961267698
76561197961267699
76561197961267701
76561197961267702
76561197961267703
76561197961267705
76561197961267706
76561197961267707
76561197961267709
76561197961267711
76561197961267713
76561197961267714
76561197961267715
76561197961267716
76561197961267717
76561197961267719
76561197961267720
76561197961267721
76561197961267723
76561197961267724
76561197961267725
76561197961267727
76561197961267728
76561197961267731
76561197961267732
76561197961267735
76561197961267738
76561197961267739
76561197961267743
76561197961267745
76561197961267748
76561197961267749
76561197961267750
76561197961267751
76561197961267752
76561197961267753
76561197961267756
76561197961267758
76561197961267761
76561197961267763
76561197961267765
76561197961267766
76561197961267767
76561197961267768
76561197961267770
76561197961267772
76561197961267773
76561197961267774
76561197961267776
76561197961267778
76561197961267779
76561197961267782
76561197961267784
76561197961267786
76561197961267787
76561197961267788
76561197961267790
76561197961267791
76561197961267793
76561197961267798
76561197961267799
76561197961267800
76561197961267801
76561197961267802
76561197961267806
76561197961267807
76561197961267809
76561197961267810
76561197961267811
76561197961267813
76561197961267815
76561197961267816
76561197961267817
76561197961267818
76561197961267819
76561197961267821
76561197961267822
76561197961267823
76561197961267825
76561197961267828
76561197961267829
76561197961267831
76561197961267832
76561197961267833
76561197961267834
76561197961267836
76561197961267837
76561197961267839
76561197961267840
76561197961267843
76561197961267844
76561197961267845
76561197961267846
76561197961267848
76561197961267849
76561197961267850
76561197961267854
76561197961267855
76561197961267856
76561197961267857
76561197961267858
76561197961267859
76561197961267860
76561197961267861
76561197961267863
76561197961267864
76561197961267866
76561197961267867
76561197961267868
76561197961267869
76561197961267870
76561197961267871
76561197961267872
76561197961267873
76561197961267874
76561197961267877
76561197961267880
76561197961267881
76561197961267882
76561197961267884
76561197961267886
76561197961267887
76561197961267888
76561197961267889
76561197961267890
76561197961267891
76561197961267892
76561197961267894
76561197961267895
76561197961267896
76561197961267897
76561197961267899
76561197961267900
76561197961267903
76561197961267905
76561197961267906
76561197961267907
76561197961267908
76561197961267910
76561197961267912
76561197961267913
76561197961267917
76561197961267918
76561197961267924
76561197961267926
76561197961267929
76561197961267931
76561197961267932
76561197961267933
76561197961267937
76561197961267938
