76561197960539822
76561197960539826
76561197960539827
76561197960539828
76561197960539829
76561197960539830
76561197960539831
76561197960539832
76561197960539833
76561197960539834
76561197960539835
76561197960539836
76561197960539837
76561197960539838
76561197960539840
76561197960539841
76561197960539842
76561197960539843
76561197960539844
76561197960539845
76561197960539846
76561197960539848
76561197960539851
76561197960539853
76561197960539856
76561197960539857
76561197960539858
76561197960539859
76561197960539860
76561197960539862
76561197960539863
76561197960539865
76561197960539867
76561197960539868
76561197960539869
76561197960539870
76561197960539871
76561197960539872
76561197960539874
76561197960539876
76561197960539878
76561197960539882
76561197960539884
76561197960539888
76561197960539890
76561197960539892
76561197960539893
76561197960539894
76561197960539895
76561197960539897
76561197960539901
76561197960539904
76561197960539907
76561197960539909
76561197960539911
76561197960539913
76561197960539915
76561197960539917
76561197960539918
76561197960539920
76561197960539921
76561197960539923
76561197960539929
76561197960539930
76561197960539931
76561197960539935
76561197960539938
76561197960539939
76561197960539940
76561197960539949
76561197960539950
76561197960539951
76561197960539952
76561197960539955
76561197960539957
76561197960539959
76561197960539960
76561197960539964
76561197960539966
76561197960539968
76561197960539969
76561197960539970
76561197960539972
76561197960539974
76561197960539977
76561197960539978
76561197960539980
76561197960539981
76561197960539983
76561197960539984
76561197960539986
76561197960539987
76561197960539988
76561197960539990
76561197960539991
76561197960539992
76561197960539993
76561197960539994
76561197960539997
76561197960539998
76561197960539999
76561197960540000
76561197960540001
76561197960540002
76561197960540003
76561197960540004
76561197960540006
76561197960540008
76561197960540009
76561197960540010
76561197960540012
76561197960540013
76561197960540014
76561197960540017
76561197960540018
76561197960540019
76561197960540022
76561197960540023
76561197960540024
76561197960540025
76561197960540026
76561197960540027
76561197960540032
76561197960540033
76561197960540034
76561197960540036
76561197960540037
76561197960540038
76561197960540039
76561197960540040
76561197960540045
76561197960540046
76561197960540047
76561197960540048
76561197960540050
76561197960540052
76561197960540053
76561197960540055
76561197960540056
76561197960540057
76561197960540063
76561197960540064
76561197960540067
76561197960540068
76561197960540069
76561197960540070
76561197960540071
76561197960540073
76561197960540074
76561197960540075
76561197960540076
76561197960540077
76561197960540080
76561197960540081
76561197960540082
76561197960540083
76561197960540084
76561197960540085
76561197960540086
76561197960540087
76561197960540088
76561197960540089
76561197960540091
76561197960540093
76561197960540094
76561197960540095
76561197960540097
76561197960540098
76561197960540099
76561197960540100
76561197960540102
76561197960540103
76561197960540104
76561197960540106
76561197960540108
76561197960540110
76561197960540111
76561197960540113
76561197960540115
76561197960540117
76561197960540119
76561197960540123
76561197960540124
76561197960540126
76561197960540127
76561197960540130
76561197960540131
76561197960540132
76561197960540134
76561197960540135
76561197960540136
76561197960540138
76561197960540139
76561197960540140
76561197960540141
76561197960540144
76561197960540145
76561197960540146
76561197960540149
76561197960540152
76561197960540155
76561197960540157
76561197960540158
76561197960540159
76561197960540161
76561197960540165
76561197960540166
76561197960540170
76561197960540171
76561197960540173
76561197960540174
76561197960540175
76561197960540176
76561197960540177
76561197960540178
76561197960540179
76561197960540180
76561197960540181
76561197960540182
76561197960540184
76561197960540186
76561197960540187
76561197960540188
76561197960540191
76561197960540192
76561197960540193
76561197960540195
76561197960540196
76561197960540198
76561197960540199
76561197960540201
76561197960540202
76561197960540203
76561197960540205
76561197960540206
76561197960540208
76561197960540209
76561197960540210
76561197960540211
76561197960540212
76561197960540213
76561197960540214
76561197960540217
76561197960540219
76561197960540220
76561197960540221
76561197960540223
76561197960540225
76561197960540227
76561197960540228
76561197960540229
76561197960540230
76561197960540231
76561197960540232
76561197960540233
76561197960540236
76561197960540237
76561197960540238
76561197960540240
76561197960540241
76561197960540247
76561197960540248
76561197960540249
76561197960540250
76561197960540252
76561197960540253
76561197960540254
76561197960540256
76561197960540258
76561197960540259
76561197960540262
76561197960540263
76561197960540264
76561197960540265
76561197960540266
76561197960540267
76561197960540271
76561197960540273
76561197960540274
76561197960540275
76561197960540276
76561197960540277
76561197960540278
76561197960540282
76561197960540284
76561197960540285
76561197960540286
76561197960540287
76561197960540288
76561197960540289
76561197960540291
76561197960540293
76561197960540295
76561197960540297
76561197960540302
76561197960540303
76561197960540304
76561197960540305
76561197960540307
76561197960540308
76561197960540309
76561197960540310
76561197960540311
76561197960540312
76561197960540313
76561197960540315
76561197960540316
76561197960540317
76561197960540320
76561197960540321
76561197960540323
76561197960540324
76561197960540326
76561197960540327
76561197960540328
76561197960540330
76561197960540333
76561197960540334
76561197960540336
76561197960540337
76561197960540338
76561197960540339
76561197960540341
76561197960540342
76561197960540344
76561197960540345
76561197960540346
76561197960540347
76561197960540349
76561197960540354
76561197960540355
76561197960540356
76561197960540357
76561197960540359
76561197960540360
76561197960540361
76561197960540362
76561197960540364
76561197960540365
76561197960540366
76561197960540367
76561197960540368
76561197960540370
76561197960540373
76561197960540374
76561197960540376
76561197960540377
76561197960540378
76561197960540379
76561197960540380
76561197960540382
76561197960540383
76561197960540384
76561197960540385
76561197960540386
76561197960540387
76561197960540389
76561197960540391
76561197960540392
76561197960540393
76561197960540395
76561197960540397
76561197960540398
76561197960540399
76561197960540400
76561197960540401
76561197960540402
76561197960540403
76561197960540404
76561197960540405
76561197960540407
76561197960540408
76561197960540411
76561197960540412
76561197960540413
76561197960540418
76561197960540419
76561197960540421
76561197960540423
76561197960540424
76561197960540425
76561197960540426
76561197960540428
76561197960540429
76561197960540430
76561197960540431
76561197960540432
76561197960540433
76561197960540434
76561197960540435
76561197960540436
76561197960540438
76561197960540439
76561197960540441
76561197960540442
76561197960540444
76561197960540445
76561197960540446
76561197960540448
76561197960540451
76561197960540452
76561197960540453
76561197960540454
76561197960540455
76561197960540457
76561197960540460
76561197960540461
76561197960540462
76561197960540463
76561197960540464
76561197960540466
76561197960540467
76561197960540472
76561197960540473
76561197960540476
76561197960540477
76561197960540479
76561197960540480
76561197960540481
76561197960540483
76561197960540484
76561197960540485
76561197960540487
76561197960540490
76561197960540491
76561197960540493
76561197960540494
76561197960540496
76561197960540499
76561197960540502
76561197960540504
76561197960540506
76561197960540507
76561197960540508
76561197960540509
76561197960540510
76561197960540511
76561197960540512
76561197960540514
76561197960540518
76561197960540520
76561197960540521
76561197960540522
76561197960540523
76561197960540524
76561197960540525
76561197960540527
76561197960540528
76561197960540530
76561197960540531
76561197960540533
76561197960540534
76561197960540536
76561197960540537
76561197960540538
76561197960540539
76561197960540540
76561197960540542
76561197960540543
76561197960540544
76561197960540546
76561197960540547
76561197960540548
76561197960540549
76561197960540550
76561197960540551
76561197960540552
76561197960540553
76561197960540556
76561197960540557
76561197960540560
76561197960540566
76561197960540567
76561197960540570
76561197960540573
76561197960540578
76561197960540580
76561197960540583
76561197960540584
76561197960540585
76561197960540586
76561197960540588
76561197960540590
76561197960540591
76561197960540592
76561197960540597
76561197960540599
76561197960540600
76561197960540601
76561197960540602
76561197960540604
76561197960540605
76561197960540606
76561197960540608
76561197960540609
76561197960540610
76561197960540611
76561197960540613
76561197960540614
76561197960540617
76561197960540618
76561197960540621
76561197960540622
76561197960540623
76561197960540624
76561197960540625
76561197960540628
76561197960540631
76561197960540632
76561197960540634
76561197960540635
76561197960540636
76561197960540638
76561197960540639
76561197960540641
76561197960540642
76561197960540644
76561197960540645
76561197960540646
76561197960540649
76561197960540650
76561197960540654
76561197960540656
76561197960540658
76561197960540659
76561197960540660
76561197960540661
76561197960540662
76561197960540666
76561197960540667
76561197960540668
76561197960540670
76561197960540671
76561197960540672
76561197960540675
76561197960540678
76561197960540680
76561197960540681
76561197960540683
76561197960540684
76561197960540685
76561197960540686
76561197960540687
76561197960540688
76561197960540690
76561197960540692
76561197960540694
76561197960540696
76561197960540700
76561197960540703
76561197960540704
76561197960540705
76561197960540706
76561197960540708
76561197960540709
76561197960540710
76561197960540711
76561197960540715
76561197960540717
76561197960540718
76561197960540719
76561197960540721
76561197960540723
76561197960540726
76561197960540727
76561197960540732
76561197960540733
76561197960540736
76561197960540737
76561197960540738
76561197960540739
76561197960540741
76561197960540742
76561197960540743
76561197960540744
76561197960540745
76561197960540746
76561197960540748
76561197960540749
76561197960540750
76561197960540751
76561197960540752
76561197960540756
76561197960540758
76561197960540759
76561197960540764
76561197960540765
76561197960540766
76561197960540767
76561197960540769
76561197960540770
76561197960540771
76561197960540772
76561197960540774
76561197960540776
76561197960540777
76561197960540779
76561197960540780
76561197960540782
76561197960540783
76561197960540784
76561197960540786
76561197960540787
76561197960540788
76561197960540790
76561197960540794
76561197960540796
76561197960540797
76561197960540798
76561197960540799
76561197960540802
76561197960540803
76561197960540805
76561197960540807
76561197960540809
76561197960540810
76561197960540811
76561197960540813
76561197960540816
76561197960540817
76561197960540819
76561197960540820
76561197960540821
76561197960540823
76561197960540825
76561197960540826
76561197960540828
76561197960540830
76561197960540831
76561197960540832
76561197960540834
76561197960540835
76561197960540843
76561197960540844
76561197960540847
76561197960540848
76561197960540849
76561197960540850
76561197960540851
76561197960540852
76561197960540854
76561197960540856
76561197960540857
76561197960540858
76561197960540859
76561197960540861
76561197960540862
76561197960540863
76561197960540864
76561197960540867
76561197960540868
76561197960540870
76561197960540872
76561197960540873
76561197960540875
76561197960540876
76561197960540877
76561197960540878
76561197960540879
76561197960540880
76561197960540881
76561197960540882
76561197960540883
76561197960540884
76561197960540885
76561197960540886
76561197960540887
76561197960540888
76561197960540890
76561197960540892
76561197960540894
76561197960540896
76561197960540900
76561197960540901
76561197960540903
76561197960540904
76561197960540906
76561197960540908
76561197960540911
76561197960540912
76561197960540913
76561197960540914
76561197960540915
76561197960540916
76561197960540917
76561197960540918
76561197960540921
76561197960540923
76561197960540925
76561197960540927
76561197960540928
76561197960540929
76561197960540931
76561197960540932
76561197960540936
76561197960540937
76561197960540939
76561197960540940
76561197960540941
76561197960540942
76561197960540943
76561197960540944
76561197960540946
76561197960540950
76561197960540951
76561197960540952
76561197960540953
76561197960540955
76561197960540957
76561197960540959
76561197960540961
76561197960540962
76561197960540963
76561197960540965
76561197960540967
76561197960540968
76561197960540970
76561197960540971
76561197960540972
76561197960540974
76561197960540975
76561197960540976
76561197960540977
76561197960540978
76561197960540980
76561197960540981
76561197960540982
76561197960540985
76561197960540987
76561197960540988
76561197960540993
76561197960540996
76561197960540998
76561197960540999
76561197960541000
76561197960541002
76561197960541003
76561197960541005
76561197960541006
76561197960541007
76561197960541008
76561197960541009
76561197960541010
76561197960541011
76561197960541012
76561197960541013
76561197960541014
76561197960541016
76561197960541021
76561197960541022
76561197960541024
76561197960541026
76561197960541028
76561197960541031
76561197960541036
76561197960541037
76561197960541038
76561197960541041
76561197960541044
76561197960541047
76561197960541050
76561197960541055
76561197960541060
76561197960541061
76561197960541062
76561197960541063
76561197960541065
76561197960541067
76561197960541069
76561197960541070
76561197960541071
76561197960541072
76561197960541076
76561197960541077
76561197960541079
76561197960541081
76561197960541082
76561197960541083
76561197960541084
76561197960541085
76561197960541086
76561197960541088
76561197960541089
76561197960541091
76561197960541092
76561197960541093
76561197960541096
76561197960541098
76561197960541099
76561197960541101
76561197960541102
76561197960541103
76561197960541104
76561197960541106
76561197960541107
76561197960541110
76561197960541111
76561197960541113
76561197960541115
76561197960541117
76561197960541118
76561197960541119
76561197960541120
76561197960541123
76561197960541124
76561197960541126
76561197960541127
76561197960541128
76561197960541131
76561197960541134
76561197960541136
76561197960541138
76561197960541140
76561197960541141
76561197960541142
76561197960541145
76561197960541146
76561197960541148
76561197960541149
76561197960541150
76561197960541151
76561197960541153
76561197960541154
76561197960541155
76561197960541156
76561197960541157
76561197960541158
76561197960541159
76561197960541161
76561197960541164
76561197960541165
76561197960541166
76561197960541168
76561197960541170
76561197960541171
76561197960541172
76561197960541173
76561197960541174
76561197960541175
76561197960541176
76561197960541180
76561197960541181
76561197960541184
76561197960541185
76561197960541188
76561197960541189
76561197960541191
76561197960541195
76561197960541197
76561197960541198
76561197960541200
76561197960541202
76561197960541204
76561197960541206
76561197960541210
76561197960541211
76561197960541212
76561197960541214
76561197960541215
76561197960541216
76561197960541218
76561197960541220
76561197960541221
76561197960541222
76561197960541224
76561197960541227
76561197960541228
76561197960541231
76561197960541232
76561197960541233
76561197960541238
76561197960541239
76561197960541240
76561197960541242
76561197960541243
76561197960541246
76561197960541247
76561197960541248
76561197960541249
76561197960541250
76561197960541251
76561197960541252
76561197960541254
76561197960541258
76561197960541260
76561197960541261
76561197960541262
76561197960541264
76561197960541266
76561197960541267
76561197960541268
76561197960541269
76561197960541271
76561197960541272
76561197960541273
76561197960541274
76561197960541276
76561197960541277
76561197960541278
76561197960541279
76561197960541281
76561197960541282
76561197960541283
76561197960541284
76561197960541286
76561197960541287
76561197960541288
76561197960541292
76561197960541293
76561197960541294
76561197960541295
76561197960541296
76561197960541297
76561197960541298
76561197960541299
76561197960541302
76561197960541303
76561197960541304
76561197960541305
76561197960541306
76561197960541309
76561197960541310
76561197960541312
76561197960541314
76561197960541317
76561197960541319
76561197960541320
76561197960541321
76561197960541322
76561197960541327
76561197960541328
76561197960541329
76561197960541330
76561197960541332
76561197960541336
76561197960541338
76561197960541340
76561197960541342
76561197960541344
76561197960541347
76561197960541348
76561197960541349
76561197960541350
76561197960541351
76561197960541352
76561197960541354
76561197960541355
76561197960541356
76561197960541357
76561197960541358
76561197960541359
76561197960541360
76561197960541361
76561197960541362
76561197960541364
76561197960541365
76561197960541367
76561197960541372
76561197960541373
76561197960541374
76561197960541375
76561197960541377
76561197960541380
76561197960541381
76561197960541382
76561197960541383
76561197960541384
76561197960541385
76561197960541386
76561197960541387
76561197960541393
76561197960541394
76561197960541395
76561197960541396
76561197960541398
76561197960541399
76561197960541400
76561197960541401
76561197960541402
76561197960541403
76561197960541404
76561197960541406
76561197960541408
76561197960541410
76561197960541411
76561197960541412
76561197960541413
76561197960541415
76561197960541416
76561197960541417
76561197960541418
76561197960541419
76561197960541420
76561197960541421
76561197960541422
76561197960541424
76561197960541426
76561197960541427
76561197960541428
76561197960541430
