76561197960902869
76561197960902871
76561197960902880
76561197960902882
76561197960902884
76561197960902886
76561197960902889
76561197960902891
76561197960902894
76561197960902897
76561197960902900
76561197960902901
76561197960902903
76561197960902908
76561197960902909
76561197960902910
76561197960902912
76561197960902913
76561197960902914
76561197960902916
76561197960902917
76561197960902919
76561197960902920
76561197960902923
76561197960902925
76561197960902926
76561197960902929
76561197960902930
76561197960902931
76561197960902932
76561197960902935
76561197960902939
76561197960902945
76561197960902946
76561197960902947
76561197960902948
76561197960902949
76561197960902953
76561197960902956
76561197960902958
76561197960902960
76561197960902962
76561197960902966
76561197960902967
76561197960902968
76561197960902969
76561197960902970
76561197960902973
76561197960902975
76561197960902976
76561197960902977
76561197960902978
76561197960902980
76561197960902981
76561197960902982
76561197960902983
76561197960902985
76561197960902986
76561197960902987
76561197960902988
76561197960902989
76561197960902991
76561197960902992
76561197960902993
76561197960902996
76561197960902997
76561197960902998
76561197960903001
76561197960903002
76561197960903004
76561197960903005
76561197960903006
76561197960903007
76561197960903008
76561197960903009
76561197960903012
76561197960903016
76561197960903018
76561197960903022
76561197960903023
76561197960903024
76561197960903026
76561197960903028
76561197960903030
76561197960903031
76561197960903032
76561197960903033
76561197960903036
76561197960903037
76561197960903039
76561197960903041
76561197960903042
76561197960903043
76561197960903045
76561197960903050
76561197960903052
76561197960903054
76561197960903055
76561197960903056
76561197960903057
76561197960903059
76561197960903064
76561197960903065
76561197960903066
76561197960903069
76561197960903070
76561197960903072
76561197960903073
76561197960903074
76561197960903075
76561197960903078
76561197960903079
76561197960903080
76561197960903081
76561197960903085
76561197960903086
76561197960903087
76561197960903088
76561197960903091
76561197960903092
76561197960903093
76561197960903094
76561197960903095
76561197960903097
76561197960903099
76561197960903100
76561197960903101
76561197960903105
76561197960903108
76561197960903110
76561197960903111
76561197960903114
76561197960903118
76561197960903119
76561197960903120
76561197960903122
76561197960903126
76561197960903127
76561197960903130
76561197960903131
76561197960903132
76561197960903133
76561197960903135
76561197960903137
76561197960903138
76561197960903139
76561197960903140
76561197960903142
76561197960903143
76561197960903144
76561197960903145
76561197960903146
76561197960903147
76561197960903149
76561197960903150
76561197960903152
76561197960903154
76561197960903155
76561197960903156
76561197960903157
76561197960903158
76561197960903159
76561197960903160
76561197960903161
76561197960903162
76561197960903163
76561197960903165
76561197960903168
76561197960903169
76561197960903170
76561197960903171
76561197960903173
76561197960903175
76561197960903176
76561197960903178
76561197960903179
76561197960903180
76561197960903181
76561197960903183
76561197960903185
76561197960903186
76561197960903189
76561197960903190
76561197960903193
76561197960903195
76561197960903197
76561197960903198
76561197960903199
76561197960903201
76561197960903202
76561197960903204
76561197960903206
76561197960903208
76561197960903209
76561197960903212
76561197960903213
76561197960903214
76561197960903215
76561197960903216
76561197960903217
76561197960903218
76561197960903219
76561197960903221
76561197960903222
76561197960903228
76561197960903230
76561197960903231
76561197960903234
76561197960903236
76561197960903237
76561197960903238
76561197960903239
76561197960903241
76561197960903242
76561197960903244
76561197960903245
76561197960903246
76561197960903248
76561197960903250
76561197960903251
76561197960903253
76561197960903254
76561197960903255
76561197960903258
76561197960903259
76561197960903262
76561197960903263
76561197960903264
76561197960903266
76561197960903268
76561197960903269
76561197960903270
76561197960903271
76561197960903273
76561197960903274
76561197960903277
76561197960903279
76561197960903280
76561197960903281
76561197960903282
76561197960903283
76561197960903285
76561197960903286
76561197960903287
76561197960903288
76561197960903289
76561197960903292
76561197960903294
76561197960903295
76561197960903296
76561197960903297
76561197960903298
76561197960903300
76561197960903301
76561197960903302
76561197960903305
76561197960903306
76561197960903311
76561197960903315
76561197960903318
76561197960903320
76561197960903321
76561197960903322
76561197960903323
76561197960903324
76561197960903327
76561197960903328
76561197960903331
76561197960903332
76561197960903333
76561197960903336
76561197960903337
76561197960903338
76561197960903340
76561197960903341
76561197960903343
76561197960903344
76561197960903345
76561197960903349
76561197960903350
76561197960903354
76561197960903356
76561197960903357
76561197960903360
76561197960903363
76561197960903364
76561197960903365
76561197960903366
76561197960903368
76561197960903370
76561197960903371
76561197960903372
76561197960903373
76561197960903374
76561197960903375
76561197960903378
76561197960903379
76561197960903383
76561197960903385
76561197960903389
76561197960903390
76561197960903391
76561197960903392
76561197960903393
76561197960903394
76561197960903395
76561197960903398
76561197960903399
76561197960903401
76561197960903403
76561197960903405
76561197960903406
76561197960903407
76561197960903408
76561197960903409
76561197960903410
76561197960903411
76561197960903412
76561197960903413
76561197960903414
76561197960903415
76561197960903420
76561197960903421
76561197960903422
76561197960903423
76561197960903424
76561197960903425
76561197960903428
76561197960903430
76561197960903431
76561197960903433
76561197960903434
76561197960903435
76561197960903436
76561197960903437
76561197960903438
76561197960903440
76561197960903441
76561197960903442
76561197960903443
76561197960903444
76561197960903445
76561197960903448
76561197960903449
76561197960903451
76561197960903455
76561197960903456
76561197960903460
76561197960903462
76561197960903465
76561197960903466
76561197960903467
76561197960903469
76561197960903471
76561197960903472
76561197960903473
76561197960903474
76561197960903475
76561197960903476
76561197960903477
76561197960903479
76561197960903480
76561197960903482
76561197960903486
76561197960903487
76561197960903491
76561197960903492
76561197960903493
76561197960903495
76561197960903498
76561197960903499
76561197960903500
76561197960903502
76561197960903503
76561197960903505
76561197960903506
76561197960903507
76561197960903508
76561197960903510
76561197960903512
76561197960903514
76561197960903515
76561197960903516
76561197960903517
76561197960903518
76561197960903519
76561197960903524
76561197960903525
76561197960903526
76561197960903528
76561197960903529
76561197960903530
76561197960903533
76561197960903535
76561197960903537
76561197960903538
76561197960903540
76561197960903542
76561197960903543
76561197960903544
76561197960903545
76561197960903546
76561197960903547
76561197960903549
76561197960903550
76561197960903551
76561197960903555
76561197960903557
76561197960903558
76561197960903559
76561197960903560
76561197960903561
76561197960903562
76561197960903563
76561197960903564
76561197960903565
76561197960903567
76561197960903570
76561197960903574
76561197960903575
76561197960903577
76561197960903578
76561197960903581
76561197960903583
76561197960903585
76561197960903587
76561197960903588
76561197960903590
76561197960903591
76561197960903592
76561197960903594
76561197960903596
76561197960903597
76561197960903598
76561197960903599
76561197960903601
76561197960903602
76561197960903608
76561197960903610
76561197960903611
76561197960903613
76561197960903614
76561197960903616
76561197960903618
76561197960903620
76561197960903622
76561197960903624
76561197960903626
76561197960903627
76561197960903628
76561197960903629
76561197960903630
76561197960903632
76561197960903633
76561197960903635
76561197960903636
76561197960903637
76561197960903638
76561197960903641
76561197960903642
76561197960903643
76561197960903646
76561197960903647
76561197960903649
76561197960903650
76561197960903652
76561197960903653
76561197960903655
76561197960903656
76561197960903658
76561197960903659
76561197960903663
76561197960903664
76561197960903667
76561197960903669
76561197960903672
76561197960903677
76561197960903680
76561197960903681
76561197960903682
76561197960903683
76561197960903686
76561197960903689
76561197960903690
76561197960903691
76561197960903692
76561197960903698
76561197960903699
76561197960903701
76561197960903702
76561197960903703
76561197960903704
76561197960903705
76561197960903706
76561197960903707
76561197960903708
76561197960903709
76561197960903710
76561197960903711
76561197960903713
76561197960903715
76561197960903716
76561197960903717
76561197960903718
76561197960903719
76561197960903721
76561197960903722
76561197960903723
76561197960903725
76561197960903726
76561197960903727
76561197960903729
76561197960903730
76561197960903731
76561197960903732
76561197960903733
76561197960903735
76561197960903736
76561197960903740
76561197960903742
76561197960903743
76561197960903745
76561197960903746
76561197960903747
76561197960903748
76561197960903749
76561197960903750
76561197960903751
76561197960903753
76561197960903754
76561197960903755
76561197960903757
76561197960903760
76561197960903765
76561197960903766
76561197960903768
76561197960903770
76561197960903773
76561197960903774
76561197960903775
76561197960903776
76561197960903781
76561197960903782
76561197960903784
76561197960903786
76561197960903787
76561197960903789
76561197960903790
76561197960903791
76561197960903792
76561197960903793
76561197960903794
76561197960903796
76561197960903798
76561197960903799
76561197960903800
76561197960903801
76561197960903802
76561197960903804
76561197960903805
76561197960903806
76561197960903809
76561197960903811
76561197960903812
76561197960903813
76561197960903814
76561197960903816
76561197960903817
76561197960903819
76561197960903820
76561197960903823
76561197960903827
76561197960903828
76561197960903831
76561197960903832
76561197960903833
76561197960903834
76561197960903835
76561197960903836
76561197960903838
76561197960903839
76561197960903841
76561197960903843
76561197960903844
76561197960903845
76561197960903846
76561197960903847
76561197960903851
76561197960903853
76561197960903854
76561197960903857
76561197960903858
76561197960903860
76561197960903861
76561197960903862
76561197960903863
76561197960903867
76561197960903869
76561197960903871
76561197960903872
76561197960903873
76561197960903875
76561197960903876
76561197960903877
76561197960903879
76561197960903880
76561197960903882
76561197960903883
76561197960903884
76561197960903885
76561197960903887
76561197960903889
76561197960903892
76561197960903893
76561197960903894
76561197960903895
76561197960903896
76561197960903897
76561197960903898
76561197960903899
76561197960903901
76561197960903904
76561197960903905
76561197960903906
76561197960903909
76561197960903911
76561197960903913
76561197960903914
76561197960903916
76561197960903917
76561197960903918
76561197960903919
76561197960903920
76561197960903922
76561197960903924
76561197960903925
76561197960903927
76561197960903928
76561197960903930
76561197960903931
76561197960903932
76561197960903935
76561197960903936
76561197960903937
76561197960903938
76561197960903942
76561197960903943
76561197960903945
76561197960903946
76561197960903947
76561197960903948
76561197960903950
76561197960903952
76561197960903953
76561197960903954
76561197960903956
76561197960903958
76561197960903959
76561197960903960
76561197960903961
76561197960903962
76561197960903964
76561197960903965
76561197960903971
76561197960903973
76561197960903974
76561197960903975
76561197960903976
76561197960903978
76561197960903979
76561197960903980
76561197960903982
76561197960903985
76561197960903987
76561197960903988
76561197960903989
76561197960903992
76561197960903993
76561197960903995
76561197960903996
76561197960903997
76561197960903999
76561197960904002
76561197960904003
76561197960904004
76561197960904005
76561197960904009
76561197960904010
76561197960904012
76561197960904014
76561197960904015
76561197960904017
76561197960904019
76561197960904020
76561197960904021
76561197960904022
76561197960904023
76561197960904024
76561197960904026
76561197960904028
76561197960904031
76561197960904033
76561197960904037
76561197960904038
76561197960904040
76561197960904041
76561197960904043
76561197960904045
76561197960904047
76561197960904053
76561197960904055
76561197960904057
76561197960904058
76561197960904065
76561197960904067
76561197960904068
76561197960904069
76561197960904070
76561197960904071
76561197960904073
76561197960904074
76561197960904075
76561197960904077
76561197960904078
76561197960904079
76561197960904081
76561197960904082
76561197960904083
76561197960904084
76561197960904085
76561197960904086
76561197960904088
76561197960904089
76561197960904092
76561197960904094
76561197960904097
76561197960904098
76561197960904099
76561197960904100
76561197960904101
76561197960904103
76561197960904104
76561197960904108
76561197960904109
76561197960904110
76561197960904111
76561197960904112
76561197960904114
76561197960904116
76561197960904120
76561197960904121
76561197960904124
76561197960904125
76561197960904126
76561197960904128
76561197960904129
76561197960904130
76561197960904132
76561197960904133
76561197960904134
76561197960904135
76561197960904138
76561197960904139
76561197960904143
76561197960904144
76561197960904145
76561197960904147
76561197960904148
76561197960904151
76561197960904154
76561197960904159
76561197960904160
76561197960904162
76561197960904164
76561197960904165
76561197960904168
76561197960904170
76561197960904171
76561197960904172
76561197960904174
76561197960904176
76561197960904177
76561197960904178
76561197960904179
76561197960904180
76561197960904181
76561197960904184
76561197960904185
76561197960904187
76561197960904188
76561197960904191
76561197960904194
76561197960904196
76561197960904202
76561197960904206
76561197960904207
76561197960904208
76561197960904212
76561197960904215
76561197960904216
76561197960904218
76561197960904219
76561197960904224
76561197960904226
76561197960904227
76561197960904228
76561197960904229
76561197960904231
76561197960904232
76561197960904234
76561197960904236
76561197960904237
76561197960904240
76561197960904243
76561197960904245
76561197960904246
76561197960904250
76561197960904251
76561197960904252
76561197960904253
76561197960904254
76561197960904256
76561197960904258
76561197960904260
76561197960904261
76561197960904262
76561197960904263
76561197960904264
76561197960904266
76561197960904267
76561197960904268
76561197960904271
76561197960904272
76561197960904273
76561197960904276
76561197960904277
76561197960904278
76561197960904279
76561197960904280
76561197960904281
76561197960904282
76561197960904283
76561197960904285
76561197960904287
76561197960904288
76561197960904289
76561197960904290
76561197960904291
76561197960904292
76561197960904294
76561197960904298
76561197960904299
76561197960904301
76561197960904303
76561197960904304
76561197960904305
76561197960904307
76561197960904309
76561197960904311
76561197960904316
76561197960904317
76561197960904319
76561197960904320
76561197960904321
76561197960904322
76561197960904324
76561197960904325
76561197960904328
76561197960904333
76561197960904335
76561197960904336
76561197960904337
76561197960904338
76561197960904339
76561197960904340
76561197960904341
76561197960904342
76561197960904344
76561197960904348
76561197960904349
76561197960904350
76561197960904352
76561197960904357
76561197960904359
76561197960904362
76561197960904364
76561197960904365
76561197960904367
76561197960904368
76561197960904370
76561197960904371
76561197960904372
76561197960904373
76561197960904375
76561197960904376
76561197960904378
76561197960904383
76561197960904384
76561197960904387
76561197960904390
76561197960904391
76561197960904392
76561197960904393
76561197960904397
76561197960904398
76561197960904399
76561197960904402
76561197960904403
76561197960904404
76561197960904405
76561197960904406
76561197960904407
76561197960904411
76561197960904412
76561197960904417
76561197960904419
76561197960904421
76561197960904423
76561197960904424
76561197960904425
76561197960904427
76561197960904430
76561197960904431
76561197960904432
76561197960904434
76561197960904435
76561197960904438
76561197960904440
76561197960904441
76561197960904442
76561197960904443
76561197960904444
76561197960904445
76561197960904447
76561197960904448
76561197960904449
76561197960904450
76561197960904452
76561197960904453
76561197960904456
76561197960904458
76561197960904460
76561197960904462
76561197960904463
76561197960904464
76561197960904465
76561197960904466
76561197960904468
76561197960904470
76561197960904473
76561197960904475
76561197960904476
76561197960904477
76561197960904480
76561197960904482
76561197960904484
76561197960904486
76561197960904488
76561197960904490
76561197960904491
76561197960904493
76561197960904497
76561197960904499
76561197960904500
76561197960904501
76561197960904503
76561197960904505
76561197960904506
76561197960904507
76561197960904508
76561197960904510
76561197960904511
76561197960904512
76561197960904513
76561197960904514
76561197960904515
76561197960904516
76561197960904517
76561197960904518
76561197960904519
76561197960904520
76561197960904521
76561197960904523
76561197960904525
76561197960904528
76561197960904529
76561197960904535
76561197960904536
76561197960904537
76561197960904538
76561197960904539
76561197960904544
76561197960904545
76561197960904546
76561197960904549
76561197960904550
76561197960904551
76561197960904552
76561197960904553
76561197960904554
