76561197960671188
76561197960671190
76561197960671191
76561197960671192
76561197960671194
76561197960671195
76561197960671196
76561197960671197
76561197960671198
76561197960671199
76561197960671203
76561197960671204
76561197960671205
76561197960671206
76561197960671207
76561197960671208
76561197960671209
76561197960671211
76561197960671212
76561197960671213
76561197960671215
76561197960671216
76561197960671217
76561197960671218
76561197960671220
76561197960671221
76561197960671222
76561197960671223
76561197960671224
76561197960671225
76561197960671226
76561197960671228
76561197960671229
76561197960671231
76561197960671232
76561197960671233
76561197960671234
76561197960671236
76561197960671238
76561197960671239
76561197960671240
76561197960671241
76561197960671242
76561197960671243
76561197960671244
76561197960671245
76561197960671246
76561197960671247
76561197960671248
76561197960671249
76561197960671250
76561197960671251
76561197960671253
76561197960671254
76561197960671255
76561197960671256
76561197960671258
76561197960671259
76561197960671260
76561197960671261
76561197960671262
76561197960671264
76561197960671265
76561197960671267
76561197960671268
76561197960671269
76561197960671270
76561197960671271
76561197960671272
76561197960671273
76561197960671274
76561197960671275
76561197960671276
76561197960671277
76561197960671278
76561197960671279
76561197960671280
76561197960671282
76561197960671283
76561197960671284
76561197960671286
76561197960671287
76561197960671288
76561197960671289
76561197960671290
76561197960671291
76561197960671292
76561197960671293
76561197960671295
76561197960671296
76561197960671297
76561197960671298
76561197960671299
76561197960671300
76561197960671301
76561197960671302
76561197960671303
76561197960671304
76561197960671306
76561197960671307
76561197960671308
76561197960671309
76561197960671310
76561197960671312
76561197960671313
76561197960671314
76561197960671315
76561197960671316
76561197960671317
76561197960671319
76561197960671321
76561197960671322
76561197960671323
76561197960671324
76561197960671325
76561197960671326
76561197960671328
76561197960671329
76561197960671330
76561197960671331
76561197960671332
76561197960671333
76561197960671334
76561197960671335
76561197960671336
76561197960671337
76561197960671338
76561197960671339
76561197960671340
76561197960671342
76561197960671344
76561197960671345
76561197960671346
76561197960671347
76561197960671348
76561197960671350
76561197960671352
76561197960671354
76561197960671355
76561197960671356
76561197960671357
76561197960671358
76561197960671359
76561197960671360
76561197960671361
76561197960671362
76561197960671363
76561197960671364
76561197960671365
76561197960671368
76561197960671370
76561197960671371
76561197960671372
76561197960671373
76561197960671375
76561197960671376
76561197960671377
76561197960671378
76561197960671379
76561197960671380
76561197960671381
76561197960671382
76561197960671384
76561197960671385
76561197960671386
76561197960671387
76561197960671388
76561197960671389
76561197960671390
76561197960671391
76561197960671392
76561197960671393
76561197960671395
76561197960671396
76561197960671397
76561197960671398
76561197960671399
76561197960671400
76561197960671401
76561197960671402
76561197960671403
76561197960671404
76561197960671406
76561197960671408
76561197960671409
76561197960671411
76561197960671412
76561197960671413
76561197960671414
76561197960671415
76561197960671416
76561197960671417
76561197960671418
76561197960671419
76561197960671421
76561197960671422
76561197960671423
76561197960671424
76561197960671425
76561197960671426
76561197960671427
76561197960671428
76561197960671429
76561197960671430
76561197960671431
76561197960671433
76561197960671434
76561197960671435
76561197960671436
76561197960671437
76561197960671438
76561197960671439
76561197960671440
76561197960671441
76561197960671442
76561197960671443
76561197960671445
76561197960671446
76561197960671448
76561197960671450
76561197960671452
76561197960671455
76561197960671456
76561197960671457
76561197960671458
76561197960671459
76561197960671460
76561197960671461
76561197960671462
76561197960671463
76561197960671464
76561197960671465
76561197960671466
76561197960671467
76561197960671468
76561197960671470
76561197960671471
76561197960671472
76561197960671473
76561197960671474
76561197960671475
76561197960671476
76561197960671478
76561197960671479
76561197960671480
76561197960671481
76561197960671482
76561197960671484
76561197960671485
76561197960671487
76561197960671488
76561197960671490
76561197960671491
76561197960671492
76561197960671493
76561197960671494
76561197960671496
76561197960671497
76561197960671499
76561197960671501
76561197960671503
76561197960671504
76561197960671505
76561197960671506
76561197960671508
76561197960671509
76561197960671510
76561197960671512
76561197960671513
76561197960671514
76561197960671515
76561197960671519
76561197960671520
76561197960671521
76561197960671522
76561197960671523
76561197960671524
76561197960671525
76561197960671526
76561197960671527
76561197960671528
76561197960671529
76561197960671530
76561197960671531
76561197960671532
76561197960671534
76561197960671535
76561197960671536
76561197960671537
76561197960671538
76561197960671539
76561197960671540
76561197960671541
76561197960671542
76561197960671543
76561197960671544
76561197960671546
76561197960671548
76561197960671550
76561197960671552
76561197960671553
76561197960671555
76561197960671556
76561197960671557
76561197960671559
76561197960671560
76561197960671561
76561197960671562
76561197960671563
76561197960671564
76561197960671565
76561197960671566
76561197960671567
76561197960671568
76561197960671569
76561197960671570
76561197960671571
76561197960671572
76561197960671573
76561197960671574
76561197960671575
76561197960671576
76561197960671577
76561197960671578
76561197960671581
76561197960671582
76561197960671585
76561197960671586
76561197960671587
76561197960671588
76561197960671589
76561197960671591
76561197960671592
76561197960671593
76561197960671594
76561197960671595
76561197960671597
76561197960671598
76561197960671599
76561197960671600
76561197960671602
76561197960671603
76561197960671604
76561197960671605
76561197960671606
76561197960671607
76561197960671609
76561197960671610
76561197960671611
76561197960671612
76561197960671613
76561197960671614
76561197960671615
76561197960671616
76561197960671617
76561197960671618
76561197960671619
76561197960671620
76561197960671621
76561197960671622
76561197960671623
76561197960671624
76561197960671626
76561197960671627
76561197960671628
76561197960671629
76561197960671630
76561197960671631
76561197960671632
76561197960671633
76561197960671634
76561197960671635
76561197960671636
76561197960671639
76561197960671640
76561197960671641
76561197960671642
76561197960671643
76561197960671644
76561197960671645
76561197960671646
76561197960671647
76561197960671650
76561197960671651
76561197960671652
76561197960671653
76561197960671654
76561197960671655
76561197960671656
76561197960671657
76561197960671658
76561197960671659
76561197960671660
76561197960671661
76561197960671662
76561197960671663
76561197960671666
76561197960671667
76561197960671668
76561197960671669
76561197960671670
76561197960671671
76561197960671672
76561197960671673
76561197960671674
76561197960671675
76561197960671677
76561197960671678
76561197960671680
76561197960671681
76561197960671682
76561197960671683
76561197960671684
76561197960671685
76561197960671686
76561197960671687
76561197960671688
76561197960671690
76561197960671691
76561197960671692
76561197960671693
76561197960671694
76561197960671695
76561197960671696
76561197960671697
76561197960671698
76561197960671699
76561197960671700
76561197960671701
76561197960671702
76561197960671704
76561197960671705
76561197960671706
76561197960671707
76561197960671708
76561197960671709
76561197960671710
76561197960671712
76561197960671713
76561197960671714
76561197960671715
76561197960671716
76561197960671717
76561197960671718
76561197960671719
76561197960671721
76561197960671722
76561197960671723
76561197960671725
76561197960671726
76561197960671727
76561197960671728
76561197960671730
76561197960671731
76561197960671732
76561197960671733
76561197960671734
76561197960671735
76561197960671736
76561197960671737
76561197960671738
76561197960671739
76561197960671741
76561197960671742
76561197960671743
76561197960671744
76561197960671745
76561197960671746
76561197960671748
76561197960671749
76561197960671751
76561197960671752
76561197960671753
76561197960671754
76561197960671755
76561197960671756
76561197960671758
76561197960671759
76561197960671760
76561197960671762
76561197960671763
76561197960671764
76561197960671766
76561197960671768
76561197960671769
76561197960671770
76561197960671771
76561197960671772
76561197960671773
76561197960671774
76561197960671775
76561197960671778
76561197960671780
76561197960671781
76561197960671782
76561197960671783
76561197960671784
76561197960671786
76561197960671787
76561197960671788
76561197960671789
76561197960671790
76561197960671791
76561197960671792
76561197960671793
76561197960671794
76561197960671795
76561197960671797
76561197960671798
76561197960671799
76561197960671800
76561197960671801
76561197960671802
76561197960671803
76561197960671804
76561197960671806
76561197960671807
76561197960671808
76561197960671809
76561197960671810
76561197960671811
76561197960671812
76561197960671814
76561197960671815
76561197960671817
76561197960671818
76561197960671819
76561197960671822
76561197960671823
76561197960671824
76561197960671825
76561197960671827
76561197960671828
76561197960671829
76561197960671830
76561197960671831
76561197960671833
76561197960671834
76561197960671835
76561197960671837
76561197960671838
76561197960671839
76561197960671840
76561197960671842
76561197960671843
76561197960671844
76561197960671845
76561197960671846
76561197960671847
76561197960671849
76561197960671850
76561197960671851
76561197960671852
76561197960671853
76561197960671854
76561197960671855
76561197960671856
76561197960671858
76561197960671859
76561197960671860
76561197960671861
76561197960671862
76561197960671863
76561197960671865
76561197960671866
76561197960671868
76561197960671869
76561197960671870
76561197960671871
76561197960671872
76561197960671873
76561197960671874
76561197960671875
76561197960671876
76561197960671877
76561197960671878
76561197960671879
76561197960671881
76561197960671882
76561197960671885
76561197960671886
76561197960671887
76561197960671888
76561197960671890
76561197960671891
76561197960671892
76561197960671893
76561197960671894
76561197960671895
76561197960671896
76561197960671898
76561197960671900
76561197960671901
76561197960671902
76561197960671904
76561197960671905
76561197960671907
76561197960671908
76561197960671909
76561197960671910
76561197960671911
76561197960671912
76561197960671913
76561197960671914
76561197960671915
76561197960671916
76561197960671918
76561197960671919
76561197960671920
76561197960671922
76561197960671923
76561197960671926
76561197960671927
76561197960671928
76561197960671930
76561197960671931
76561197960671932
76561197960671933
76561197960671934
76561197960671935
76561197960671937
76561197960671938
76561197960671940
76561197960671943
76561197960671944
76561197960671945
76561197960671946
76561197960671947
76561197960671949
76561197960671950
76561197960671951
76561197960671953
76561197960671954
76561197960671957
76561197960671958
76561197960671959
76561197960671960
76561197960671962
76561197960671963
76561197960671964
76561197960671965
76561197960671966
76561197960671967
76561197960671968
76561197960671971
76561197960671972
76561197960671974
76561197960671976
76561197960671977
76561197960671980
76561197960671981
76561197960671982
76561197960671983
76561197960671984
76561197960671985
76561197960671986
76561197960671987
76561197960671988
76561197960671989
76561197960671991
76561197960671993
76561197960671995
76561197960671997
76561197960671999
76561197960672001
76561197960672003
76561197960672004
76561197960672005
76561197960672006
76561197960672007
76561197960672008
76561197960672009
76561197960672012
76561197960672013
76561197960672014
76561197960672016
76561197960672018
76561197960672019
76561197960672021
76561197960672022
76561197960672023
76561197960672024
76561197960672025
76561197960672026
76561197960672027
76561197960672028
76561197960672029
76561197960672030
76561197960672031
76561197960672032
76561197960672033
76561197960672034
76561197960672037
76561197960672038
76561197960672039
76561197960672040
76561197960672041
76561197960672042
76561197960672044
76561197960672045
76561197960672047
76561197960672048
76561197960672051
76561197960672052
76561197960672054
76561197960672055
76561197960672056
76561197960672057
76561197960672058
76561197960672059
76561197960672061
76561197960672062
76561197960672063
76561197960672064
76561197960672065
76561197960672066
76561197960672067
76561197960672068
76561197960672069
76561197960672070
76561197960672071
76561197960672072
76561197960672073
76561197960672074
76561197960672075
76561197960672077
76561197960672078
76561197960672079
76561197960672081
76561197960672082
76561197960672085
76561197960672086
76561197960672087
76561197960672088
76561197960672089
76561197960672090
76561197960672091
76561197960672092
76561197960672093
76561197960672095
76561197960672097
76561197960672098
76561197960672100
76561197960672101
76561197960672104
76561197960672105
76561197960672106
76561197960672108
76561197960672109
76561197960672110
76561197960672111
76561197960672112
76561197960672113
76561197960672114
76561197960672115
76561197960672117
76561197960672119
76561197960672120
76561197960672121
76561197960672122
76561197960672123
76561197960672125
76561197960672126
76561197960672127
76561197960672128
76561197960672129
76561197960672130
76561197960672132
76561197960672134
76561197960672135
76561197960672136
76561197960672137
76561197960672139
76561197960672141
76561197960672142
76561197960672143
76561197960672144
76561197960672145
76561197960672146
76561197960672147
76561197960672148
76561197960672150
76561197960672151
76561197960672152
76561197960672153
76561197960672154
76561197960672155
76561197960672156
76561197960672157
76561197960672158
76561197960672159
76561197960672160
76561197960672161
76561197960672164
76561197960672165
76561197960672167
76561197960672168
76561197960672173
76561197960672174
76561197960672175
76561197960672177
76561197960672178
76561197960672181
76561197960672183
76561197960672184
76561197960672185
76561197960672186
76561197960672187
76561197960672188
76561197960672190
76561197960672191
76561197960672192
76561197960672193
76561197960672194
76561197960672195
76561197960672197
76561197960672198
76561197960672199
76561197960672200
76561197960672201
76561197960672202
76561197960672205
76561197960672208
76561197960672210
76561197960672211
76561197960672212
76561197960672213
76561197960672215
76561197960672216
76561197960672217
76561197960672219
76561197960672221
76561197960672222
76561197960672223
76561197960672224
76561197960672225
76561197960672226
76561197960672227
76561197960672228
76561197960672229
76561197960672230
76561197960672232
76561197960672233
76561197960672234
76561197960672235
76561197960672237
76561197960672238
76561197960672239
76561197960672241
76561197960672242
76561197960672244
76561197960672247
76561197960672248
76561197960672250
76561197960672251
76561197960672252
76561197960672253
76561197960672254
76561197960672255
76561197960672256
76561197960672257
76561197960672258
76561197960672260
76561197960672261
76561197960672263
76561197960672265
76561197960672266
76561197960672267
76561197960672268
76561197960672270
76561197960672271
76561197960672272
76561197960672273
76561197960672274
76561197960672276
76561197960672277
76561197960672279
76561197960672280
76561197960672281
76561197960672282
76561197960672283
76561197960672284
76561197960672285
76561197960672286
76561197960672287
76561197960672288
76561197960672289
76561197960672290
76561197960672291
76561197960672292
76561197960672294
76561197960672295
76561197960672298
76561197960672299
76561197960672300
76561197960672301
76561197960672302
76561197960672303
76561197960672304
76561197960672305
76561197960672307
76561197960672308
76561197960672309
76561197960672310
76561197960672311
76561197960672312
76561197960672313
76561197960672314
76561197960672315
76561197960672316
76561197960672317
76561197960672318
76561197960672319
76561197960672320
76561197960672321
76561197960672322
76561197960672324
76561197960672325
76561197960672327
76561197960672328
76561197960672330
76561197960672331
76561197960672332
76561197960672333
76561197960672334
76561197960672336
76561197960672337
76561197960672338
76561197960672339
76561197960672340
76561197960672341
76561197960672343
76561197960672344
76561197960672346
76561197960672347
76561197960672348
76561197960672349
76561197960672350
76561197960672351
76561197960672352
76561197960672353
76561197960672354
76561197960672355
76561197960672356
76561197960672357
76561197960672359
76561197960672360
76561197960672361
76561197960672362
76561197960672363
76561197960672364
76561197960672366
76561197960672367
76561197960672369
76561197960672370
76561197960672372
76561197960672374
76561197960672375
76561197960672376
76561197960672377
76561197960672378
76561197960672379
76561197960672380
76561197960672382
76561197960672383
76561197960672387
76561197960672388
76561197960672389
76561197960672390
76561197960672391
76561197960672392
76561197960672393
76561197960672394
76561197960672395
76561197960672396
76561197960672397
76561197960672398
76561197960672399
76561197960672400
76561197960672402
76561197960672404
76561197960672405
76561197960672406
76561197960672407
76561197960672409
76561197960672410
76561197960672411
76561197960672412
76561197960672414
76561197960672415
76561197960672417
76561197960672418
76561197960672419
76561197960672420
76561197960672421
76561197960672424
76561197960672426
76561197960672429
76561197960672430
76561197960672431
