76561197961068698
76561197961068700
76561197961068702
76561197961068703
76561197961068704
76561197961068705
76561197961068714
76561197961068717
76561197961068718
76561197961068719
76561197961068723
76561197961068726
76561197961068728
76561197961068729
76561197961068731
76561197961068732
76561197961068733
76561197961068739
76561197961068741
76561197961068745
76561197961068747
76561197961068750
76561197961068755
76561197961068756
76561197961068757
76561197961068759
76561197961068762
76561197961068763
76561197961068765
76561197961068769
76561197961068770
76561197961068773
76561197961068775
76561197961068777
76561197961068782
76561197961068787
76561197961068792
76561197961068798
76561197961068799
76561197961068801
76561197961068803
76561197961068809
76561197961068810
76561197961068811
76561197961068813
76561197961068815
76561197961068819
76561197961068821
76561197961068824
76561197961068828
76561197961068829
76561197961068834
76561197961068836
76561197961068841
76561197961068844
76561197961068845
76561197961068846
76561197961068847
76561197961068848
76561197961068849
76561197961068850
76561197961068851
76561197961068852
76561197961068853
76561197961068854
76561197961068856
76561197961068857
76561197961068858
76561197961068862
76561197961068863
76561197961068867
76561197961068870
76561197961068875
76561197961068878
76561197961068880
76561197961068886
76561197961068888
76561197961068889
76561197961068890
76561197961068892
76561197961068893
76561197961068895
76561197961068898
76561197961068901
76561197961068904
76561197961068905
76561197961068907
76561197961068909
76561197961068916
76561197961068917
76561197961068919
76561197961068922
76561197961068926
76561197961068939
76561197961068941
76561197961068943
76561197961068947
76561197961068949
76561197961068954
76561197961068958
76561197961068959
76561197961068962
76561197961068963
76561197961068964
76561197961068968
76561197961068969
76561197961068971
76561197961068975
76561197961068977
76561197961068979
76561197961068981
76561197961068987
76561197961068989
76561197961068995
76561197961068999
76561197961069003
76561197961069005
76561197961069007
76561197961069010
76561197961069013
76561197961069023
76561197961069027
76561197961069033
76561197961069035
76561197961069037
76561197961069043
76561197961069045
76561197961069046
76561197961069047
76561197961069051
76561197961069052
76561197961069053
76561197961069055
76561197961069056
76561197961069060
76561197961069061
76561197961069063
76561197961069065
76561197961069069
76561197961069071
76561197961069075
76561197961069083
76561197961069084
76561197961069085
76561197961069089
76561197961069091
76561197961069093
76561197961069095
76561197961069099
76561197961069101
76561197961069106
76561197961069109
76561197961069115
76561197961069120
76561197961069121
76561197961069123
76561197961069125
76561197961069129
76561197961069130
76561197961069131
76561197961069133
76561197961069139
76561197961069140
76561197961069141
76561197961069142
76561197961069143
76561197961069148
76561197961069149
76561197961069150
76561197961069154
76561197961069158
76561197961069159
76561197961069164
76561197961069175
76561197961069177
76561197961069181
76561197961069185
76561197961069194
76561197961069195
76561197961069196
76561197961069198
76561197961069203
76561197961069204
76561197961069205
76561197961069206
76561197961069207
76561197961069208
76561197961069209
76561197961069210
76561197961069212
76561197961069213
76561197961069214
76561197961069215
76561197961069216
76561197961069218
76561197961069220
76561197961069223
76561197961069224
76561197961069226
76561197961069227
76561197961069229
76561197961069230
76561197961069233
76561197961069234
76561197961069235
76561197961069237
76561197961069240
76561197961069243
76561197961069246
76561197961069248
76561197961069249
76561197961069250
76561197961069253
76561197961069255
76561197961069260
76561197961069261
76561197961069263
76561197961069265
76561197961069268
76561197961069269
76561197961069271
76561197961069275
76561197961069277
76561197961069280
76561197961069281
76561197961069282
76561197961069283
76561197961069288
76561197961069289
76561197961069290
76561197961069291
76561197961069292
76561197961069293
76561197961069295
76561197961069296
76561197961069297
76561197961069299
76561197961069301
76561197961069302
76561197961069307
76561197961069311
76561197961069312
76561197961069315
76561197961069316
76561197961069317
76561197961069319
76561197961069321
76561197961069324
76561197961069325
76561197961069326
76561197961069327
76561197961069330
76561197961069331
76561197961069332
76561197961069333
76561197961069334
76561197961069336
76561197961069337
76561197961069339
76561197961069341
76561197961069343
76561197961069347
76561197961069348
76561197961069352
76561197961069357
76561197961069364
76561197961069365
76561197961069367
76561197961069371
76561197961069372
76561197961069375
76561197961069377
76561197961069378
76561197961069379
76561197961069380
76561197961069383
76561197961069386
76561197961069387
76561197961069389
76561197961069390
76561197961069391
76561197961069393
76561197961069394
76561197961069397
76561197961069398
76561197961069400
76561197961069401
76561197961069404
76561197961069405
76561197961069406
76561197961069407
76561197961069409
76561197961069410
76561197961069412
76561197961069418
76561197961069425
76561197961069426
76561197961069427
76561197961069428
76561197961069433
76561197961069434
76561197961069437
76561197961069438
76561197961069439
76561197961069441
76561197961069444
76561197961069446
76561197961069447
76561197961069448
76561197961069450
76561197961069451
76561197961069456
76561197961069459
76561197961069460
76561197961069462
76561197961069464
76561197961069465
76561197961069469
76561197961069470
76561197961069472
76561197961069473
76561197961069476
76561197961069477
76561197961069478
76561197961069483
76561197961069485
76561197961069486
76561197961069487
76561197961069488
76561197961069490
76561197961069493
76561197961069499
76561197961069500
76561197961069501
76561197961069504
76561197961069506
76561197961069508
76561197961069510
76561197961069511
76561197961069512
76561197961069513
76561197961069515
76561197961069516
76561197961069520
76561197961069523
76561197961069524
76561197961069526
76561197961069528
76561197961069529
76561197961069531
76561197961069536
76561197961069539
76561197961069546
76561197961069547
76561197961069550
76561197961069552
76561197961069553
76561197961069556
76561197961069557
76561197961069562
76561197961069567
76561197961069568
76561197961069569
76561197961069572
76561197961069574
76561197961069576
76561197961069577
76561197961069578
76561197961069580
76561197961069583
76561197961069584
76561197961069585
76561197961069586
76561197961069587
76561197961069589
76561197961069590
76561197961069591
76561197961069597
76561197961069598
76561197961069599
76561197961069605
76561197961069606
76561197961069608
76561197961069612
76561197961069616
76561197961069617
76561197961069618
76561197961069620
76561197961069622
76561197961069623
76561197961069626
76561197961069627
76561197961069628
76561197961069632
76561197961069634
76561197961069635
76561197961069637
76561197961069638
76561197961069639
76561197961069641
76561197961069642
76561197961069644
76561197961069645
76561197961069646
76561197961069647
76561197961069649
76561197961069650
76561197961069653
76561197961069655
76561197961069656
76561197961069657
76561197961069659
76561197961069660
76561197961069662
76561197961069663
76561197961069664
76561197961069665
76561197961069672
76561197961069674
76561197961069679
76561197961069683
76561197961069688
76561197961069689
76561197961069690
76561197961069691
76561197961069693
76561197961069695
76561197961069696
76561197961069699
76561197961069700
76561197961069701
76561197961069704
76561197961069706
76561197961069707
76561197961069709
76561197961069711
76561197961069713
76561197961069714
76561197961069715
76561197961069717
76561197961069721
76561197961069723
76561197961069728
76561197961069729
76561197961069730
76561197961069732
76561197961069735
76561197961069738
76561197961069739
76561197961069740
76561197961069742
76561197961069743
76561197961069752
76561197961069761
76561197961069764
76561197961069765
76561197961069767
76561197961069769
76561197961069774
76561197961069776
76561197961069777
76561197961069778
76561197961069779
76561197961069780
76561197961069781
76561197961069782
76561197961069783
76561197961069784
76561197961069785
76561197961069788
76561197961069789
76561197961069792
76561197961069793
76561197961069794
76561197961069795
76561197961069798
76561197961069800
76561197961069801
76561197961069802
76561197961069803
76561197961069809
76561197961069812
76561197961069815
76561197961069816
76561197961069820
76561197961069822
76561197961069823
76561197961069824
76561197961069825
76561197961069826
76561197961069829
76561197961069830
76561197961069831
76561197961069832
76561197961069835
76561197961069836
76561197961069837
76561197961069838
76561197961069839
76561197961069840
76561197961069841
76561197961069843
76561197961069845
76561197961069850
76561197961069851
76561197961069852
76561197961069854
76561197961069855
76561197961069856
76561197961069857
76561197961069859
76561197961069860
76561197961069863
76561197961069865
76561197961069867
76561197961069868
76561197961069871
76561197961069873
76561197961069874
76561197961069876
76561197961069877
76561197961069878
76561197961069879
76561197961069884
76561197961069885
76561197961069887
76561197961069888
76561197961069894
76561197961069897
76561197961069900
76561197961069901
76561197961069905
76561197961069909
76561197961069912
76561197961069913
76561197961069919
76561197961069920
76561197961069922
76561197961069923
76561197961069924
76561197961069926
76561197961069929
76561197961069931
76561197961069933
76561197961069935
76561197961069936
76561197961069938
76561197961069943
76561197961069945
76561197961069947
76561197961069948
76561197961069953
76561197961069960
76561197961069964
76561197961069965
76561197961069966
76561197961069969
76561197961069971
76561197961069973
76561197961069976
76561197961069978
76561197961069980
76561197961069983
76561197961069985
76561197961069986
76561197961069987
76561197961069989
76561197961069995
76561197961069996
76561197961070000
76561197961070001
76561197961070002
76561197961070003
76561197961070004
76561197961070005
76561197961070007
76561197961070008
76561197961070010
76561197961070012
76561197961070013
76561197961070014
76561197961070016
76561197961070018
76561197961070022
76561197961070025
76561197961070026
76561197961070027
76561197961070028
76561197961070029
76561197961070030
76561197961070031
76561197961070033
76561197961070035
76561197961070037
76561197961070040
76561197961070046
76561197961070047
76561197961070048
76561197961070049
76561197961070052
76561197961070053
76561197961070054
76561197961070056
76561197961070057
76561197961070062
76561197961070063
76561197961070064
76561197961070066
76561197961070067
76561197961070070
76561197961070076
76561197961070080
76561197961070081
76561197961070087
76561197961070088
76561197961070091
76561197961070095
76561197961070097
76561197961070099
76561197961070102
76561197961070104
76561197961070105
76561197961070106
76561197961070110
76561197961070113
76561197961070114
76561197961070116
76561197961070117
76561197961070118
76561197961070119
76561197961070120
76561197961070122
76561197961070127
76561197961070128
76561197961070131
76561197961070133
76561197961070134
76561197961070135
76561197961070137
76561197961070138
76561197961070139
76561197961070140
76561197961070141
76561197961070142
76561197961070146
76561197961070149
76561197961070151
76561197961070154
76561197961070157
76561197961070162
76561197961070163
76561197961070170
76561197961070171
76561197961070173
76561197961070174
76561197961070176
76561197961070181
76561197961070183
76561197961070186
76561197961070188
76561197961070189
76561197961070194
76561197961070195
76561197961070198
76561197961070200
76561197961070201
76561197961070202
76561197961070205
76561197961070207
76561197961070208
76561197961070211
76561197961070212
76561197961070213
76561197961070214
76561197961070215
76561197961070219
76561197961070222
76561197961070225
76561197961070229
76561197961070235
76561197961070236
76561197961070237
76561197961070243
76561197961070246
76561197961070249
76561197961070250
76561197961070251
76561197961070253
76561197961070257
76561197961070258
76561197961070259
76561197961070263
76561197961070267
76561197961070270
76561197961070271
76561197961070277
76561197961070279
76561197961070281
76561197961070283
76561197961070287
76561197961070288
76561197961070289
76561197961070293
76561197961070299
76561197961070301
76561197961070305
76561197961070307
76561197961070309
76561197961070315
76561197961070317
76561197961070318
76561197961070320
76561197961070325
76561197961070326
76561197961070327
76561197961070331
76561197961070332
76561197961070334
76561197961070335
76561197961070338
76561197961070343
76561197961070345
76561197961070347
76561197961070351
76561197961070353
76561197961070354
76561197961070357
76561197961070358
76561197961070359
76561197961070360
76561197961070363
76561197961070365
76561197961070366
76561197961070370
76561197961070372
76561197961070374
76561197961070375
76561197961070383
76561197961070389
76561197961070391
76561197961070393
76561197961070397
76561197961070402
76561197961070403
76561197961070405
76561197961070407
76561197961070408
76561197961070415
76561197961070418
76561197961070419
76561197961070421
76561197961070422
76561197961070423
76561197961070424
76561197961070425
76561197961070428
76561197961070429
76561197961070431
76561197961070433
76561197961070435
76561197961070437
76561197961070439
76561197961070441
76561197961070447
76561197961070449
76561197961070450
76561197961070451
76561197961070452
76561197961070453
76561197961070454
76561197961070456
76561197961070458
76561197961070459
76561197961070460
76561197961070462
76561197961070466
76561197961070467
76561197961070470
76561197961070472
76561197961070474
76561197961070480
76561197961070482
76561197961070487
76561197961070488
76561197961070489
76561197961070494
76561197961070496
76561197961070502
76561197961070504
76561197961070506
76561197961070513
76561197961070514
76561197961070515
76561197961070518
76561197961070526
76561197961070528
76561197961070534
76561197961070536
76561197961070538
76561197961070540
76561197961070544
76561197961070548
76561197961070556
76561197961070558
76561197961070561
76561197961070562
76561197961070563
76561197961070564
76561197961070567
76561197961070568
76561197961070570
76561197961070572
76561197961070575
76561197961070580
76561197961070588
76561197961070590
76561197961070598
76561197961070603
76561197961070607
76561197961070609
76561197961070610
76561197961070622
76561197961070624
76561197961070627
76561197961070628
76561197961070630
76561197961070632
76561197961070634
76561197961070637
76561197961070641
76561197961070642
76561197961070646
76561197961070650
76561197961070651
76561197961070656
76561197961070661
76561197961070662
76561197961070664
76561197961070665
76561197961070668
76561197961070669
76561197961070671
76561197961070673
76561197961070674
76561197961070678
76561197961070679
76561197961070680
76561197961070683
76561197961070687
76561197961070691
76561197961070695
76561197961070696
76561197961070698
76561197961070701
76561197961070702
76561197961070709
76561197961070710
76561197961070712
76561197961070713
76561197961070715
76561197961070716
76561197961070717
76561197961070718
76561197961070722
76561197961070723
76561197961070726
76561197961070727
76561197961070728
76561197961070729
76561197961070730
76561197961070733
76561197961070737
76561197961070739
76561197961070743
76561197961070746
76561197961070751
76561197961070754
76561197961070756
76561197961070757
76561197961070759
76561197961070763
76561197961070770
76561197961070774
76561197961070776
76561197961070780
76561197961070784
76561197961070786
76561197961070787
76561197961070791
76561197961070792
76561197961070793
76561197961070797
76561197961070799
76561197961070801
76561197961070804
76561197961070809
76561197961070810
76561197961070818
76561197961070821
76561197961070824
76561197961070825
76561197961070827
76561197961070829
76561197961070830
76561197961070833
76561197961070834
76561197961070836
76561197961070840
76561197961070841
76561197961070843
76561197961070845
76561197961070847
76561197961070848
76561197961070851
76561197961070855
76561197961070857
76561197961070858
76561197961070860
76561197961070861
76561197961070862
76561197961070863
76561197961070868
76561197961070870
76561197961070871
76561197961070872
76561197961070873
76561197961070874
76561197961070876
76561197961070878
76561197961070881
76561197961070883
76561197961070885
76561197961070886
76561197961070891
76561197961070892
76561197961070897
76561197961070898
76561197961070899
76561197961070900
76561197961070901
76561197961070904
76561197961070908
76561197961070909
76561197961070913
76561197961070914
76561197961070919
76561197961070921
76561197961070923
76561197961070930
76561197961070934
76561197961070935
76561197961070938
76561197961070939
76561197961070941
76561197961070943
76561197961070944
76561197961070945
76561197961070946
76561197961070948
76561197961070949
76561197961070950
76561197961070951
76561197961070954
76561197961070957
76561197961070960
76561197961070961
76561197961070962
76561197961070965
76561197961070967
76561197961070968
76561197961070973
76561197961070974
76561197961070975
76561197961070978
76561197961070979
76561197961070981
76561197961070982
76561197961070983
76561197961070986
76561197961070988
76561197961070990
76561197961070991
76561197961070992
76561197961070993
76561197961070999
76561197961071002
76561197961071005
76561197961071007
76561197961071010
76561197961071011
76561197961071012
76561197961071013
76561197961071014
76561197961071018
76561197961071020
76561197961071025
76561197961071027
76561197961071028
76561197961071029
76561197961071032
