76561197961723798
76561197961723799
76561197961723800
76561197961723801
76561197961723803
76561197961723807
76561197961723808
76561197961723813
76561197961723814
76561197961723818
76561197961723819
76561197961723821
76561197961723827
76561197961723828
76561197961723831
76561197961723832
76561197961723835
76561197961723840
76561197961723841
76561197961723843
76561197961723844
76561197961723845
76561197961723848
76561197961723849
76561197961723850
76561197961723851
76561197961723853
76561197961723854
76561197961723855
76561197961723856
76561197961723858
76561197961723859
76561197961723860
76561197961723861
76561197961723862
76561197961723863
76561197961723864
76561197961723866
76561197961723867
76561197961723868
76561197961723869
76561197961723870
76561197961723871
76561197961723872
76561197961723873
76561197961723874
76561197961723877
76561197961723884
76561197961723885
76561197961723886
76561197961723888
76561197961723889
76561197961723891
76561197961723892
76561197961723894
76561197961723896
76561197961723898
76561197961723899
76561197961723900
76561197961723902
76561197961723904
76561197961723905
76561197961723906
76561197961723907
76561197961723909
76561197961723913
76561197961723914
76561197961723916
76561197961723917
76561197961723918
76561197961723919
76561197961723925
76561197961723927
76561197961723933
76561197961723935
76561197961723937
76561197961723938
76561197961723939
76561197961723940
76561197961723941
76561197961723942
76561197961723943
76561197961723944
76561197961723945
76561197961723946
76561197961723948
76561197961723949
76561197961723950
76561197961723953
76561197961723954
76561197961723955
76561197961723957
76561197961723958
76561197961723964
76561197961723965
76561197961723966
76561197961723967
76561197961723975
76561197961723977
76561197961723978
76561197961723979
76561197961723980
76561197961723982
76561197961723983
76561197961723985
76561197961723986
76561197961723988
76561197961723992
76561197961723994
76561197961724000
76561197961724003
76561197961724005
76561197961724007
76561197961724008
76561197961724011
76561197961724012
76561197961724013
76561197961724014
76561197961724016
76561197961724017
76561197961724018
76561197961724020
76561197961724021
76561197961724022
76561197961724023
76561197961724025
76561197961724026
76561197961724027
76561197961724028
76561197961724029
76561197961724032
76561197961724034
76561197961724035
76561197961724037
76561197961724039
76561197961724041
76561197961724044
76561197961724047
76561197961724054
76561197961724056
76561197961724057
76561197961724058
76561197961724062
76561197961724063
76561197961724064
76561197961724067
76561197961724071
76561197961724074
76561197961724075
76561197961724078
76561197961724081
76561197961724083
76561197961724085
76561197961724086
76561197961724087
76561197961724088
76561197961724090
76561197961724091
76561197961724092
76561197961724094
76561197961724095
76561197961724096
76561197961724097
76561197961724101
76561197961724106
76561197961724107
76561197961724108
76561197961724109
76561197961724110
76561197961724111
76561197961724114
76561197961724118
76561197961724120
76561197961724121
76561197961724123
76561197961724126
76561197961724127
76561197961724129
76561197961724133
76561197961724134
76561197961724136
76561197961724137
76561197961724140
76561197961724145
76561197961724147
76561197961724153
76561197961724155
76561197961724157
76561197961724159
76561197961724160
76561197961724161
76561197961724162
76561197961724166
76561197961724167
76561197961724169
76561197961724170
76561197961724173
76561197961724175
76561197961724176
76561197961724179
76561197961724180
76561197961724181
76561197961724182
76561197961724183
76561197961724186
76561197961724187
76561197961724190
76561197961724194
76561197961724197
76561197961724199
76561197961724200
76561197961724202
76561197961724205
76561197961724212
76561197961724214
76561197961724218
76561197961724219
76561197961724221
76561197961724222
76561197961724228
76561197961724230
76561197961724231
76561197961724232
76561197961724234
76561197961724236
76561197961724238
76561197961724239
76561197961724241
76561197961724242
76561197961724243
76561197961724244
76561197961724245
76561197961724246
76561197961724247
76561197961724251
76561197961724253
76561197961724254
76561197961724256
76561197961724257
76561197961724259
76561197961724260
76561197961724261
76561197961724263
76561197961724264
76561197961724265
76561197961724267
76561197961724268
76561197961724270
76561197961724272
76561197961724274
76561197961724276
76561197961724278
76561197961724279
76561197961724280
76561197961724281
76561197961724282
76561197961724287
76561197961724289
76561197961724291
76561197961724293
76561197961724297
76561197961724300
76561197961724304
76561197961724309
76561197961724312
76561197961724314
76561197961724315
76561197961724316
76561197961724317
76561197961724318
76561197961724320
76561197961724322
76561197961724325
76561197961724326
76561197961724329
76561197961724330
76561197961724333
76561197961724334
76561197961724336
76561197961724338
76561197961724340
76561197961724344
76561197961724345
76561197961724346
76561197961724347
76561197961724348
76561197961724351
76561197961724355
76561197961724356
76561197961724359
76561197961724363
76561197961724365
76561197961724368
76561197961724369
76561197961724371
76561197961724372
76561197961724376
76561197961724378
76561197961724379
76561197961724381
76561197961724387
76561197961724388
76561197961724389
76561197961724391
76561197961724392
76561197961724396
76561197961724401
76561197961724402
76561197961724404
76561197961724408
76561197961724409
76561197961724410
76561197961724411
76561197961724412
76561197961724415
76561197961724416
76561197961724417
76561197961724420
76561197961724422
76561197961724424
76561197961724425
76561197961724426
76561197961724427
76561197961724428
76561197961724430
76561197961724431
76561197961724433
76561197961724435
76561197961724437
76561197961724438
76561197961724439
76561197961724440
76561197961724442
76561197961724443
76561197961724445
76561197961724446
76561197961724449
76561197961724451
76561197961724452
76561197961724455
76561197961724456
76561197961724462
76561197961724463
76561197961724468
76561197961724470
76561197961724471
76561197961724472
76561197961724473
76561197961724477
76561197961724478
76561197961724479
76561197961724481
76561197961724482
76561197961724483
76561197961724485
76561197961724488
76561197961724489
76561197961724492
76561197961724493
76561197961724496
76561197961724499
76561197961724501
76561197961724502
76561197961724504
76561197961724506
76561197961724507
76561197961724508
76561197961724509
76561197961724511
76561197961724514
76561197961724524
76561197961724528
76561197961724529
76561197961724530
76561197961724532
76561197961724533
76561197961724534
76561197961724535
76561197961724536
76561197961724537
76561197961724538
76561197961724539
76561197961724540
76561197961724542
76561197961724543
76561197961724544
76561197961724545
76561197961724547
76561197961724548
76561197961724550
76561197961724551
76561197961724553
76561197961724555
76561197961724556
76561197961724559
76561197961724560
76561197961724561
76561197961724562
76561197961724567
76561197961724572
76561197961724573
76561197961724575
76561197961724577
76561197961724578
76561197961724579
76561197961724581
76561197961724582
76561197961724584
76561197961724585
76561197961724586
76561197961724587
76561197961724591
76561197961724592
76561197961724593
76561197961724595
76561197961724597
76561197961724598
76561197961724606
76561197961724611
76561197961724613
76561197961724616
76561197961724617
76561197961724619
76561197961724620
76561197961724622
76561197961724624
76561197961724626
76561197961724628
76561197961724629
76561197961724630
76561197961724631
76561197961724632
76561197961724635
76561197961724640
76561197961724641
76561197961724642
76561197961724647
76561197961724648
76561197961724649
76561197961724651
76561197961724655
76561197961724658
76561197961724663
76561197961724665
76561197961724666
76561197961724667
76561197961724668
76561197961724669
76561197961724671
76561197961724672
76561197961724674
76561197961724675
76561197961724680
76561197961724682
76561197961724684
76561197961724685
76561197961724688
76561197961724689
76561197961724690
76561197961724691
76561197961724692
76561197961724693
76561197961724695
76561197961724697
76561197961724698
76561197961724700
76561197961724701
76561197961724702
76561197961724704
76561197961724705
76561197961724706
76561197961724707
76561197961724708
76561197961724711
76561197961724712
76561197961724713
76561197961724716
76561197961724717
76561197961724718
76561197961724719
76561197961724721
76561197961724722
76561197961724723
76561197961724726
76561197961724727
76561197961724728
76561197961724732
76561197961724736
76561197961724739
76561197961724740
76561197961724742
76561197961724743
76561197961724744
76561197961724745
76561197961724746
76561197961724749
76561197961724750
76561197961724751
76561197961724752
76561197961724753
76561197961724757
76561197961724758
76561197961724759
76561197961724761
76561197961724764
76561197961724766
76561197961724770
76561197961724772
76561197961724773
76561197961724774
76561197961724775
76561197961724776
76561197961724779
76561197961724780
76561197961724783
76561197961724786
76561197961724787
76561197961724788
76561197961724789
76561197961724790
76561197961724793
76561197961724794
76561197961724795
76561197961724796
76561197961724799
76561197961724800
76561197961724801
76561197961724803
76561197961724807
76561197961724811
76561197961724812
76561197961724815
76561197961724817
76561197961724818
76561197961724820
76561197961724821
76561197961724822
76561197961724823
76561197961724825
76561197961724826
76561197961724827
76561197961724832
76561197961724835
76561197961724837
76561197961724838
76561197961724842
76561197961724844
76561197961724846
76561197961724847
76561197961724850
76561197961724851
76561197961724852
76561197961724854
76561197961724863
76561197961724864
76561197961724865
76561197961724868
76561197961724869
76561197961724871
76561197961724873
76561197961724874
76561197961724875
76561197961724876
76561197961724877
76561197961724878
76561197961724882
76561197961724884
76561197961724885
76561197961724886
76561197961724888
76561197961724889
76561197961724890
76561197961724893
76561197961724894
76561197961724895
76561197961724897
76561197961724900
76561197961724901
76561197961724907
76561197961724909
76561197961724910
76561197961724911
76561197961724913
76561197961724914
76561197961724915
76561197961724916
76561197961724917
76561197961724918
76561197961724919
76561197961724920
76561197961724922
76561197961724923
76561197961724927
76561197961724928
76561197961724929
76561197961724934
76561197961724935
76561197961724937
76561197961724942
76561197961724946
76561197961724950
76561197961724951
76561197961724955
76561197961724956
76561197961724957
76561197961724959
76561197961724960
76561197961724963
76561197961724964
76561197961724965
76561197961724967
76561197961724970
76561197961724971
76561197961724973
76561197961724978
76561197961724980
76561197961724981
76561197961724983
76561197961724984
76561197961724985
76561197961724986
76561197961724988
76561197961724990
76561197961724991
76561197961724993
76561197961724994
76561197961724995
76561197961724996
76561197961724998
76561197961725001
76561197961725003
76561197961725005
76561197961725006
76561197961725007
76561197961725011
76561197961725012
76561197961725018
76561197961725021
76561197961725023
76561197961725024
76561197961725026
76561197961725029
76561197961725030
76561197961725031
76561197961725033
76561197961725038
76561197961725040
76561197961725041
76561197961725042
76561197961725045
76561197961725046
76561197961725047
76561197961725049
76561197961725051
76561197961725052
76561197961725053
76561197961725054
76561197961725055
76561197961725058
76561197961725062
76561197961725065
76561197961725066
76561197961725067
76561197961725069
76561197961725072
76561197961725074
76561197961725077
76561197961725078
76561197961725079
76561197961725086
76561197961725087
76561197961725090
76561197961725093
76561197961725094
76561197961725096
76561197961725098
76561197961725099
76561197961725101
76561197961725104
76561197961725106
76561197961725107
76561197961725108
76561197961725113
76561197961725114
76561197961725115
76561197961725117
76561197961725118
76561197961725119
76561197961725121
76561197961725123
76561197961725124
76561197961725125
76561197961725126
76561197961725127
76561197961725129
76561197961725130
76561197961725131
76561197961725133
76561197961725134
76561197961725135
76561197961725140
76561197961725142
76561197961725144
76561197961725145
76561197961725148
76561197961725150
76561197961725152
76561197961725153
76561197961725157
76561197961725163
76561197961725164
76561197961725166
76561197961725167
76561197961725168
76561197961725170
76561197961725171
76561197961725173
76561197961725175
76561197961725176
76561197961725178
76561197961725181
76561197961725182
76561197961725183
76561197961725185
76561197961725186
76561197961725187
76561197961725189
76561197961725190
76561197961725192
76561197961725195
76561197961725196
76561197961725197
76561197961725198
76561197961725200
76561197961725201
76561197961725202
76561197961725205
76561197961725206
76561197961725208
76561197961725211
76561197961725214
76561197961725216
76561197961725217
76561197961725218
76561197961725222
76561197961725223
76561197961725224
76561197961725225
76561197961725229
76561197961725230
76561197961725231
76561197961725232
76561197961725233
76561197961725239
76561197961725240
76561197961725241
76561197961725242
76561197961725243
76561197961725247
76561197961725249
76561197961725251
76561197961725252
76561197961725254
76561197961725262
76561197961725263
76561197961725265
76561197961725266
76561197961725267
76561197961725268
76561197961725269
76561197961725273
76561197961725274
76561197961725276
76561197961725277
76561197961725278
76561197961725282
76561197961725283
76561197961725284
76561197961725286
76561197961725287
76561197961725288
76561197961725289
76561197961725290
76561197961725292
76561197961725296
76561197961725297
76561197961725298
76561197961725299
76561197961725302
76561197961725303
76561197961725304
76561197961725307
76561197961725308
76561197961725309
76561197961725310
76561197961725314
76561197961725315
76561197961725317
76561197961725318
76561197961725320
76561197961725322
76561197961725324
76561197961725325
76561197961725326
76561197961725328
76561197961725332
76561197961725333
76561197961725335
76561197961725338
76561197961725340
76561197961725341
76561197961725342
76561197961725343
76561197961725344
76561197961725347
76561197961725348
76561197961725351
76561197961725352
76561197961725353
76561197961725354
76561197961725355
76561197961725357
76561197961725359
76561197961725360
76561197961725362
76561197961725363
76561197961725366
76561197961725368
76561197961725372
76561197961725374
76561197961725375
76561197961725376
76561197961725378
76561197961725379
76561197961725380
76561197961725381
76561197961725382
76561197961725383
76561197961725384
76561197961725387
76561197961725389
76561197961725390
76561197961725391
76561197961725393
76561197961725394
76561197961725396
76561197961725399
76561197961725401
76561197961725404
76561197961725406
76561197961725407
76561197961725411
76561197961725412
76561197961725413
76561197961725414
76561197961725416
76561197961725419
76561197961725422
76561197961725424
76561197961725426
76561197961725427
76561197961725429
76561197961725430
76561197961725434
76561197961725435
76561197961725436
76561197961725439
76561197961725441
76561197961725443
76561197961725446
76561197961725447
76561197961725448
76561197961725449
76561197961725452
76561197961725453
76561197961725454
76561197961725455
76561197961725456
76561197961725459
76561197961725461
76561197961725463
76561197961725465
76561197961725466
76561197961725467
76561197961725469
76561197961725470
76561197961725471
76561197961725473
76561197961725475
76561197961725478
76561197961725482
76561197961725483
76561197961725484
76561197961725485
76561197961725486
76561197961725487
76561197961725488
76561197961725490
76561197961725492
76561197961725495
76561197961725498
76561197961725501
76561197961725502
76561197961725504
76561197961725505
76561197961725507
76561197961725508
76561197961725509
76561197961725510
76561197961725511
76561197961725512
76561197961725513
76561197961725515
76561197961725517
76561197961725519
76561197961725520
76561197961725525
76561197961725527
76561197961725528
76561197961725529
76561197961725530
76561197961725533
76561197961725535
76561197961725536
76561197961725540
76561197961725542
76561197961725543
76561197961725545
76561197961725546
76561197961725547
76561197961725548
76561197961725549
76561197961725551
76561197961725553
76561197961725556
76561197961725557
76561197961725558
76561197961725560
76561197961725562
76561197961725563
76561197961725564
76561197961725565
76561197961725566
76561197961725569
76561197961725570
76561197961725571
76561197961725572
76561197961725575
76561197961725577
76561197961725578
76561197961725582
76561197961725584
76561197961725585
76561197961725586
76561197961725587
76561197961725588
76561197961725590
76561197961725593
76561197961725594
76561197961725595
76561197961725598
76561197961725600
76561197961725601
76561197961725603
76561197961725604
76561197961725605
76561197961725606
76561197961725609
76561197961725611
76561197961725613
76561197961725614
76561197961725616
76561197961725617
76561197961725618
76561197961725619
76561197961725620
76561197961725621
76561197961725623
76561197961725628
76561197961725630
76561197961725631
76561197961725632
76561197961725634
76561197961725635
76561197961725637
76561197961725641
76561197961725642
76561197961725644
76561197961725645
76561197961725646
76561197961725647
76561197961725648
76561197961725649
76561197961725650
76561197961725651
76561197961725653
76561197961725657
76561197961725658
76561197961725659
76561197961725661
