76561197961782391
76561197961782392
76561197961782393
76561197961782394
76561197961782395
76561197961782397
76561197961782398
76561197961782400
76561197961782401
76561197961782402
76561197961782403
76561197961782407
76561197961782408
76561197961782409
76561197961782410
76561197961782411
76561197961782412
76561197961782416
76561197961782419
76561197961782420
76561197961782421
76561197961782422
76561197961782424
76561197961782425
76561197961782426
76561197961782428
76561197961782429
76561197961782430
76561197961782432
76561197961782434
76561197961782435
76561197961782438
76561197961782439
76561197961782440
76561197961782441
76561197961782442
76561197961782443
76561197961782444
76561197961782445
76561197961782446
76561197961782449
76561197961782450
76561197961782452
76561197961782455
76561197961782456
76561197961782457
76561197961782459
76561197961782461
76561197961782462
76561197961782463
76561197961782464
76561197961782466
76561197961782467
76561197961782470
76561197961782471
76561197961782473
76561197961782474
76561197961782475
76561197961782476
76561197961782477
76561197961782479
76561197961782480
76561197961782482
76561197961782484
76561197961782485
76561197961782486
76561197961782487
76561197961782488
76561197961782489
76561197961782490
76561197961782491
76561197961782492
76561197961782493
76561197961782495
76561197961782497
76561197961782499
76561197961782500
76561197961782501
76561197961782502
76561197961782505
76561197961782507
76561197961782508
76561197961782510
76561197961782514
76561197961782515
76561197961782517
76561197961782518
76561197961782519
76561197961782522
76561197961782523
76561197961782524
76561197961782525
76561197961782526
76561197961782527
76561197961782529
76561197961782530
76561197961782532
76561197961782534
76561197961782535
76561197961782536
76561197961782537
76561197961782538
76561197961782539
76561197961782540
76561197961782541
76561197961782543
76561197961782544
76561197961782546
76561197961782547
76561197961782548
76561197961782549
76561197961782550
76561197961782551
76561197961782552
76561197961782554
76561197961782555
76561197961782556
76561197961782557
76561197961782558
76561197961782559
76561197961782560
76561197961782562
76561197961782563
76561197961782564
76561197961782566
76561197961782567
76561197961782568
76561197961782570
76561197961782574
76561197961782575
76561197961782578
76561197961782582
76561197961782583
76561197961782584
76561197961782585
76561197961782588
76561197961782591
76561197961782592
76561197961782594
76561197961782596
76561197961782598
76561197961782599
76561197961782600
76561197961782601
76561197961782603
76561197961782604
76561197961782605
76561197961782606
76561197961782607
76561197961782610
76561197961782611
76561197961782614
76561197961782615
76561197961782616
76561197961782617
76561197961782618
76561197961782619
76561197961782620
76561197961782623
76561197961782625
76561197961782626
76561197961782629
76561197961782631
76561197961782633
76561197961782634
76561197961782636
76561197961782637
76561197961782638
76561197961782641
76561197961782642
76561197961782643
76561197961782646
76561197961782647
76561197961782648
76561197961782652
76561197961782653
76561197961782654
76561197961782656
76561197961782657
76561197961782658
76561197961782659
76561197961782661
76561197961782662
76561197961782663
76561197961782665
76561197961782666
76561197961782667
76561197961782668
76561197961782673
76561197961782675
76561197961782676
76561197961782677
76561197961782678
76561197961782679
76561197961782683
76561197961782684
76561197961782685
76561197961782686
76561197961782687
76561197961782688
76561197961782689
76561197961782690
76561197961782692
76561197961782694
76561197961782695
76561197961782696
76561197961782697
76561197961782698
76561197961782699
76561197961782704
76561197961782705
76561197961782707
76561197961782708
76561197961782709
76561197961782710
76561197961782712
76561197961782714
76561197961782716
76561197961782717
76561197961782719
76561197961782721
76561197961782722
76561197961782723
76561197961782724
76561197961782726
76561197961782727
76561197961782729
76561197961782730
76561197961782732
76561197961782733
76561197961782734
76561197961782737
76561197961782738
76561197961782740
76561197961782741
76561197961782742
76561197961782743
76561197961782746
76561197961782747
76561197961782748
76561197961782750
76561197961782752
76561197961782754
76561197961782758
76561197961782760
76561197961782761
76561197961782762
76561197961782764
76561197961782766
76561197961782771
76561197961782772
76561197961782775
76561197961782776
76561197961782777
76561197961782778
76561197961782780
76561197961782781
76561197961782782
76561197961782784
76561197961782785
76561197961782786
76561197961782788
76561197961782790
76561197961782794
76561197961782795
76561197961782796
76561197961782797
76561197961782798
76561197961782803
76561197961782804
76561197961782806
76561197961782807
76561197961782808
76561197961782812
76561197961782813
76561197961782815
76561197961782816
76561197961782818
76561197961782819
76561197961782820
76561197961782821
76561197961782824
76561197961782825
76561197961782827
76561197961782831
76561197961782832
76561197961782833
76561197961782834
76561197961782836
76561197961782838
76561197961782839
76561197961782840
76561197961782842
76561197961782847
76561197961782849
76561197961782851
76561197961782852
76561197961782854
76561197961782855
76561197961782856
76561197961782857
76561197961782858
76561197961782859
76561197961782860
76561197961782861
76561197961782864
76561197961782865
76561197961782866
76561197961782868
76561197961782871
76561197961782872
76561197961782874
76561197961782875
76561197961782876
76561197961782880
76561197961782881
76561197961782882
76561197961782884
76561197961782887
76561197961782889
76561197961782893
76561197961782894
76561197961782896
76561197961782898
76561197961782900
76561197961782905
76561197961782906
76561197961782908
76561197961782909
76561197961782910
76561197961782911
76561197961782913
76561197961782914
76561197961782916
76561197961782917
76561197961782918
76561197961782921
76561197961782923
76561197961782924
76561197961782927
76561197961782928
76561197961782929
76561197961782930
76561197961782934
76561197961782935
76561197961782937
76561197961782938
76561197961782940
76561197961782941
76561197961782942
76561197961782943
76561197961782944
76561197961782945
76561197961782947
76561197961782949
76561197961782950
76561197961782951
76561197961782952
76561197961782953
76561197961782956
76561197961782962
76561197961782963
76561197961782964
76561197961782965
76561197961782966
76561197961782968
76561197961782970
76561197961782971
76561197961782972
76561197961782974
76561197961782975
76561197961782976
76561197961782977
76561197961782978
76561197961782980
76561197961782983
76561197961782985
76561197961782986
76561197961782987
76561197961782988
76561197961782989
76561197961782990
76561197961782991
76561197961782993
76561197961782994
76561197961782995
76561197961782996
76561197961782997
76561197961782999
76561197961783000
76561197961783002
76561197961783004
76561197961783006
76561197961783008
76561197961783009
76561197961783010
76561197961783012
76561197961783014
76561197961783015
76561197961783016
76561197961783017
76561197961783019
76561197961783021
76561197961783022
76561197961783024
76561197961783025
76561197961783028
76561197961783033
76561197961783034
76561197961783037
76561197961783038
76561197961783040
76561197961783041
76561197961783042
76561197961783043
76561197961783044
76561197961783045
76561197961783046
76561197961783047
76561197961783048
76561197961783049
76561197961783050
76561197961783052
76561197961783053
76561197961783054
76561197961783058
76561197961783059
76561197961783061
76561197961783062
76561197961783063
76561197961783064
76561197961783065
76561197961783067
76561197961783070
76561197961783071
76561197961783072
76561197961783073
76561197961783074
76561197961783077
76561197961783079
76561197961783080
76561197961783081
76561197961783082
76561197961783083
76561197961783084
76561197961783085
76561197961783086
76561197961783087
76561197961783088
76561197961783089
76561197961783090
76561197961783091
76561197961783093
76561197961783095
76561197961783096
76561197961783097
76561197961783098
76561197961783100
76561197961783102
76561197961783103
76561197961783104
76561197961783105
76561197961783106
76561197961783107
76561197961783108
76561197961783110
76561197961783111
76561197961783112
76561197961783113
76561197961783116
76561197961783117
76561197961783119
76561197961783121
76561197961783122
76561197961783123
76561197961783124
76561197961783125
76561197961783127
76561197961783128
76561197961783129
76561197961783130
76561197961783132
76561197961783133
76561197961783137
76561197961783139
76561197961783140
76561197961783141
76561197961783143
76561197961783145
76561197961783146
76561197961783148
76561197961783149
76561197961783151
76561197961783155
76561197961783156
76561197961783157
76561197961783159
76561197961783161
76561197961783162
76561197961783164
76561197961783166
76561197961783167
76561197961783168
76561197961783169
76561197961783170
76561197961783172
76561197961783173
76561197961783177
76561197961783178
76561197961783180
76561197961783181
76561197961783182
76561197961783183
76561197961783184
76561197961783185
76561197961783191
76561197961783192
76561197961783193
76561197961783194
76561197961783195
76561197961783197
76561197961783199
76561197961783200
76561197961783201
76561197961783202
76561197961783203
76561197961783206
76561197961783209
76561197961783210
76561197961783212
76561197961783214
76561197961783215
76561197961783216
76561197961783217
76561197961783218
76561197961783220
76561197961783224
76561197961783226
76561197961783230
76561197961783232
76561197961783233
76561197961783234
76561197961783238
76561197961783239
76561197961783241
76561197961783242
76561197961783245
76561197961783248
76561197961783249
76561197961783250
76561197961783252
76561197961783253
76561197961783254
76561197961783255
76561197961783256
76561197961783257
76561197961783258
76561197961783259
76561197961783260
76561197961783261
76561197961783262
76561197961783264
76561197961783265
76561197961783266
76561197961783270
76561197961783273
76561197961783274
76561197961783275
76561197961783276
76561197961783278
76561197961783279
76561197961783280
76561197961783281
76561197961783282
76561197961783284
76561197961783285
76561197961783288
76561197961783289
76561197961783290
76561197961783292
76561197961783294
76561197961783295
76561197961783297
76561197961783298
76561197961783300
76561197961783301
76561197961783302
76561197961783303
76561197961783304
76561197961783305
76561197961783306
76561197961783308
76561197961783310
76561197961783312
76561197961783313
76561197961783314
76561197961783315
76561197961783318
76561197961783320
76561197961783321
76561197961783322
76561197961783325
76561197961783327
76561197961783329
76561197961783331
76561197961783334
76561197961783335
76561197961783337
76561197961783338
76561197961783340
76561197961783341
76561197961783342
76561197961783344
76561197961783346
76561197961783348
76561197961783350
76561197961783351
76561197961783352
76561197961783353
76561197961783355
76561197961783356
76561197961783358
76561197961783359
76561197961783362
76561197961783364
76561197961783365
76561197961783366
76561197961783367
76561197961783368
76561197961783370
76561197961783372
76561197961783373
76561197961783375
76561197961783376
76561197961783377
76561197961783379
76561197961783380
76561197961783382
76561197961783383
76561197961783384
76561197961783385
76561197961783388
76561197961783389
76561197961783391
76561197961783392
76561197961783398
76561197961783400
76561197961783401
76561197961783402
76561197961783403
76561197961783404
76561197961783405
76561197961783406
76561197961783408
76561197961783412
76561197961783413
76561197961783415
76561197961783416
76561197961783418
76561197961783419
76561197961783420
76561197961783421
76561197961783424
76561197961783425
76561197961783428
76561197961783430
76561197961783434
76561197961783436
76561197961783438
76561197961783440
76561197961783442
76561197961783446
76561197961783449
76561197961783450
76561197961783451
76561197961783452
76561197961783454
76561197961783455
76561197961783456
76561197961783457
76561197961783458
76561197961783460
76561197961783461
76561197961783462
76561197961783464
76561197961783467
76561197961783469
76561197961783470
76561197961783474
76561197961783479
76561197961783480
76561197961783484
76561197961783485
76561197961783486
76561197961783488
76561197961783490
76561197961783491
76561197961783496
76561197961783498
76561197961783499
76561197961783500
76561197961783501
76561197961783503
76561197961783505
76561197961783507
76561197961783509
76561197961783511
76561197961783513
76561197961783514
76561197961783516
76561197961783518
76561197961783520
76561197961783522
76561197961783523
76561197961783524
76561197961783525
76561197961783526
76561197961783527
76561197961783528
76561197961783530
76561197961783532
76561197961783533
76561197961783535
76561197961783536
76561197961783538
76561197961783540
76561197961783541
76561197961783542
76561197961783543
76561197961783545
76561197961783546
76561197961783547
76561197961783548
76561197961783549
76561197961783550
76561197961783552
76561197961783553
76561197961783555
76561197961783558
76561197961783560
76561197961783562
76561197961783563
76561197961783565
76561197961783568
76561197961783569
76561197961783570
76561197961783571
76561197961783574
76561197961783575
76561197961783576
76561197961783577
76561197961783578
76561197961783580
76561197961783581
76561197961783582
76561197961783584
76561197961783585
76561197961783588
76561197961783589
76561197961783590
76561197961783592
76561197961783594
76561197961783595
76561197961783596
76561197961783598
76561197961783600
76561197961783601
76561197961783603
76561197961783604
76561197961783606
76561197961783607
76561197961783608
76561197961783609
76561197961783610
76561197961783611
76561197961783612
76561197961783613
76561197961783614
76561197961783615
76561197961783616
76561197961783617
76561197961783618
76561197961783620
76561197961783624
76561197961783626
76561197961783628
76561197961783629
76561197961783631
76561197961783632
76561197961783634
76561197961783636
76561197961783637
76561197961783638
76561197961783639
76561197961783640
76561197961783642
76561197961783644
76561197961783645
76561197961783646
76561197961783647
76561197961783648
76561197961783649
76561197961783652
76561197961783654
76561197961783655
76561197961783656
76561197961783657
76561197961783659
76561197961783660
76561197961783663
76561197961783664
76561197961783665
76561197961783666
76561197961783669
76561197961783674
76561197961783675
76561197961783676
76561197961783678
76561197961783679
76561197961783680
76561197961783682
76561197961783683
76561197961783684
76561197961783686
76561197961783688
76561197961783689
76561197961783690
76561197961783691
76561197961783692
76561197961783693
76561197961783695
76561197961783696
76561197961783701
76561197961783703
76561197961783704
76561197961783706
76561197961783709
76561197961783710
76561197961783711
76561197961783712
76561197961783715
76561197961783716
76561197961783718
76561197961783719
76561197961783723
76561197961783724
76561197961783725
76561197961783726
76561197961783728
76561197961783729
76561197961783730
76561197961783731
76561197961783732
76561197961783733
76561197961783734
76561197961783735
76561197961783736
76561197961783737
76561197961783738
76561197961783739
76561197961783740
76561197961783743
76561197961783744
76561197961783745
76561197961783746
76561197961783748
76561197961783749
76561197961783755
76561197961783756
76561197961783758
76561197961783760
76561197961783761
76561197961783762
76561197961783763
76561197961783764
76561197961783765
76561197961783766
76561197961783769
76561197961783770
76561197961783772
76561197961783773
76561197961783774
76561197961783775
76561197961783777
76561197961783778
76561197961783779
76561197961783780
76561197961783782
76561197961783783
76561197961783784
76561197961783786
76561197961783787
76561197961783788
76561197961783790
76561197961783791
76561197961783793
76561197961783794
76561197961783795
76561197961783798
76561197961783800
76561197961783801
76561197961783802
76561197961783803
76561197961783804
76561197961783806
76561197961783807
76561197961783809
76561197961783810
76561197961783812
76561197961783814
76561197961783816
76561197961783817
76561197961783820
76561197961783821
76561197961783822
76561197961783823
76561197961783825
76561197961783826
76561197961783827
76561197961783828
76561197961783830
76561197961783832
76561197961783834
76561197961783835
76561197961783837
76561197961783838
76561197961783839
76561197961783840
76561197961783841
76561197961783842
76561197961783844
76561197961783846
76561197961783847
76561197961783854
76561197961783855
76561197961783856
76561197961783857
76561197961783858
76561197961783860
76561197961783861
76561197961783862
76561197961783864
76561197961783865
76561197961783866
76561197961783867
76561197961783869
76561197961783870
76561197961783871
76561197961783872
76561197961783874
76561197961783876
76561197961783877
76561197961783878
76561197961783880
76561197961783881
76561197961783882
76561197961783883
76561197961783884
76561197961783886
76561197961783887
76561197961783889
76561197961783890
76561197961783893
76561197961783894
76561197961783898
76561197961783901
76561197961783904
76561197961783905
76561197961783908
76561197961783909
76561197961783911
76561197961783913
76561197961783914
76561197961783915
76561197961783917
76561197961783919
76561197961783920
76561197961783921
76561197961783923
76561197961783925
76561197961783926
76561197961783927
76561197961783929
76561197961783930
76561197961783931
76561197961783932
76561197961783935
76561197961783936
76561197961783937
76561197961783938
76561197961783939
76561197961783940
76561197961783941
76561197961783942
76561197961783946
76561197961783948
76561197961783949
76561197961783950
76561197961783951
76561197961783952
