76561197960678765
76561197960678766
76561197960678767
76561197960678768
76561197960678769
76561197960678770
76561197960678771
76561197960678772
76561197960678774
76561197960678775
76561197960678777
76561197960678779
76561197960678780
76561197960678781
76561197960678782
76561197960678783
76561197960678784
76561197960678785
76561197960678786
76561197960678787
76561197960678788
76561197960678790
76561197960678791
76561197960678792
76561197960678793
76561197960678796
76561197960678797
76561197960678798
76561197960678800
76561197960678801
76561197960678802
76561197960678803
76561197960678804
76561197960678805
76561197960678806
76561197960678807
76561197960678808
76561197960678810
76561197960678811
76561197960678814
76561197960678815
76561197960678816
76561197960678818
76561197960678819
76561197960678820
76561197960678821
76561197960678823
76561197960678824
76561197960678825
76561197960678826
76561197960678827
76561197960678828
76561197960678829
76561197960678830
76561197960678831
76561197960678832
76561197960678833
76561197960678834
76561197960678835
76561197960678836
76561197960678837
76561197960678838
76561197960678839
76561197960678840
76561197960678842
76561197960678843
76561197960678844
76561197960678845
76561197960678846
76561197960678847
76561197960678848
76561197960678849
76561197960678850
76561197960678851
76561197960678852
76561197960678853
76561197960678854
76561197960678856
76561197960678857
76561197960678858
76561197960678859
76561197960678860
76561197960678861
76561197960678862
76561197960678863
76561197960678865
76561197960678866
76561197960678867
76561197960678868
76561197960678869
76561197960678870
76561197960678871
76561197960678872
76561197960678873
76561197960678874
76561197960678875
76561197960678876
76561197960678877
76561197960678878
76561197960678879
76561197960678880
76561197960678881
76561197960678882
76561197960678885
76561197960678886
76561197960678887
76561197960678890
76561197960678891
76561197960678892
76561197960678895
76561197960678899
76561197960678900
76561197960678901
76561197960678902
76561197960678903
76561197960678904
76561197960678905
76561197960678906
76561197960678908
76561197960678909
76561197960678910
76561197960678911
76561197960678912
76561197960678914
76561197960678915
76561197960678916
76561197960678918
76561197960678919
76561197960678920
76561197960678921
76561197960678922
76561197960678923
76561197960678924
76561197960678925
76561197960678926
76561197960678927
76561197960678928
76561197960678929
76561197960678932
76561197960678934
76561197960678935
76561197960678936
76561197960678937
76561197960678938
76561197960678939
76561197960678940
76561197960678941
76561197960678942
76561197960678944
76561197960678946
76561197960678948
76561197960678949
76561197960678951
76561197960678952
76561197960678953
76561197960678954
76561197960678955
76561197960678956
76561197960678957
76561197960678958
76561197960678960
76561197960678962
76561197960678963
76561197960678966
76561197960678967
76561197960678969
76561197960678971
76561197960678972
76561197960678973
76561197960678974
76561197960678975
76561197960678979
76561197960678980
76561197960678981
76561197960678982
76561197960678983
76561197960678984
76561197960678985
76561197960678987
76561197960678988
76561197960678989
76561197960678991
76561197960678992
76561197960678993
76561197960678995
76561197960678997
76561197960678998
76561197960678999
76561197960679000
76561197960679003
76561197960679004
76561197960679006
76561197960679007
76561197960679008
76561197960679009
76561197960679010
76561197960679013
76561197960679014
76561197960679016
76561197960679017
76561197960679018
76561197960679019
76561197960679021
76561197960679022
76561197960679023
76561197960679025
76561197960679026
76561197960679027
76561197960679028
76561197960679029
76561197960679031
76561197960679032
76561197960679033
76561197960679034
76561197960679035
76561197960679036
76561197960679037
76561197960679038
76561197960679039
76561197960679042
76561197960679043
76561197960679044
76561197960679045
76561197960679046
76561197960679048
76561197960679049
76561197960679051
76561197960679052
76561197960679053
76561197960679054
76561197960679055
76561197960679056
76561197960679057
76561197960679059
76561197960679060
76561197960679061
76561197960679063
76561197960679066
76561197960679067
76561197960679068
76561197960679070
76561197960679071
76561197960679072
76561197960679074
76561197960679075
76561197960679077
76561197960679078
76561197960679079
76561197960679080
76561197960679082
76561197960679083
76561197960679085
76561197960679087
76561197960679088
76561197960679089
76561197960679091
76561197960679092
76561197960679093
76561197960679095
76561197960679096
76561197960679097
76561197960679098
76561197960679100
76561197960679101
76561197960679102
76561197960679103
76561197960679105
76561197960679106
76561197960679108
76561197960679109
76561197960679111
76561197960679112
76561197960679114
76561197960679115
76561197960679116
76561197960679117
76561197960679118
76561197960679119
76561197960679120
76561197960679121
76561197960679122
76561197960679123
76561197960679124
76561197960679125
76561197960679126
76561197960679127
76561197960679128
76561197960679129
76561197960679130
76561197960679132
76561197960679133
76561197960679134
76561197960679135
76561197960679136
76561197960679137
76561197960679138
76561197960679140
76561197960679141
76561197960679143
76561197960679144
76561197960679146
76561197960679147
76561197960679150
76561197960679151
76561197960679153
76561197960679154
76561197960679157
76561197960679158
76561197960679159
76561197960679160
76561197960679161
76561197960679164
76561197960679165
76561197960679166
76561197960679167
76561197960679170
76561197960679171
76561197960679172
76561197960679173
76561197960679175
76561197960679176
76561197960679177
76561197960679178
76561197960679179
76561197960679180
76561197960679181
76561197960679185
76561197960679186
76561197960679187
76561197960679188
76561197960679190
76561197960679192
76561197960679195
76561197960679196
76561197960679197
76561197960679198
76561197960679199
76561197960679200
76561197960679201
76561197960679203
76561197960679204
76561197960679205
76561197960679206
76561197960679207
76561197960679208
76561197960679209
76561197960679210
76561197960679212
76561197960679214
76561197960679216
76561197960679217
76561197960679218
76561197960679219
76561197960679221
76561197960679222
76561197960679223
76561197960679224
76561197960679225
76561197960679226
76561197960679227
76561197960679228
76561197960679229
76561197960679230
76561197960679231
76561197960679232
76561197960679233
76561197960679234
76561197960679235
76561197960679236
76561197960679237
76561197960679238
76561197960679239
76561197960679240
76561197960679241
76561197960679242
76561197960679245
76561197960679247
76561197960679248
76561197960679249
76561197960679250
76561197960679251
76561197960679252
76561197960679253
76561197960679254
76561197960679255
76561197960679256
76561197960679257
76561197960679258
76561197960679259
76561197960679261
76561197960679262
76561197960679263
76561197960679264
76561197960679266
76561197960679268
76561197960679269
76561197960679271
76561197960679273
76561197960679276
76561197960679277
76561197960679278
76561197960679279
76561197960679282
76561197960679283
76561197960679285
76561197960679286
76561197960679287
76561197960679288
76561197960679289
76561197960679290
76561197960679292
76561197960679294
76561197960679295
76561197960679296
76561197960679297
76561197960679298
76561197960679299
76561197960679300
76561197960679301
76561197960679302
76561197960679304
76561197960679305
76561197960679307
76561197960679309
76561197960679310
76561197960679311
76561197960679313
76561197960679314
76561197960679315
76561197960679316
76561197960679317
76561197960679318
76561197960679319
76561197960679320
76561197960679322
76561197960679323
76561197960679324
76561197960679326
76561197960679327
76561197960679328
76561197960679330
76561197960679331
76561197960679333
76561197960679334
76561197960679335
76561197960679336
76561197960679337
76561197960679339
76561197960679341
76561197960679342
76561197960679343
76561197960679344
76561197960679345
76561197960679346
76561197960679347
76561197960679349
76561197960679351
76561197960679353
76561197960679354
76561197960679355
76561197960679356
76561197960679357
76561197960679358
76561197960679359
76561197960679361
76561197960679363
76561197960679364
76561197960679365
76561197960679367
76561197960679368
76561197960679369
76561197960679370
76561197960679371
76561197960679372
76561197960679373
76561197960679374
76561197960679375
76561197960679377
76561197960679378
76561197960679379
76561197960679380
76561197960679381
76561197960679382
76561197960679383
76561197960679384
76561197960679385
76561197960679386
76561197960679387
76561197960679388
76561197960679389
76561197960679390
76561197960679391
76561197960679392
76561197960679394
76561197960679395
76561197960679396
76561197960679397
76561197960679398
76561197960679399
76561197960679400
76561197960679401
76561197960679402
76561197960679403
76561197960679404
76561197960679405
76561197960679406
76561197960679407
76561197960679408
76561197960679409
76561197960679410
76561197960679411
76561197960679412
76561197960679413
76561197960679415
76561197960679416
76561197960679417
76561197960679418
76561197960679419
76561197960679420
76561197960679421
76561197960679422
76561197960679423
76561197960679425
76561197960679427
76561197960679429
76561197960679430
76561197960679431
76561197960679432
76561197960679435
76561197960679436
76561197960679437
76561197960679438
76561197960679439
76561197960679441
76561197960679442
76561197960679443
76561197960679445
76561197960679446
76561197960679449
76561197960679450
76561197960679452
76561197960679453
76561197960679455
76561197960679456
76561197960679457
76561197960679458
76561197960679459
76561197960679460
76561197960679461
76561197960679462
76561197960679463
76561197960679464
76561197960679465
76561197960679466
76561197960679467
76561197960679468
76561197960679469
76561197960679471
76561197960679473
76561197960679476
76561197960679477
76561197960679479
76561197960679480
76561197960679481
76561197960679482
76561197960679483
76561197960679484
76561197960679485
76561197960679486
76561197960679487
76561197960679488
76561197960679489
76561197960679491
76561197960679492
76561197960679493
76561197960679495
76561197960679496
76561197960679497
76561197960679498
76561197960679499
76561197960679500
76561197960679501
76561197960679502
76561197960679503
76561197960679504
76561197960679506
76561197960679507
76561197960679508
76561197960679509
76561197960679510
76561197960679511
76561197960679512
76561197960679513
76561197960679514
76561197960679515
76561197960679516
76561197960679517
76561197960679518
76561197960679519
76561197960679520
76561197960679521
76561197960679522
76561197960679523
76561197960679524
76561197960679525
76561197960679526
76561197960679528
76561197960679529
76561197960679530
76561197960679531
76561197960679532
76561197960679533
76561197960679535
76561197960679536
76561197960679537
76561197960679539
76561197960679540
76561197960679541
76561197960679544
76561197960679545
76561197960679546
76561197960679547
76561197960679548
76561197960679549
76561197960679550
76561197960679551
76561197960679552
76561197960679553
76561197960679555
76561197960679557
76561197960679560
76561197960679561
76561197960679562
76561197960679563
76561197960679564
76561197960679565
76561197960679566
76561197960679567
76561197960679568
76561197960679569
76561197960679570
76561197960679571
76561197960679574
76561197960679575
76561197960679576
76561197960679577
76561197960679578
76561197960679584
76561197960679585
76561197960679586
76561197960679587
76561197960679588
76561197960679589
76561197960679590
76561197960679591
76561197960679592
76561197960679593
76561197960679594
76561197960679595
76561197960679596
76561197960679597
76561197960679598
76561197960679599
76561197960679600
76561197960679601
76561197960679602
76561197960679603
76561197960679604
76561197960679605
76561197960679606
76561197960679607
76561197960679609
76561197960679610
76561197960679611
76561197960679613
76561197960679614
76561197960679615
76561197960679616
76561197960679617
76561197960679618
76561197960679619
76561197960679620
76561197960679622
76561197960679623
76561197960679624
76561197960679625
76561197960679626
76561197960679627
76561197960679629
76561197960679630
76561197960679631
76561197960679632
76561197960679634
76561197960679635
76561197960679636
76561197960679637
76561197960679638
76561197960679639
76561197960679640
76561197960679641
76561197960679642
76561197960679643
76561197960679644
76561197960679646
76561197960679647
76561197960679648
76561197960679649
76561197960679650
76561197960679651
76561197960679654
76561197960679655
76561197960679656
76561197960679657
76561197960679658
76561197960679660
76561197960679661
76561197960679662
76561197960679663
76561197960679664
76561197960679665
76561197960679666
76561197960679667
76561197960679668
76561197960679669
76561197960679670
76561197960679671
76561197960679673
76561197960679674
76561197960679675
76561197960679676
76561197960679678
76561197960679680
76561197960679681
76561197960679683
76561197960679684
76561197960679685
76561197960679688
76561197960679691
76561197960679692
76561197960679694
76561197960679695
76561197960679696
76561197960679697
76561197960679698
76561197960679699
76561197960679701
76561197960679703
76561197960679705
76561197960679706
76561197960679707
76561197960679709
76561197960679710
76561197960679711
76561197960679713
76561197960679714
76561197960679717
76561197960679718
76561197960679720
76561197960679722
76561197960679723
76561197960679724
76561197960679725
76561197960679726
76561197960679727
76561197960679728
76561197960679731
76561197960679732
76561197960679733
76561197960679734
76561197960679735
76561197960679736
76561197960679737
76561197960679738
76561197960679739
76561197960679740
76561197960679743
76561197960679744
76561197960679746
76561197960679747
76561197960679748
76561197960679749
76561197960679750
76561197960679751
76561197960679752
76561197960679753
76561197960679754
76561197960679756
76561197960679757
76561197960679758
76561197960679759
76561197960679760
76561197960679762
76561197960679763
76561197960679764
76561197960679765
76561197960679766
76561197960679767
76561197960679768
76561197960679770
76561197960679771
76561197960679772
76561197960679775
76561197960679776
76561197960679777
76561197960679778
76561197960679780
76561197960679781
76561197960679782
76561197960679783
76561197960679784
76561197960679785
76561197960679786
76561197960679787
76561197960679788
76561197960679789
76561197960679791
76561197960679793
76561197960679794
76561197960679795
76561197960679796
76561197960679797
76561197960679798
76561197960679799
76561197960679800
76561197960679801
76561197960679802
76561197960679803
76561197960679804
76561197960679805
76561197960679806
76561197960679807
76561197960679808
76561197960679811
76561197960679812
76561197960679813
76561197960679814
76561197960679815
76561197960679816
76561197960679817
76561197960679818
76561197960679819
76561197960679822
76561197960679823
76561197960679826
76561197960679827
76561197960679828
76561197960679830
76561197960679831
76561197960679832
76561197960679833
76561197960679835
76561197960679836
76561197960679837
76561197960679838
76561197960679839
76561197960679840
76561197960679844
76561197960679845
76561197960679846
76561197960679847
76561197960679848
76561197960679850
76561197960679851
76561197960679852
76561197960679853
76561197960679854
76561197960679855
76561197960679857
76561197960679858
76561197960679859
76561197960679860
76561197960679861
76561197960679862
76561197960679863
76561197960679864
76561197960679865
76561197960679867
76561197960679868
76561197960679869
76561197960679870
76561197960679871
76561197960679873
76561197960679874
76561197960679875
76561197960679876
76561197960679877
76561197960679878
76561197960679879
76561197960679880
76561197960679881
76561197960679882
76561197960679883
76561197960679884
76561197960679885
76561197960679886
76561197960679889
76561197960679890
76561197960679891
76561197960679893
76561197960679894
76561197960679895
76561197960679897
76561197960679898
76561197960679899
76561197960679900
76561197960679901
76561197960679902
76561197960679903
76561197960679904
76561197960679905
76561197960679906
76561197960679908
76561197960679909
76561197960679910
76561197960679911
76561197960679912
76561197960679913
76561197960679916
76561197960679917
76561197960679918
76561197960679919
76561197960679920
76561197960679923
76561197960679924
76561197960679925
76561197960679927
76561197960679928
76561197960679929
76561197960679930
76561197960679931
76561197960679932
76561197960679933
76561197960679934
76561197960679935
76561197960679936
76561197960679937
76561197960679938
76561197960679939
76561197960679940
76561197960679941
76561197960679942
76561197960679943
76561197960679944
76561197960679945
76561197960679946
76561197960679948
76561197960679949
76561197960679950
76561197960679951
76561197960679952
76561197960679954
76561197960679955
76561197960679956
76561197960679957
76561197960679958
76561197960679959
76561197960679960
76561197960679961
76561197960679962
76561197960679963
76561197960679964
76561197960679965
76561197960679967
76561197960679968
76561197960679969
76561197960679970
76561197960679971
76561197960679972
76561197960679973
76561197960679974
76561197960679975
76561197960679977
76561197960679978
76561197960679980
76561197960679981
76561197960679983
76561197960679984
76561197960679985
76561197960679987
76561197960679988
76561197960679989
76561197960679990
76561197960679991
76561197960679992
76561197960679993
76561197960679994
76561197960679995
76561197960679997
76561197960679998
76561197960679999
76561197960680000
76561197960680001
76561197960680002
76561197960680003
76561197960680004
76561197960680005
76561197960680006
76561197960680007
76561197960680008
76561197960680011
