76561197961675044
76561197961675049
76561197961675052
76561197961675055
76561197961675057
76561197961675060
76561197961675064
76561197961675070
76561197961675078
76561197961675084
76561197961675085
76561197961675086
76561197961675094
76561197961675095
76561197961675098
76561197961675103
76561197961675108
76561197961675111
76561197961675112
76561197961675113
76561197961675115
76561197961675116
76561197961675117
76561197961675121
76561197961675122
76561197961675124
76561197961675131
76561197961675133
76561197961675141
76561197961675142
76561197961675146
76561197961675149
76561197961675150
76561197961675151
76561197961675155
76561197961675156
76561197961675157
76561197961675158
76561197961675161
76561197961675163
76561197961675165
76561197961675171
76561197961675178
76561197961675179
76561197961675183
76561197961675186
76561197961675190
76561197961675191
76561197961675192
76561197961675194
76561197961675197
76561197961675204
76561197961675205
76561197961675206
76561197961675211
76561197961675212
76561197961675215
76561197961675216
76561197961675217
76561197961675218
76561197961675223
76561197961675224
76561197961675225
76561197961675227
76561197961675233
76561197961675239
76561197961675243
76561197961675244
76561197961675245
76561197961675251
76561197961675252
76561197961675253
76561197961675254
76561197961675260
76561197961675261
76561197961675264
76561197961675265
76561197961675267
76561197961675270
76561197961675272
76561197961675273
76561197961675277
76561197961675283
76561197961675284
76561197961675289
76561197961675297
76561197961675308
76561197961675313
76561197961675321
76561197961675325
76561197961675328
76561197961675329
76561197961675330
76561197961675334
76561197961675335
76561197961675338
76561197961675346
76561197961675347
76561197961675350
76561197961675352
76561197961675356
76561197961675358
76561197961675360
76561197961675361
76561197961675364
76561197961675366
76561197961675370
76561197961675375
76561197961675376
76561197961675388
76561197961675399
76561197961675400
76561197961675402
76561197961675414
76561197961675419
76561197961675429
76561197961675431
76561197961675435
76561197961675438
76561197961675451
76561197961675455
76561197961675459
76561197961675460
76561197961675462
76561197961675464
76561197961675468
76561197961675469
76561197961675470
76561197961675471
76561197961675472
76561197961675473
76561197961675474
76561197961675479
76561197961675483
76561197961675488
76561197961675492
76561197961675494
76561197961675499
76561197961675500
76561197961675502
76561197961675503
76561197961675506
76561197961675507
76561197961675509
76561197961675510
76561197961675514
76561197961675517
76561197961675525
76561197961675526
76561197961675528
76561197961675530
76561197961675531
76561197961675532
76561197961675534
76561197961675538
76561197961675539
76561197961675546
76561197961675547
76561197961675552
76561197961675553
76561197961675554
76561197961675557
76561197961675560
76561197961675562
76561197961675567
76561197961675572
76561197961675573
76561197961675574
76561197961675579
76561197961675580
76561197961675581
76561197961675582
76561197961675591
76561197961675592
76561197961675593
76561197961675594
76561197961675597
76561197961675600
76561197961675601
76561197961675606
76561197961675609
76561197961675613
76561197961675615
76561197961675616
76561197961675617
76561197961675620
76561197961675628
76561197961675634
76561197961675637
76561197961675641
76561197961675642
76561197961675644
76561197961675646
76561197961675650
76561197961675651
76561197961675653
76561197961675654
76561197961675655
76561197961675660
76561197961675667
76561197961675668
76561197961675674
76561197961675675
76561197961675678
76561197961675684
76561197961675685
76561197961675688
76561197961675692
76561197961675698
76561197961675703
76561197961675704
76561197961675705
76561197961675706
76561197961675709
76561197961675712
76561197961675714
76561197961675715
76561197961675725
76561197961675728
76561197961675730
76561197961675731
76561197961675736
76561197961675738
76561197961675739
76561197961675740
76561197961675742
76561197961675748
76561197961675750
76561197961675751
76561197961675752
76561197961675754
76561197961675755
76561197961675756
76561197961675758
76561197961675761
76561197961675764
76561197961675766
76561197961675767
76561197961675768
76561197961675774
76561197961675777
76561197961675778
76561197961675779
76561197961675780
76561197961675784
76561197961675785
76561197961675786
76561197961675788
76561197961675792
76561197961675793
76561197961675797
76561197961675799
76561197961675806
76561197961675818
76561197961675821
76561197961675822
76561197961675823
76561197961675824
76561197961675831
76561197961675835
76561197961675836
76561197961675838
76561197961675843
76561197961675846
76561197961675849
76561197961675850
76561197961675852
76561197961675854
76561197961675857
76561197961675860
76561197961675861
76561197961675863
76561197961675868
76561197961675869
76561197961675871
76561197961675883
76561197961675885
76561197961675892
76561197961675893
76561197961675895
76561197961675897
76561197961675898
76561197961675902
76561197961675904
76561197961675905
76561197961675910
76561197961675912
76561197961675915
76561197961675924
76561197961675927
76561197961675928
76561197961675931
76561197961675936
76561197961675940
76561197961675946
76561197961675948
76561197961675951
76561197961675953
76561197961675954
76561197961675956
76561197961675959
76561197961675964
76561197961675967
76561197961675970
76561197961675972
76561197961675979
76561197961675983
76561197961675984
76561197961675986
76561197961675988
76561197961675989
76561197961675993
76561197961675996
76561197961676001
76561197961676005
76561197961676010
76561197961676011
76561197961676012
76561197961676014
76561197961676018
76561197961676020
76561197961676024
76561197961676026
76561197961676028
76561197961676039
76561197961676041
76561197961676044
76561197961676055
76561197961676057
76561197961676059
76561197961676061
76561197961676062
76561197961676065
76561197961676067
76561197961676069
76561197961676075
76561197961676078
76561197961676079
76561197961676080
76561197961676081
76561197961676085
76561197961676089
76561197961676090
76561197961676091
76561197961676093
76561197961676096
76561197961676100
76561197961676102
76561197961676103
76561197961676107
76561197961676109
76561197961676112
76561197961676114
76561197961676116
76561197961676118
76561197961676122
76561197961676123
76561197961676127
76561197961676136
76561197961676138
76561197961676144
76561197961676147
76561197961676150
76561197961676158
76561197961676161
76561197961676162
76561197961676164
76561197961676167
76561197961676171
76561197961676173
76561197961676175
76561197961676176
76561197961676180
76561197961676181
76561197961676182
76561197961676189
76561197961676190
76561197961676201
76561197961676202
76561197961676211
76561197961676216
76561197961676218
76561197961676222
76561197961676223
76561197961676224
76561197961676227
76561197961676233
76561197961676234
76561197961676235
76561197961676237
76561197961676240
76561197961676241
76561197961676246
76561197961676248
76561197961676249
76561197961676250
76561197961676252
76561197961676255
76561197961676268
76561197961676269
76561197961676271
76561197961676272
76561197961676273
76561197961676275
76561197961676290
76561197961676294
76561197961676296
76561197961676297
76561197961676299
76561197961676302
76561197961676304
76561197961676308
76561197961676310
76561197961676311
76561197961676312
76561197961676319
76561197961676320
76561197961676321
76561197961676322
76561197961676325
76561197961676326
76561197961676327
76561197961676328
76561197961676332
76561197961676334
76561197961676336
76561197961676338
76561197961676341
76561197961676346
76561197961676354
76561197961676355
76561197961676357
76561197961676361
76561197961676364
76561197961676365
76561197961676368
76561197961676371
76561197961676373
76561197961676376
76561197961676379
76561197961676380
76561197961676381
76561197961676391
76561197961676392
76561197961676395
76561197961676397
76561197961676398
76561197961676399
76561197961676404
76561197961676405
76561197961676412
76561197961676414
76561197961676415
76561197961676422
76561197961676424
76561197961676425
76561197961676426
76561197961676430
76561197961676433
76561197961676434
76561197961676435
76561197961676438
76561197961676444
76561197961676447
76561197961676457
76561197961676459
76561197961676460
76561197961676462
76561197961676463
76561197961676464
76561197961676466
76561197961676469
76561197961676471
76561197961676472
76561197961676474
76561197961676477
76561197961676478
76561197961676480
76561197961676487
76561197961676488
76561197961676489
76561197961676491
76561197961676493
76561197961676495
76561197961676498
76561197961676499
76561197961676500
76561197961676503
76561197961676506
76561197961676512
76561197961676514
76561197961676517
76561197961676519
76561197961676521
76561197961676523
76561197961676524
76561197961676529
76561197961676531
76561197961676533
76561197961676534
76561197961676537
76561197961676540
76561197961676545
76561197961676548
76561197961676549
76561197961676551
76561197961676554
76561197961676556
76561197961676557
76561197961676560
76561197961676566
76561197961676567
76561197961676568
76561197961676575
76561197961676577
76561197961676578
76561197961676579
76561197961676584
76561197961676586
76561197961676593
76561197961676597
76561197961676599
76561197961676602
76561197961676603
76561197961676605
76561197961676610
76561197961676611
76561197961676612
76561197961676614
76561197961676615
76561197961676616
76561197961676618
76561197961676624
76561197961676626
76561197961676630
76561197961676631
76561197961676640
76561197961676642
76561197961676643
76561197961676646
76561197961676648
76561197961676649
76561197961676652
76561197961676654
76561197961676657
76561197961676659
76561197961676660
76561197961676665
76561197961676667
76561197961676672
76561197961676673
76561197961676679
76561197961676680
76561197961676682
76561197961676685
76561197961676686
76561197961676688
76561197961676689
76561197961676690
76561197961676695
76561197961676696
76561197961676700
76561197961676702
76561197961676707
76561197961676709
76561197961676710
76561197961676712
76561197961676713
76561197961676715
76561197961676718
76561197961676720
76561197961676725
76561197961676733
76561197961676734
76561197961676736
76561197961676738
76561197961676739
76561197961676741
76561197961676742
76561197961676743
76561197961676744
76561197961676745
76561197961676750
76561197961676758
76561197961676759
76561197961676772
76561197961676773
76561197961676779
76561197961676781
76561197961676784
76561197961676787
76561197961676792
76561197961676794
76561197961676802
76561197961676808
76561197961676810
76561197961676815
76561197961676817
76561197961676822
76561197961676823
76561197961676824
76561197961676826
76561197961676828
76561197961676833
76561197961676836
76561197961676838
76561197961676844
76561197961676845
76561197961676849
76561197961676850
76561197961676851
76561197961676856
76561197961676858
76561197961676861
76561197961676863
76561197961676865
76561197961676867
76561197961676869
76561197961676870
76561197961676871
76561197961676873
76561197961676874
76561197961676875
76561197961676876
76561197961676878
76561197961676879
76561197961676881
76561197961676883
76561197961676889
76561197961676895
76561197961676896
76561197961676897
76561197961676898
76561197961676899
76561197961676903
76561197961676910
76561197961676913
76561197961676916
76561197961676917
76561197961676918
76561197961676921
76561197961676922
76561197961676926
76561197961676932
76561197961676933
76561197961676935
76561197961676942
76561197961676943
76561197961676945
76561197961676953
76561197961676955
76561197961676956
76561197961676961
76561197961676978
76561197961676980
76561197961676981
76561197961676982
76561197961676992
76561197961676996
76561197961676998
76561197961677000
76561197961677004
76561197961677007
76561197961677010
76561197961677012
76561197961677013
76561197961677015
76561197961677019
76561197961677020
76561197961677022
76561197961677024
76561197961677026
76561197961677030
76561197961677032
76561197961677033
76561197961677037
76561197961677038
76561197961677044
76561197961677045
76561197961677046
76561197961677049
76561197961677051
76561197961677056
76561197961677059
76561197961677060
76561197961677062
76561197961677065
76561197961677067
76561197961677068
76561197961677073
76561197961677076
76561197961677077
76561197961677078
76561197961677080
76561197961677085
76561197961677088
76561197961677094
76561197961677101
76561197961677102
76561197961677106
76561197961677107
76561197961677110
76561197961677112
76561197961677113
76561197961677114
76561197961677117
76561197961677123
76561197961677126
76561197961677127
76561197961677128
76561197961677132
76561197961677136
76561197961677137
76561197961677142
76561197961677146
76561197961677148
76561197961677149
76561197961677153
76561197961677158
76561197961677160
76561197961677162
76561197961677164
76561197961677167
76561197961677172
76561197961677173
76561197961677175
76561197961677177
76561197961677180
76561197961677182
76561197961677183
76561197961677186
76561197961677188
76561197961677196
76561197961677197
76561197961677198
76561197961677199
76561197961677200
76561197961677203
76561197961677206
76561197961677212
76561197961677213
76561197961677217
76561197961677219
76561197961677220
76561197961677223
76561197961677224
76561197961677225
76561197961677229
76561197961677231
76561197961677236
76561197961677238
76561197961677242
76561197961677244
76561197961677246
76561197961677247
76561197961677249
76561197961677251
76561197961677252
76561197961677254
76561197961677256
76561197961677258
76561197961677267
76561197961677272
76561197961677273
76561197961677277
76561197961677280
76561197961677282
76561197961677283
76561197961677285
76561197961677286
76561197961677287
76561197961677289
76561197961677295
76561197961677299
76561197961677305
76561197961677307
76561197961677310
76561197961677315
76561197961677316
76561197961677317
76561197961677319
76561197961677320
76561197961677323
76561197961677324
76561197961677326
76561197961677328
76561197961677332
76561197961677336
76561197961677338
76561197961677339
76561197961677342
76561197961677343
76561197961677344
76561197961677345
76561197961677346
76561197961677347
76561197961677350
76561197961677355
76561197961677356
76561197961677361
76561197961677363
76561197961677365
76561197961677373
76561197961677377
76561197961677379
76561197961677380
76561197961677381
76561197961677385
76561197961677389
76561197961677390
76561197961677391
76561197961677392
76561197961677393
76561197961677395
76561197961677401
76561197961677402
76561197961677406
76561197961677412
76561197961677413
76561197961677415
76561197961677416
76561197961677418
76561197961677420
76561197961677427
76561197961677431
76561197961677432
76561197961677435
76561197961677438
76561197961677440
76561197961677442
76561197961677445
76561197961677446
76561197961677448
76561197961677452
76561197961677455
76561197961677460
76561197961677465
76561197961677467
76561197961677469
76561197961677472
76561197961677473
76561197961677474
76561197961677478
76561197961677483
76561197961677494
76561197961677496
76561197961677497
76561197961677500
76561197961677505
76561197961677506
76561197961677509
76561197961677511
76561197961677513
76561197961677515
76561197961677522
76561197961677529
76561197961677532
76561197961677533
76561197961677534
76561197961677536
76561197961677537
76561197961677538
76561197961677540
76561197961677544
76561197961677547
76561197961677552
76561197961677553
76561197961677556
76561197961677557
76561197961677559
76561197961677563
76561197961677566
76561197961677567
76561197961677570
76561197961677571
76561197961677574
76561197961677576
76561197961677578
76561197961677582
76561197961677583
76561197961677585
76561197961677591
76561197961677592
76561197961677593
76561197961677594
76561197961677595
76561197961677596
76561197961677600
76561197961677609
76561197961677611
76561197961677612
76561197961677619
76561197961677620
76561197961677627
76561197961677629
76561197961677630
76561197961677633
76561197961677634
76561197961677635
76561197961677638
76561197961677641
76561197961677643
76561197961677646
76561197961677648
76561197961677650
76561197961677651
76561197961677653
76561197961677655
76561197961677657
76561197961677658
76561197961677662
76561197961677663
76561197961677667
76561197961677668
76561197961677670
76561197961677672
76561197961677674
76561197961677675
76561197961677676
76561197961677679
76561197961677680
76561197961677681
76561197961677682
76561197961677683
76561197961677684
76561197961677685
76561197961677691
76561197961677692
76561197961677697
76561197961677703
76561197961677706
76561197961677707
76561197961677709
76561197961677710
76561197961677711
76561197961677715
76561197961677717
76561197961677721
76561197961677723
76561197961677725
76561197961677726
76561197961677727
76561197961677728
76561197961677730
76561197961677731
76561197961677732
76561197961677734
76561197961677736
76561197961677741
76561197961677742
76561197961677749
76561197961677754
76561197961677756
76561197961677757
76561197961677758
76561197961677763
76561197961677772
76561197961677777
76561197961677781
76561197961677782
76561197961677783
76561197961677784
76561197961677786
76561197961677788
76561197961677790
76561197961677792
76561197961677796
76561197961677800
76561197961677802
76561197961677805
76561197961677807
76561197961677811
76561197961677812
76561197961677815
76561197961677816
76561197961677818
76561197961677832
76561197961677833
76561197961677834
76561197961677835
76561197961677837
76561197961677838
76561197961677839
76561197961677841
76561197961677842
76561197961677843
76561197961677846
76561197961677848
76561197961677852
76561197961677855
76561197961677859
76561197961677860
76561197961677864
76561197961677865
76561197961677867
76561197961677873
76561197961677876
76561197961677882
76561197961677889
76561197961677891
