76561197960885645
76561197960885646
76561197960885647
76561197960885648
76561197960885649
76561197960885650
76561197960885651
76561197960885652
76561197960885655
76561197960885658
76561197960885661
76561197960885662
76561197960885663
76561197960885664
76561197960885665
76561197960885669
76561197960885670
76561197960885671
76561197960885672
76561197960885674
76561197960885675
76561197960885676
76561197960885678
76561197960885679
76561197960885680
76561197960885682
76561197960885683
76561197960885687
76561197960885689
76561197960885691
76561197960885693
76561197960885695
76561197960885697
76561197960885698
76561197960885703
76561197960885704
76561197960885706
76561197960885708
76561197960885710
76561197960885711
76561197960885713
76561197960885714
76561197960885718
76561197960885721
76561197960885723
76561197960885724
76561197960885725
76561197960885726
76561197960885727
76561197960885729
76561197960885732
76561197960885734
76561197960885736
76561197960885737
76561197960885738
76561197960885741
76561197960885745
76561197960885748
76561197960885749
76561197960885751
76561197960885755
76561197960885757
76561197960885759
76561197960885761
76561197960885764
76561197960885765
76561197960885766
76561197960885767
76561197960885768
76561197960885769
76561197960885773
76561197960885776
76561197960885777
76561197960885780
76561197960885782
76561197960885783
76561197960885784
76561197960885785
76561197960885786
76561197960885788
76561197960885789
76561197960885791
76561197960885792
76561197960885793
76561197960885794
76561197960885795
76561197960885796
76561197960885797
76561197960885798
76561197960885799
76561197960885802
76561197960885805
76561197960885806
76561197960885807
76561197960885809
76561197960885812
76561197960885813
76561197960885815
76561197960885817
76561197960885819
76561197960885820
76561197960885821
76561197960885823
76561197960885824
76561197960885828
76561197960885829
76561197960885831
76561197960885833
76561197960885834
76561197960885835
76561197960885836
76561197960885837
76561197960885841
76561197960885843
76561197960885845
76561197960885847
76561197960885849
76561197960885861
76561197960885862
76561197960885863
76561197960885864
76561197960885865
76561197960885866
76561197960885867
76561197960885871
76561197960885873
76561197960885875
76561197960885878
76561197960885879
76561197960885882
76561197960885885
76561197960885886
76561197960885888
76561197960885891
76561197960885892
76561197960885893
76561197960885895
76561197960885896
76561197960885897
76561197960885898
76561197960885899
76561197960885902
76561197960885903
76561197960885904
76561197960885905
76561197960885907
76561197960885909
76561197960885911
76561197960885914
76561197960885916
76561197960885918
76561197960885920
76561197960885921
76561197960885922
76561197960885923
76561197960885924
76561197960885926
76561197960885927
76561197960885928
76561197960885929
76561197960885930
76561197960885932
76561197960885933
76561197960885936
76561197960885937
76561197960885938
76561197960885940
76561197960885941
76561197960885943
76561197960885944
76561197960885947
76561197960885951
76561197960885953
76561197960885955
76561197960885956
76561197960885957
76561197960885958
76561197960885959
76561197960885960
76561197960885963
76561197960885965
76561197960885967
76561197960885970
76561197960885974
76561197960885975
76561197960885976
76561197960885978
76561197960885983
76561197960885984
76561197960885985
76561197960885986
76561197960885987
76561197960885992
76561197960885994
76561197960885995
76561197960885997
76561197960885999
76561197960886000
76561197960886001
76561197960886003
76561197960886005
76561197960886006
76561197960886007
76561197960886008
76561197960886010
76561197960886013
76561197960886017
76561197960886018
76561197960886021
76561197960886023
76561197960886024
76561197960886030
76561197960886031
76561197960886033
76561197960886034
76561197960886035
76561197960886037
76561197960886038
76561197960886039
76561197960886041
76561197960886042
76561197960886043
76561197960886044
76561197960886046
76561197960886047
76561197960886048
76561197960886049
76561197960886050
76561197960886051
76561197960886052
76561197960886055
76561197960886056
76561197960886057
76561197960886058
76561197960886061
76561197960886062
76561197960886065
76561197960886066
76561197960886067
76561197960886068
76561197960886069
76561197960886071
76561197960886074
76561197960886077
76561197960886080
76561197960886081
76561197960886085
76561197960886086
76561197960886088
76561197960886089
76561197960886090
76561197960886091
76561197960886093
76561197960886094
76561197960886095
76561197960886096
76561197960886097
76561197960886098
76561197960886101
76561197960886102
76561197960886103
76561197960886104
76561197960886107
76561197960886109
76561197960886111
76561197960886114
76561197960886115
76561197960886117
76561197960886120
76561197960886122
76561197960886127
76561197960886133
76561197960886134
76561197960886135
76561197960886140
76561197960886142
76561197960886143
76561197960886144
76561197960886145
76561197960886147
76561197960886148
76561197960886149
76561197960886151
76561197960886152
76561197960886153
76561197960886155
76561197960886157
76561197960886158
76561197960886160
76561197960886162
76561197960886163
76561197960886167
76561197960886168
76561197960886171
76561197960886172
76561197960886173
76561197960886176
76561197960886177
76561197960886180
76561197960886181
76561197960886182
76561197960886183
76561197960886186
76561197960886187
76561197960886190
76561197960886192
76561197960886193
76561197960886194
76561197960886196
76561197960886197
76561197960886199
76561197960886202
76561197960886204
76561197960886206
76561197960886207
76561197960886209
76561197960886210
76561197960886211
76561197960886212
76561197960886217
76561197960886219
76561197960886220
76561197960886224
76561197960886225
76561197960886226
76561197960886227
76561197960886229
76561197960886233
76561197960886234
76561197960886235
76561197960886236
76561197960886237
76561197960886240
76561197960886241
76561197960886242
76561197960886244
76561197960886245
76561197960886246
76561197960886247
76561197960886249
76561197960886250
76561197960886251
76561197960886252
76561197960886253
76561197960886254
76561197960886255
76561197960886257
76561197960886260
76561197960886261
76561197960886262
76561197960886263
76561197960886265
76561197960886266
76561197960886267
76561197960886268
76561197960886270
76561197960886271
76561197960886272
76561197960886273
76561197960886274
76561197960886277
76561197960886278
76561197960886279
76561197960886280
76561197960886281
76561197960886282
76561197960886283
76561197960886287
76561197960886290
76561197960886291
76561197960886293
76561197960886294
76561197960886295
76561197960886297
76561197960886298
76561197960886299
76561197960886303
76561197960886306
76561197960886308
76561197960886309
76561197960886311
76561197960886314
76561197960886315
76561197960886317
76561197960886318
76561197960886320
76561197960886321
76561197960886322
76561197960886324
76561197960886325
76561197960886326
76561197960886327
76561197960886328
76561197960886330
76561197960886331
76561197960886333
76561197960886339
76561197960886342
76561197960886343
76561197960886344
76561197960886345
76561197960886346
76561197960886347
76561197960886349
76561197960886352
76561197960886353
76561197960886357
76561197960886358
76561197960886360
76561197960886361
76561197960886362
76561197960886363
76561197960886364
76561197960886365
76561197960886367
76561197960886370
76561197960886371
76561197960886372
76561197960886375
76561197960886376
76561197960886378
76561197960886382
76561197960886383
76561197960886384
76561197960886385
76561197960886386
76561197960886387
76561197960886389
76561197960886391
76561197960886392
76561197960886393
76561197960886394
76561197960886395
76561197960886398
76561197960886399
76561197960886400
76561197960886401
76561197960886402
76561197960886403
76561197960886405
76561197960886407
76561197960886409
76561197960886410
76561197960886412
76561197960886413
76561197960886414
76561197960886415
76561197960886416
76561197960886421
76561197960886422
76561197960886423
76561197960886427
76561197960886429
76561197960886431
76561197960886433
76561197960886435
76561197960886437
76561197960886439
76561197960886440
76561197960886441
76561197960886442
76561197960886445
76561197960886446
76561197960886451
76561197960886452
76561197960886454
76561197960886456
76561197960886458
76561197960886459
76561197960886460
76561197960886461
76561197960886462
76561197960886465
76561197960886468
76561197960886469
76561197960886471
76561197960886473
76561197960886474
76561197960886478
76561197960886479
76561197960886480
76561197960886481
76561197960886483
76561197960886487
76561197960886489
76561197960886493
76561197960886494
76561197960886495
76561197960886496
76561197960886497
76561197960886498
76561197960886501
76561197960886502
76561197960886503
76561197960886504
76561197960886507
76561197960886513
76561197960886514
76561197960886515
76561197960886516
76561197960886517
76561197960886519
76561197960886520
76561197960886521
76561197960886523
76561197960886525
76561197960886526
76561197960886527
76561197960886528
76561197960886529
76561197960886531
76561197960886535
76561197960886536
76561197960886537
76561197960886538
76561197960886539
76561197960886540
76561197960886541
76561197960886542
76561197960886543
76561197960886545
76561197960886546
76561197960886547
76561197960886548
76561197960886549
76561197960886550
76561197960886551
76561197960886553
76561197960886554
76561197960886555
76561197960886556
76561197960886558
76561197960886560
76561197960886562
76561197960886564
76561197960886567
76561197960886572
76561197960886573
76561197960886574
76561197960886576
76561197960886577
76561197960886580
76561197960886582
76561197960886583
76561197960886584
76561197960886586
76561197960886587
76561197960886588
76561197960886589
76561197960886594
76561197960886597
76561197960886599
76561197960886601
76561197960886602
76561197960886604
76561197960886605
76561197960886607
76561197960886608
76561197960886609
76561197960886610
76561197960886611
76561197960886612
76561197960886614
76561197960886616
76561197960886620
76561197960886621
76561197960886623
76561197960886627
76561197960886629
76561197960886630
76561197960886631
76561197960886632
76561197960886633
76561197960886634
76561197960886635
76561197960886636
76561197960886637
76561197960886638
76561197960886641
76561197960886647
76561197960886649
76561197960886650
76561197960886651
76561197960886652
76561197960886654
76561197960886657
76561197960886658
76561197960886659
76561197960886660
76561197960886663
76561197960886664
76561197960886666
76561197960886667
76561197960886668
76561197960886669
76561197960886670
76561197960886671
76561197960886673
76561197960886678
76561197960886679
76561197960886680
76561197960886683
76561197960886685
76561197960886689
76561197960886690
76561197960886692
76561197960886693
76561197960886699
76561197960886701
76561197960886706
76561197960886707
76561197960886708
76561197960886709
76561197960886710
76561197960886711
76561197960886712
76561197960886714
76561197960886715
76561197960886717
76561197960886721
76561197960886723
76561197960886724
76561197960886726
76561197960886730
76561197960886731
76561197960886734
76561197960886735
76561197960886736
76561197960886737
76561197960886739
76561197960886740
76561197960886741
76561197960886742
76561197960886743
76561197960886747
76561197960886749
76561197960886751
76561197960886752
76561197960886754
76561197960886757
76561197960886761
76561197960886762
76561197960886764
76561197960886765
76561197960886767
76561197960886768
76561197960886769
76561197960886770
76561197960886771
76561197960886772
76561197960886773
76561197960886775
76561197960886777
76561197960886779
76561197960886780
76561197960886781
76561197960886782
76561197960886783
76561197960886786
76561197960886787
76561197960886788
76561197960886791
76561197960886792
76561197960886795
76561197960886796
76561197960886797
76561197960886799
76561197960886801
76561197960886802
76561197960886803
76561197960886807
76561197960886808
76561197960886811
76561197960886812
76561197960886813
76561197960886814
76561197960886815
76561197960886816
76561197960886818
76561197960886819
76561197960886820
76561197960886821
76561197960886822
76561197960886823
76561197960886824
76561197960886825
76561197960886826
76561197960886827
76561197960886829
76561197960886830
76561197960886831
76561197960886832
76561197960886833
76561197960886835
76561197960886837
76561197960886838
76561197960886839
76561197960886840
76561197960886841
76561197960886843
76561197960886844
76561197960886845
76561197960886847
76561197960886848
76561197960886849
76561197960886850
76561197960886853
76561197960886855
76561197960886857
76561197960886858
76561197960886859
76561197960886861
76561197960886867
76561197960886869
76561197960886871
76561197960886872
76561197960886875
76561197960886879
76561197960886881
76561197960886882
76561197960886883
76561197960886884
76561197960886885
76561197960886887
76561197960886888
76561197960886889
76561197960886891
76561197960886893
76561197960886896
76561197960886897
76561197960886901
76561197960886903
76561197960886904
76561197960886905
76561197960886908
76561197960886909
76561197960886913
76561197960886915
76561197960886916
76561197960886917
76561197960886926
76561197960886927
76561197960886928
76561197960886931
76561197960886932
76561197960886934
76561197960886935
76561197960886938
76561197960886940
76561197960886941
76561197960886942
76561197960886943
76561197960886944
76561197960886946
76561197960886947
76561197960886950
76561197960886951
76561197960886955
76561197960886958
76561197960886959
76561197960886960
76561197960886961
76561197960886963
76561197960886964
76561197960886965
76561197960886966
76561197960886969
76561197960886971
76561197960886973
76561197960886974
76561197960886975
76561197960886976
76561197960886979
76561197960886980
76561197960886981
76561197960886982
76561197960886983
76561197960886985
76561197960886986
76561197960886987
76561197960886988
76561197960886989
76561197960886993
76561197960886994
76561197960886995
76561197960886996
76561197960886997
76561197960886998
76561197960886999
76561197960887001
76561197960887002
76561197960887004
76561197960887008
76561197960887009
76561197960887011
76561197960887013
76561197960887014
76561197960887016
76561197960887017
76561197960887018
76561197960887019
76561197960887020
76561197960887022
76561197960887023
76561197960887024
76561197960887026
76561197960887027
76561197960887028
76561197960887029
76561197960887031
76561197960887032
76561197960887034
76561197960887035
76561197960887036
76561197960887037
76561197960887038
76561197960887039
76561197960887041
76561197960887042
76561197960887044
76561197960887045
76561197960887048
76561197960887049
76561197960887051
76561197960887052
76561197960887053
76561197960887054
76561197960887055
76561197960887056
76561197960887057
76561197960887060
76561197960887061
76561197960887063
76561197960887064
76561197960887066
76561197960887067
76561197960887068
76561197960887073
76561197960887075
76561197960887080
76561197960887081
76561197960887082
76561197960887083
76561197960887085
76561197960887086
76561197960887087
76561197960887088
76561197960887089
76561197960887090
76561197960887092
76561197960887094
76561197960887095
76561197960887096
76561197960887097
76561197960887100
76561197960887101
76561197960887105
76561197960887106
76561197960887107
76561197960887108
76561197960887112
76561197960887113
76561197960887115
76561197960887116
76561197960887117
76561197960887120
76561197960887121
76561197960887123
76561197960887125
76561197960887126
76561197960887127
76561197960887129
76561197960887130
76561197960887131
76561197960887134
76561197960887135
76561197960887136
76561197960887137
76561197960887138
76561197960887139
76561197960887141
76561197960887142
76561197960887143
76561197960887145
76561197960887146
76561197960887148
76561197960887149
76561197960887150
76561197960887151
76561197960887155
76561197960887156
76561197960887157
76561197960887162
76561197960887165
76561197960887166
76561197960887167
76561197960887168
76561197960887171
76561197960887172
76561197960887173
76561197960887174
76561197960887175
76561197960887176
76561197960887177
76561197960887178
76561197960887179
76561197960887183
76561197960887185
76561197960887186
76561197960887187
76561197960887189
76561197960887191
76561197960887192
76561197960887193
76561197960887196
76561197960887198
76561197960887199
76561197960887200
76561197960887203
76561197960887204
76561197960887206
76561197960887207
76561197960887208
76561197960887210
76561197960887211
76561197960887214
76561197960887215
76561197960887216
76561197960887217
76561197960887218
76561197960887219
76561197960887220
76561197960887222
76561197960887223
76561197960887224
76561197960887225
76561197960887226
76561197960887227
76561197960887228
76561197960887229
76561197960887231
76561197960887232
76561197960887233
76561197960887234
76561197960887236
76561197960887237
76561197960887238
76561197960887239
76561197960887240
76561197960887241
76561197960887243
76561197960887244
76561197960887245
76561197960887246
76561197960887247
76561197960887249
76561197960887251
76561197960887252
76561197960887259
76561197960887260
76561197960887261
76561197960887262
76561197960887263
76561197960887265
76561197960887266
76561197960887268
76561197960887269
76561197960887270
76561197960887271
76561197960887273
76561197960887274
76561197960887277
76561197960887279
76561197960887280
76561197960887282
76561197960887283
76561197960887285
76561197960887286
76561197960887287
76561197960887290
76561197960887293
76561197960887295
76561197960887298
76561197960887300
76561197960887301
76561197960887303
76561197960887304
76561197960887305
76561197960887308
76561197960887309
76561197960887312
76561197960887313
76561197960887314
76561197960887315
76561197960887316
76561197960887318
76561197960887320
76561197960887323
76561197960887325
76561197960887326
