76561197961717541
76561197961717549
76561197961717550
76561197961717553
76561197961717554
76561197961717555
76561197961717556
76561197961717560
76561197961717561
76561197961717565
76561197961717566
76561197961717569
76561197961717571
76561197961717573
76561197961717574
76561197961717575
76561197961717576
76561197961717577
76561197961717579
76561197961717582
76561197961717583
76561197961717584
76561197961717587
76561197961717589
76561197961717591
76561197961717595
76561197961717596
76561197961717597
76561197961717601
76561197961717602
76561197961717606
76561197961717609
76561197961717611
76561197961717614
76561197961717615
76561197961717618
76561197961717619
76561197961717620
76561197961717625
76561197961717626
76561197961717628
76561197961717633
76561197961717638
76561197961717640
76561197961717643
76561197961717644
76561197961717645
76561197961717647
76561197961717648
76561197961717650
76561197961717659
76561197961717661
76561197961717663
76561197961717666
76561197961717667
76561197961717670
76561197961717672
76561197961717674
76561197961717675
76561197961717677
76561197961717678
76561197961717680
76561197961717681
76561197961717682
76561197961717685
76561197961717686
76561197961717687
76561197961717688
76561197961717689
76561197961717691
76561197961717693
76561197961717694
76561197961717696
76561197961717697
76561197961717698
76561197961717699
76561197961717700
76561197961717702
76561197961717703
76561197961717704
76561197961717705
76561197961717709
76561197961717710
76561197961717712
76561197961717713
76561197961717714
76561197961717716
76561197961717722
76561197961717723
76561197961717724
76561197961717726
76561197961717729
76561197961717730
76561197961717732
76561197961717733
76561197961717734
76561197961717735
76561197961717736
76561197961717739
76561197961717741
76561197961717742
76561197961717743
76561197961717745
76561197961717748
76561197961717749
76561197961717750
76561197961717751
76561197961717754
76561197961717756
76561197961717758
76561197961717759
76561197961717760
76561197961717762
76561197961717765
76561197961717767
76561197961717768
76561197961717772
76561197961717776
76561197961717777
76561197961717778
76561197961717779
76561197961717783
76561197961717784
76561197961717787
76561197961717789
76561197961717790
76561197961717791
76561197961717794
76561197961717795
76561197961717796
76561197961717798
76561197961717800
76561197961717805
76561197961717806
76561197961717808
76561197961717809
76561197961717812
76561197961717813
76561197961717817
76561197961717819
76561197961717820
76561197961717822
76561197961717824
76561197961717825
76561197961717826
76561197961717831
76561197961717833
76561197961717837
76561197961717840
76561197961717842
76561197961717846
76561197961717847
76561197961717849
76561197961717851
76561197961717852
76561197961717853
76561197961717854
76561197961717855
76561197961717856
76561197961717857
76561197961717861
76561197961717867
76561197961717869
76561197961717870
76561197961717871
76561197961717872
76561197961717873
76561197961717874
76561197961717876
76561197961717879
76561197961717880
76561197961717884
76561197961717888
76561197961717889
76561197961717891
76561197961717892
76561197961717893
76561197961717894
76561197961717895
76561197961717896
76561197961717897
76561197961717900
76561197961717901
76561197961717902
76561197961717903
76561197961717905
76561197961717908
76561197961717916
76561197961717917
76561197961717918
76561197961717920
76561197961717925
76561197961717926
76561197961717928
76561197961717930
76561197961717931
76561197961717932
76561197961717933
76561197961717935
76561197961717937
76561197961717940
76561197961717942
76561197961717944
76561197961717948
76561197961717949
76561197961717952
76561197961717953
76561197961717954
76561197961717958
76561197961717961
76561197961717962
76561197961717963
76561197961717964
76561197961717966
76561197961717968
76561197961717969
76561197961717970
76561197961717971
76561197961717974
76561197961717975
76561197961717978
76561197961717979
76561197961717980
76561197961717981
76561197961717982
76561197961717983
76561197961717984
76561197961717985
76561197961717986
76561197961717987
76561197961717988
76561197961717989
76561197961717990
76561197961717994
76561197961717995
76561197961717996
76561197961717998
76561197961718000
76561197961718001
76561197961718002
76561197961718006
76561197961718009
76561197961718010
76561197961718012
76561197961718014
76561197961718017
76561197961718019
76561197961718020
76561197961718021
76561197961718024
76561197961718026
76561197961718030
76561197961718032
76561197961718040
76561197961718041
76561197961718044
76561197961718051
76561197961718052
76561197961718056
76561197961718057
76561197961718058
76561197961718060
76561197961718061
76561197961718062
76561197961718063
76561197961718067
76561197961718070
76561197961718072
76561197961718073
76561197961718074
76561197961718078
76561197961718079
76561197961718080
76561197961718081
76561197961718083
76561197961718084
76561197961718088
76561197961718090
76561197961718091
76561197961718093
76561197961718098
76561197961718102
76561197961718103
76561197961718104
76561197961718105
76561197961718107
76561197961718108
76561197961718109
76561197961718110
76561197961718111
76561197961718113
76561197961718114
76561197961718116
76561197961718118
76561197961718119
76561197961718123
76561197961718124
76561197961718125
76561197961718126
76561197961718127
76561197961718128
76561197961718130
76561197961718132
76561197961718133
76561197961718134
76561197961718135
76561197961718136
76561197961718137
76561197961718139
76561197961718140
76561197961718144
76561197961718146
76561197961718148
76561197961718149
76561197961718152
76561197961718154
76561197961718155
76561197961718156
76561197961718157
76561197961718161
76561197961718162
76561197961718164
76561197961718168
76561197961718173
76561197961718177
76561197961718185
76561197961718186
76561197961718189
76561197961718190
76561197961718191
76561197961718192
76561197961718193
76561197961718194
76561197961718195
76561197961718196
76561197961718197
76561197961718199
76561197961718201
76561197961718203
76561197961718210
76561197961718211
76561197961718213
76561197961718216
76561197961718217
76561197961718221
76561197961718223
76561197961718224
76561197961718225
76561197961718229
76561197961718230
76561197961718231
76561197961718233
76561197961718235
76561197961718237
76561197961718240
76561197961718241
76561197961718242
76561197961718246
76561197961718252
76561197961718254
76561197961718257
76561197961718261
76561197961718268
76561197961718272
76561197961718273
76561197961718276
76561197961718277
76561197961718279
76561197961718285
76561197961718286
76561197961718289
76561197961718292
76561197961718293
76561197961718297
76561197961718300
76561197961718301
76561197961718303
76561197961718304
76561197961718305
76561197961718308
76561197961718311
76561197961718312
76561197961718316
76561197961718317
76561197961718318
76561197961718320
76561197961718323
76561197961718324
76561197961718327
76561197961718328
76561197961718329
76561197961718331
76561197961718334
76561197961718335
76561197961718337
76561197961718338
76561197961718339
76561197961718340
76561197961718342
76561197961718345
76561197961718346
76561197961718347
76561197961718352
76561197961718353
76561197961718356
76561197961718358
76561197961718359
76561197961718362
76561197961718364
76561197961718365
76561197961718366
76561197961718367
76561197961718373
76561197961718376
76561197961718377
76561197961718379
76561197961718381
76561197961718385
76561197961718389
76561197961718390
76561197961718391
76561197961718392
76561197961718393
76561197961718395
76561197961718397
76561197961718400
76561197961718403
76561197961718408
76561197961718409
76561197961718410
76561197961718411
76561197961718412
76561197961718415
76561197961718419
76561197961718422
76561197961718423
76561197961718425
76561197961718427
76561197961718428
76561197961718433
76561197961718435
76561197961718436
76561197961718437
76561197961718438
76561197961718440
76561197961718441
76561197961718445
76561197961718446
76561197961718448
76561197961718449
76561197961718453
76561197961718457
76561197961718458
76561197961718459
76561197961718461
76561197961718462
76561197961718469
76561197961718470
76561197961718477
76561197961718480
76561197961718481
76561197961718482
76561197961718483
76561197961718484
76561197961718485
76561197961718486
76561197961718487
76561197961718489
76561197961718490
76561197961718491
76561197961718494
76561197961718495
76561197961718498
76561197961718499
76561197961718500
76561197961718501
76561197961718504
76561197961718509
76561197961718510
76561197961718511
76561197961718516
76561197961718517
76561197961718519
76561197961718520
76561197961718524
76561197961718525
76561197961718527
76561197961718533
76561197961718534
76561197961718535
76561197961718538
76561197961718541
76561197961718542
76561197961718544
76561197961718545
76561197961718547
76561197961718549
76561197961718553
76561197961718554
76561197961718557
76561197961718558
76561197961718564
76561197961718565
76561197961718568
76561197961718570
76561197961718571
76561197961718575
76561197961718579
76561197961718583
76561197961718587
76561197961718588
76561197961718590
76561197961718591
76561197961718592
76561197961718593
76561197961718595
76561197961718599
76561197961718600
76561197961718602
76561197961718604
76561197961718607
76561197961718609
76561197961718610
76561197961718613
76561197961718615
76561197961718618
76561197961718619
76561197961718626
76561197961718627
76561197961718628
76561197961718629
76561197961718630
76561197961718631
76561197961718635
76561197961718637
76561197961718640
76561197961718641
76561197961718643
76561197961718644
76561197961718645
76561197961718648
76561197961718649
76561197961718656
76561197961718657
76561197961718661
76561197961718662
76561197961718663
76561197961718667
76561197961718668
76561197961718669
76561197961718670
76561197961718671
76561197961718672
76561197961718673
76561197961718674
76561197961718676
76561197961718680
76561197961718727
76561197961718757
76561197961718769
76561197961718846
76561197961718851
76561197961718924
76561197961718925
76561197961718931
76561197961718942
76561197961718954
76561197961718970
76561197961718992
76561197961719004
76561197961719030
76561197961719031
76561197961719077
76561197961719104
76561197961719105
76561197961719106
76561197961719110
76561197961719111
76561197961719112
76561197961719113
76561197961719117
76561197961719118
76561197961719121
76561197961719124
76561197961719128
76561197961719132
76561197961719136
76561197961719138
76561197961719141
76561197961719144
76561197961719146
76561197961719150
76561197961719154
76561197961719155
76561197961719158
76561197961719161
76561197961719162
76561197961719165
76561197961719167
76561197961719168
76561197961719169
76561197961719171
76561197961719172
76561197961719173
76561197961719174
76561197961719177
76561197961719179
76561197961719180
76561197961719181
76561197961719183
76561197961719184
76561197961719186
76561197961719188
76561197961719191
76561197961719193
76561197961719194
76561197961719197
76561197961719202
76561197961719205
76561197961719206
76561197961719209
76561197961719210
76561197961719211
76561197961719213
76561197961719215
76561197961719216
76561197961719219
76561197961719220
76561197961719224
76561197961719225
76561197961719227
76561197961719228
76561197961719229
76561197961719235
76561197961719236
76561197961719237
76561197961719240
76561197961719241
76561197961719242
76561197961719246
76561197961719250
76561197961719251
76561197961719252
76561197961719255
76561197961719257
76561197961719258
76561197961719259
76561197961719263
76561197961719264
76561197961719268
76561197961719269
76561197961719271
76561197961719273
76561197961719274
76561197961719276
76561197961719277
76561197961719278
76561197961719279
76561197961719284
76561197961719289
76561197961719290
76561197961719292
76561197961719293
76561197961719294
76561197961719298
76561197961719299
76561197961719300
76561197961719301
76561197961719309
76561197961719310
76561197961719311
76561197961719312
76561197961719318
76561197961719321
76561197961719322
76561197961719324
76561197961719325
76561197961719327
76561197961719329
76561197961719332
76561197961719337
76561197961719338
76561197961719344
76561197961719345
76561197961719348
76561197961719353
76561197961719354
76561197961719360
76561197961719365
76561197961719366
76561197961719371
76561197961719372
76561197961719373
76561197961719374
76561197961719376
76561197961719377
76561197961719378
76561197961719380
76561197961719381
76561197961719384
76561197961719388
76561197961719390
76561197961719391
76561197961719392
76561197961719393
76561197961719394
76561197961719398
76561197961719402
76561197961719403
76561197961719404
76561197961719405
76561197961719406
76561197961719407
76561197961719408
76561197961719409
76561197961719410
76561197961719412
76561197961719415
76561197961719416
76561197961719419
76561197961719421
76561197961719422
76561197961719423
76561197961719424
76561197961719428
76561197961719431
76561197961719432
76561197961719433
76561197961719435
76561197961719438
76561197961719445
76561197961719446
76561197961719448
76561197961719453
76561197961719454
76561197961719455
76561197961719457
76561197961719461
76561197961719464
76561197961719465
76561197961719466
76561197961719467
76561197961719468
76561197961719469
76561197961719470
76561197961719471
76561197961719473
76561197961719474
76561197961719477
76561197961719478
76561197961719480
76561197961719481
76561197961719482
76561197961719483
76561197961719485
76561197961719486
76561197961719488
76561197961719489
76561197961719490
76561197961719491
76561197961719493
76561197961719495
76561197961719497
76561197961719506
76561197961719507
76561197961719509
76561197961719510
76561197961719513
76561197961719515
76561197961719521
76561197961719523
76561197961719524
76561197961719527
76561197961719528
76561197961719530
76561197961719531
76561197961719532
76561197961719533
76561197961719534
76561197961719536
76561197961719542
76561197961719543
76561197961719544
76561197961719545
76561197961719546
76561197961719547
76561197961719549
76561197961719550
76561197961719551
76561197961719552
76561197961719555
76561197961719556
76561197961719561
76561197961719562
76561197961719563
76561197961719564
76561197961719570
76561197961719571
76561197961719574
76561197961719575
76561197961719576
76561197961719578
76561197961719580
76561197961719582
76561197961719583
76561197961719586
76561197961719587
76561197961719588
76561197961719590
76561197961719591
76561197961719594
76561197961719595
76561197961719597
76561197961719599
76561197961719601
76561197961719602
76561197961719603
76561197961719606
76561197961719608
76561197961719610
76561197961719611
76561197961719612
76561197961719614
76561197961719615
76561197961719616
76561197961719617
76561197961719621
76561197961719622
76561197961719625
76561197961719627
76561197961719628
76561197961719630
76561197961719631
76561197961719632
76561197961719634
76561197961719638
76561197961719644
76561197961719647
76561197961719648
76561197961719649
76561197961719651
76561197961719653
76561197961719654
76561197961719656
76561197961719657
76561197961719660
76561197961719662
76561197961719665
76561197961719669
76561197961719670
76561197961719671
76561197961719675
76561197961719676
76561197961719678
76561197961719681
76561197961719682
76561197961719683
76561197961719686
76561197961719687
76561197961719689
76561197961719690
76561197961719691
76561197961719692
76561197961719693
76561197961719695
76561197961719697
76561197961719699
76561197961719703
76561197961719704
76561197961719705
76561197961719707
76561197961719708
76561197961719709
76561197961719710
76561197961719714
76561197961719718
76561197961719721
76561197961719722
76561197961719723
76561197961719724
76561197961719725
76561197961719729
76561197961719732
76561197961719733
76561197961719734
76561197961719738
76561197961719741
76561197961719743
76561197961719744
76561197961719746
76561197961719747
76561197961719748
76561197961719753
76561197961719756
76561197961719759
76561197961719760
76561197961719763
76561197961719764
76561197961719766
76561197961719768
76561197961719769
76561197961719770
76561197961719771
76561197961719778
76561197961719779
76561197961719780
76561197961719782
76561197961719784
76561197961719787
76561197961719789
76561197961719791
76561197961719792
76561197961719794
76561197961719795
76561197961719796
76561197961719800
76561197961719801
76561197961719802
76561197961719803
76561197961719804
76561197961719806
76561197961719807
76561197961719809
76561197961719811
76561197961719818
76561197961719819
76561197961719822
76561197961719823
76561197961719824
76561197961719825
76561197961719826
76561197961719829
76561197961719832
76561197961719835
76561197961719836
76561197961719837
76561197961719839
76561197961719843
76561197961719845
76561197961719848
76561197961719850
76561197961719851
76561197961719852
76561197961719853
76561197961719855
76561197961719856
76561197961719857
76561197961719858
76561197961719859
76561197961719862
76561197961719864
76561197961719870
76561197961719873
76561197961719874
76561197961719876
76561197961719877
76561197961719878
76561197961719879
76561197961719880
76561197961719882
76561197961719884
76561197961719885
76561197961719888
76561197961719889
76561197961719890
76561197961719892
76561197961719894
76561197961719896
76561197961719897
76561197961719898
76561197961719899
76561197961719906
76561197961719908
76561197961719911
76561197961719912
76561197961719913
76561197961719914
76561197961719915
76561197961719916
76561197961719917
76561197961719918
76561197961719919
76561197961719920
76561197961719923
76561197961719925
76561197961719926
76561197961719929
76561197961719930
76561197961719931
76561197961719934
76561197961719936
76561197961719937
76561197961719949
76561197961719950
76561197961719952
76561197961719953
76561197961719954
76561197961719958
76561197961719961
76561197961719962
