76561197961914590
76561197961914591
76561197961914592
76561197961914595
76561197961914596
76561197961914599
76561197961914601
76561197961914605
76561197961914606
76561197961914608
76561197961914611
76561197961914614
76561197961914616
76561197961914617
76561197961914621
76561197961914624
76561197961914625
76561197961914635
76561197961914644
76561197961914652
76561197961914653
76561197961914654
76561197961914665
76561197961914667
76561197961914674
76561197961914675
76561197961914677
76561197961914678
76561197961914679
76561197961914683
76561197961914684
76561197961914685
76561197961914688
76561197961914689
76561197961914694
76561197961914695
76561197961914703
76561197961914704
76561197961914705
76561197961914707
76561197961914709
76561197961914710
76561197961914711
76561197961914714
76561197961914715
76561197961914718
76561197961914719
76561197961914722
76561197961914729
76561197961914731
76561197961914739
76561197961914742
76561197961914743
76561197961914744
76561197961914749
76561197961914750
76561197961914752
76561197961914753
76561197961914754
76561197961914755
76561197961914757
76561197961914758
76561197961914764
76561197961914766
76561197961914767
76561197961914768
76561197961914772
76561197961914774
76561197961914775
76561197961914776
76561197961914778
76561197961914779
76561197961914783
76561197961914784
76561197961914785
76561197961914787
76561197961914789
76561197961914790
76561197961914791
76561197961914794
76561197961914795
76561197961914796
76561197961914799
76561197961914807
76561197961914815
76561197961914816
76561197961914818
76561197961914825
76561197961914827
76561197961914831
76561197961914833
76561197961914835
76561197961914839
76561197961914841
76561197961914850
76561197961914851
76561197961914853
76561197961914858
76561197961914860
76561197961914865
76561197961914866
76561197961914867
76561197961914868
76561197961914869
76561197961914871
76561197961914872
76561197961914874
76561197961914875
76561197961914877
76561197961914879
76561197961914883
76561197961914884
76561197961914889
76561197961914895
76561197961914896
76561197961914898
76561197961914900
76561197961914903
76561197961914905
76561197961914907
76561197961914911
76561197961914916
76561197961914919
76561197961914923
76561197961914924
76561197961914935
76561197961914937
76561197961914939
76561197961914945
76561197961914947
76561197961914952
76561197961914953
76561197961914955
76561197961914957
76561197961914958
76561197961914959
76561197961914960
76561197961914961
76561197961914968
76561197961914971
76561197961914975
76561197961914977
76561197961914978
76561197961914981
76561197961914982
76561197961914986
76561197961914987
76561197961914992
76561197961914994
76561197961914995
76561197961914997
76561197961915003
76561197961915005
76561197961915006
76561197961915010
76561197961915011
76561197961915013
76561197961915014
76561197961915015
76561197961915021
76561197961915034
76561197961915037
76561197961915045
76561197961915047
76561197961915049
76561197961915051
76561197961915053
76561197961915054
76561197961915057
76561197961915060
76561197961915061
76561197961915062
76561197961915064
76561197961915067
76561197961915069
76561197961915070
76561197961915071
76561197961915073
76561197961915074
76561197961915075
76561197961915077
76561197961915081
76561197961915085
76561197961915090
76561197961915091
76561197961915093
76561197961915096
76561197961915101
76561197961915102
76561197961915107
76561197961915108
76561197961915111
76561197961915113
76561197961915114
76561197961915115
76561197961915117
76561197961915119
76561197961915121
76561197961915122
76561197961915123
76561197961915127
76561197961915130
76561197961915133
76561197961915135
76561197961915139
76561197961915142
76561197961915148
76561197961915150
76561197961915151
76561197961915155
76561197961915157
76561197961915160
76561197961915161
76561197961915162
76561197961915163
76561197961915164
76561197961915168
76561197961915169
76561197961915170
76561197961915171
76561197961915173
76561197961915177
76561197961915178
76561197961915179
76561197961915181
76561197961915187
76561197961915190
76561197961915196
76561197961915198
76561197961915201
76561197961915202
76561197961915205
76561197961915206
76561197961915209
76561197961915212
76561197961915214
76561197961915215
76561197961915217
76561197961915218
76561197961915219
76561197961915221
76561197961915224
76561197961915225
76561197961915229
76561197961915232
76561197961915235
76561197961915237
76561197961915243
76561197961915247
76561197961915251
76561197961915252
76561197961915253
76561197961915254
76561197961915255
76561197961915257
76561197961915259
76561197961915261
76561197961915263
76561197961915266
76561197961915267
76561197961915272
76561197961915274
76561197961915275
76561197961915277
76561197961915278
76561197961915279
76561197961915282
76561197961915284
76561197961915303
76561197961915304
76561197961915307
76561197961915310
76561197961915312
76561197961915313
76561197961915316
76561197961915318
76561197961915319
76561197961915321
76561197961915324
76561197961915325
76561197961915328
76561197961915329
76561197961915332
76561197961915333
76561197961915338
76561197961915339
76561197961915340
76561197961915341
76561197961915342
76561197961915343
76561197961915348
76561197961915353
76561197961915356
76561197961915358
76561197961915361
76561197961915364
76561197961915366
76561197961915368
76561197961915378
76561197961915382
76561197961915385
76561197961915386
76561197961915387
76561197961915394
76561197961915395
76561197961915400
76561197961915401
76561197961915402
76561197961915404
76561197961915407
76561197961915409
76561197961915410
76561197961915411
76561197961915412
76561197961915413
76561197961915414
76561197961915415
76561197961915417
76561197961915430
76561197961915433
76561197961915434
76561197961915439
76561197961915444
76561197961915448
76561197961915449
76561197961915450
76561197961915453
76561197961915455
76561197961915459
76561197961915467
76561197961915473
76561197961915474
76561197961915479
76561197961915481
76561197961915482
76561197961915483
76561197961915487
76561197961915493
76561197961915501
76561197961915505
76561197961915508
76561197961915509
76561197961915511
76561197961915513
76561197961915514
76561197961915515
76561197961915517
76561197961915521
76561197961915527
76561197961915529
76561197961915535
76561197961915539
76561197961915540
76561197961915541
76561197961915543
76561197961915544
76561197961915545
76561197961915546
76561197961915547
76561197961915548
76561197961915550
76561197961915551
76561197961915557
76561197961915559
76561197961915562
76561197961915563
76561197961915567
76561197961915568
76561197961915569
76561197961915574
76561197961915576
76561197961915577
76561197961915579
76561197961915581
76561197961915585
76561197961915586
76561197961915589
76561197961915590
76561197961915591
76561197961915594
76561197961915597
76561197961915600
76561197961915601
76561197961915603
76561197961915604
76561197961915606
76561197961915608
76561197961915612
76561197961915613
76561197961915614
76561197961915615
76561197961915616
76561197961915621
76561197961915623
76561197961915632
76561197961915633
76561197961915634
76561197961915642
76561197961915645
76561197961915647
76561197961915650
76561197961915651
76561197961915653
76561197961915654
76561197961915656
76561197961915657
76561197961915660
76561197961915663
76561197961915664
76561197961915666
76561197961915669
76561197961915673
76561197961915676
76561197961915678
76561197961915680
76561197961915686
76561197961915687
76561197961915688
76561197961915689
76561197961915691
76561197961915692
76561197961915693
76561197961915696
76561197961915698
76561197961915701
76561197961915702
76561197961915705
76561197961915706
76561197961915707
76561197961915710
76561197961915712
76561197961915714
76561197961915715
76561197961915719
76561197961915720
76561197961915722
76561197961915723
76561197961915724
76561197961915725
76561197961915726
76561197961915730
76561197961915731
76561197961915732
76561197961915735
76561197961915736
76561197961915737
76561197961915738
76561197961915741
76561197961915743
76561197961915745
76561197961915747
76561197961915748
76561197961915749
76561197961915751
76561197961915752
76561197961915753
76561197961915755
76561197961915756
76561197961915760
76561197961915761
76561197961915764
76561197961915765
76561197961915770
76561197961915778
76561197961915782
76561197961915784
76561197961915793
76561197961915794
76561197961915795
76561197961915798
76561197961915799
76561197961915803
76561197961915806
76561197961915807
76561197961915810
76561197961915811
76561197961915812
76561197961915814
76561197961915815
76561197961915819
76561197961915823
76561197961915834
76561197961915838
76561197961915839
76561197961915841
76561197961915842
76561197961915849
76561197961915850
76561197961915852
76561197961915854
76561197961915857
76561197961915860
76561197961915868
76561197961915869
76561197961915871
76561197961915872
76561197961915873
76561197961915876
76561197961915878
76561197961915879
76561197961915880
76561197961915885
76561197961915886
76561197961915888
76561197961915889
76561197961915891
76561197961915892
76561197961915893
76561197961915894
76561197961915896
76561197961915897
76561197961915899
76561197961915901
76561197961915902
76561197961915903
76561197961915907
76561197961915909
76561197961915910
76561197961915911
76561197961915913
76561197961915915
76561197961915922
76561197961915924
76561197961915928
76561197961915929
76561197961915935
76561197961915940
76561197961915946
76561197961915950
76561197961915951
76561197961915952
76561197961915956
76561197961915957
76561197961915959
76561197961915963
76561197961915965
76561197961915967
76561197961915968
76561197961915974
76561197961915975
76561197961915979
76561197961915983
76561197961915984
76561197961915985
76561197961915986
76561197961915988
76561197961915991
76561197961915993
76561197961915998
76561197961915999
76561197961916004
76561197961916014
76561197961916018
76561197961916019
76561197961916021
76561197961916023
76561197961916026
76561197961916030
76561197961916035
76561197961916037
76561197961916038
76561197961916039
76561197961916040
76561197961916043
76561197961916047
76561197961916048
76561197961916051
76561197961916053
76561197961916058
76561197961916060
76561197961916061
76561197961916064
76561197961916067
76561197961916071
76561197961916073
76561197961916076
76561197961916078
76561197961916079
76561197961916089
76561197961916090
76561197961916091
76561197961916092
76561197961916093
76561197961916095
76561197961916097
76561197961916098
76561197961916099
76561197961916100
76561197961916101
76561197961916102
76561197961916103
76561197961916108
76561197961916109
76561197961916111
76561197961916115
76561197961916118
76561197961916124
76561197961916129
76561197961916133
76561197961916136
76561197961916140
76561197961916141
76561197961916148
76561197961916149
76561197961916150
76561197961916155
76561197961916156
76561197961916159
76561197961916163
76561197961916167
76561197961916170
76561197961916173
76561197961916176
76561197961916177
76561197961916180
76561197961916190
76561197961916193
76561197961916194
76561197961916196
76561197961916201
76561197961916202
76561197961916206
76561197961916208
76561197961916209
76561197961916210
76561197961916214
76561197961916216
76561197961916218
76561197961916222
76561197961916224
76561197961916225
76561197961916227
76561197961916228
76561197961916230
76561197961916235
76561197961916243
76561197961916244
76561197961916245
76561197961916246
76561197961916248
76561197961916249
76561197961916250
76561197961916251
76561197961916252
76561197961916253
76561197961916254
76561197961916257
76561197961916258
76561197961916259
76561197961916262
76561197961916265
76561197961916267
76561197961916270
76561197961916271
76561197961916273
76561197961916274
76561197961916277
76561197961916281
76561197961916282
76561197961916283
76561197961916286
76561197961916288
76561197961916291
76561197961916292
76561197961916293
76561197961916296
76561197961916303
76561197961916307
76561197961916312
76561197961916314
76561197961916319
76561197961916322
76561197961916330
76561197961916331
76561197961916332
76561197961916338
76561197961916339
76561197961916345
76561197961916348
76561197961916354
76561197961916362
76561197961916363
76561197961916364
76561197961916367
76561197961916368
76561197961916373
76561197961916374
76561197961916380
76561197961916382
76561197961916383
76561197961916385
76561197961916386
76561197961916388
76561197961916390
76561197961916393
76561197961916397
76561197961916398
76561197961916405
76561197961916406
76561197961916407
76561197961916409
76561197961916412
76561197961916417
76561197961916421
76561197961916423
76561197961916424
76561197961916425
76561197961916426
76561197961916430
76561197961916431
76561197961916432
76561197961916433
76561197961916434
76561197961916439
76561197961916441
76561197961916442
76561197961916443
76561197961916444
76561197961916445
76561197961916446
76561197961916450
76561197961916451
76561197961916454
76561197961916455
76561197961916461
76561197961916464
76561197961916465
76561197961916468
76561197961916471
76561197961916475
76561197961916476
76561197961916477
76561197961916478
76561197961916482
76561197961916485
76561197961916486
76561197961916487
76561197961916488
76561197961916491
76561197961916492
76561197961916493
76561197961916499
76561197961916504
76561197961916505
76561197961916506
76561197961916507
76561197961916508
76561197961916509
76561197961916514
76561197961916516
76561197961916518
76561197961916519
76561197961916520
76561197961916523
76561197961916526
76561197961916527
76561197961916536
76561197961916537
76561197961916539
76561197961916540
76561197961916541
76561197961916542
76561197961916544
76561197961916545
76561197961916550
76561197961916551
76561197961916554
76561197961916556
76561197961916557
76561197961916559
76561197961916560
76561197961916564
76561197961916567
76561197961916569
76561197961916570
76561197961916573
76561197961916579
76561197961916585
76561197961916587
76561197961916593
76561197961916597
76561197961916601
76561197961916603
76561197961916611
76561197961916613
76561197961916614
76561197961916615
76561197961916616
76561197961916617
76561197961916619
76561197961916624
76561197961916625
76561197961916627
76561197961916628
76561197961916634
76561197961916635
76561197961916636
76561197961916638
76561197961916642
76561197961916643
76561197961916649
76561197961916651
76561197961916655
76561197961916656
76561197961916657
76561197961916664
76561197961916666
76561197961916667
76561197961916668
76561197961916675
76561197961916677
76561197961916678
76561197961916679
76561197961916685
76561197961916688
76561197961916689
76561197961916691
76561197961916693
76561197961916694
76561197961916699
76561197961916701
76561197961916704
76561197961916711
76561197961916712
76561197961916714
76561197961916715
76561197961916716
76561197961916717
76561197961916721
76561197961916722
76561197961916723
76561197961916727
76561197961916730
76561197961916732
76561197961916733
76561197961916734
76561197961916738
76561197961916739
76561197961916740
76561197961916741
76561197961916742
76561197961916743
76561197961916746
76561197961916748
76561197961916755
76561197961916756
76561197961916758
76561197961916761
76561197961916768
76561197961916771
76561197961916775
76561197961916776
76561197961916779
76561197961916781
76561197961916783
76561197961916789
76561197961916792
76561197961916794
76561197961916795
76561197961916802
76561197961916804
76561197961916806
76561197961916808
76561197961916809
76561197961916810
76561197961916811
76561197961916813
76561197961916817
76561197961916818
76561197961916821
76561197961916825
76561197961916826
76561197961916830
76561197961916836
76561197961916838
76561197961916840
76561197961916843
76561197961916844
76561197961916845
76561197961916847
76561197961916849
76561197961916854
76561197961916855
76561197961916856
76561197961916858
76561197961916861
76561197961916868
76561197961916869
76561197961916871
76561197961916875
76561197961916877
76561197961916880
76561197961916881
76561197961916882
76561197961916885
76561197961916886
76561197961916888
76561197961916891
76561197961916894
76561197961916895
76561197961916898
76561197961916900
76561197961916901
76561197961916903
76561197961916904
76561197961916908
76561197961916909
76561197961916910
76561197961916913
76561197961916914
76561197961916916
76561197961916917
76561197961916922
76561197961916925
76561197961916931
76561197961916933
76561197961916934
76561197961916938
76561197961916941
76561197961916946
76561197961916950
76561197961916952
76561197961916955
76561197961916960
76561197961916968
76561197961916971
76561197961916974
76561197961916976
76561197961916977
76561197961916981
76561197961916982
76561197961916984
76561197961916987
76561197961916991
76561197961916992
76561197961916998
76561197961916999
76561197961917000
76561197961917001
76561197961917005
76561197961917006
76561197961917007
76561197961917013
76561197961917015
76561197961917017
76561197961917020
76561197961917023
76561197961917024
76561197961917025
76561197961917031
76561197961917032
76561197961917033
76561197961917034
76561197961917035
76561197961917038
76561197961917040
76561197961917043
76561197961917044
76561197961917046
76561197961917047
76561197961917050
76561197961917051
76561197961917052
76561197961917054
76561197961917058
76561197961917059
76561197961917062
76561197961917064
76561197961917066
76561197961917067
76561197961917071
76561197961917073
76561197961917074
76561197961917079
76561197961917084
76561197961917087
76561197961917090
76561197961917091
76561197961917094
76561197961917097
76561197961917098
76561197961917102
76561197961917103
76561197961917105
76561197961917106
76561197961917108
76561197961917109
76561197961917116
76561197961917117
76561197961917118
76561197961917119
76561197961917120
76561197961917126
76561197961917127
76561197961917129
76561197961917132
76561197961917134
76561197961917135
76561197961917136
76561197961917137
