76561197961094345
76561197961094347
76561197961094350
76561197961094351
76561197961094355
76561197961094356
76561197961094357
76561197961094358
76561197961094359
76561197961094360
76561197961094362
76561197961094364
76561197961094366
76561197961094368
76561197961094369
76561197961094373
76561197961094375
76561197961094377
76561197961094379
76561197961094380
76561197961094381
76561197961094382
76561197961094383
76561197961094384
76561197961094385
76561197961094386
76561197961094388
76561197961094389
76561197961094390
76561197961094391
76561197961094392
76561197961094393
76561197961094394
76561197961094395
76561197961094397
76561197961094398
76561197961094399
76561197961094400
76561197961094401
76561197961094402
76561197961094403
76561197961094406
76561197961094407
76561197961094408
76561197961094409
76561197961094410
76561197961094411
76561197961094412
76561197961094413
76561197961094417
76561197961094419
76561197961094420
76561197961094421
76561197961094423
76561197961094424
76561197961094425
76561197961094427
76561197961094429
76561197961094431
76561197961094435
76561197961094436
76561197961094437
76561197961094438
76561197961094439
76561197961094440
76561197961094441
76561197961094442
76561197961094443
76561197961094444
76561197961094445
76561197961094446
76561197961094447
76561197961094450
76561197961094454
76561197961094455
76561197961094456
76561197961094457
76561197961094458
76561197961094461
76561197961094464
76561197961094467
76561197961094469
76561197961094470
76561197961094471
76561197961094473
76561197961094474
76561197961094475
76561197961094476
76561197961094477
76561197961094478
76561197961094479
76561197961094481
76561197961094482
76561197961094483
76561197961094485
76561197961094487
76561197961094488
76561197961094490
76561197961094492
76561197961094494
76561197961094495
76561197961094496
76561197961094497
76561197961094498
76561197961094499
76561197961094501
76561197961094502
76561197961094503
76561197961094504
76561197961094505
76561197961094506
76561197961094507
76561197961094508
76561197961094509
76561197961094510
76561197961094513
76561197961094514
76561197961094515
76561197961094516
76561197961094517
76561197961094518
76561197961094519
76561197961094522
76561197961094523
76561197961094526
76561197961094528
76561197961094531
76561197961094534
76561197961094536
76561197961094537
76561197961094540
76561197961094542
76561197961094543
76561197961094545
76561197961094547
76561197961094548
76561197961094549
76561197961094552
76561197961094553
76561197961094554
76561197961094555
76561197961094557
76561197961094558
76561197961094559
76561197961094561
76561197961094562
76561197961094563
76561197961094564
76561197961094565
76561197961094566
76561197961094568
76561197961094571
76561197961094572
76561197961094573
76561197961094574
76561197961094575
76561197961094576
76561197961094577
76561197961094578
76561197961094579
76561197961094580
76561197961094581
76561197961094583
76561197961094585
76561197961094587
76561197961094588
76561197961094591
76561197961094595
76561197961094596
76561197961094597
76561197961094600
76561197961094603
76561197961094604
76561197961094605
76561197961094606
76561197961094609
76561197961094610
76561197961094611
76561197961094612
76561197961094615
76561197961094617
76561197961094618
76561197961094619
76561197961094620
76561197961094621
76561197961094622
76561197961094623
76561197961094624
76561197961094625
76561197961094626
76561197961094627
76561197961094629
76561197961094630
76561197961094631
76561197961094635
76561197961094638
76561197961094639
76561197961094640
76561197961094641
76561197961094643
76561197961094645
76561197961094647
76561197961094648
76561197961094649
76561197961094651
76561197961094653
76561197961094655
76561197961094657
76561197961094659
76561197961094661
76561197961094662
76561197961094663
76561197961094667
76561197961094668
76561197961094669
76561197961094670
76561197961094671
76561197961094672
76561197961094673
76561197961094675
76561197961094676
76561197961094677
76561197961094678
76561197961094680
76561197961094681
76561197961094683
76561197961094685
76561197961094686
76561197961094687
76561197961094688
76561197961094689
76561197961094690
76561197961094691
76561197961094692
76561197961094694
76561197961094695
76561197961094696
76561197961094697
76561197961094700
76561197961094701
76561197961094703
76561197961094705
76561197961094707
76561197961094711
76561197961094712
76561197961094713
76561197961094714
76561197961094720
76561197961094721
76561197961094723
76561197961094725
76561197961094727
76561197961094729
76561197961094730
76561197961094732
76561197961094733
76561197961094734
76561197961094737
76561197961094741
76561197961094742
76561197961094743
76561197961094744
76561197961094745
76561197961094746
76561197961094747
76561197961094748
76561197961094749
76561197961094751
76561197961094752
76561197961094753
76561197961094755
76561197961094756
76561197961094758
76561197961094761
76561197961094762
76561197961094763
76561197961094766
76561197961094767
76561197961094769
76561197961094774
76561197961094776
76561197961094777
76561197961094781
76561197961094782
76561197961094783
76561197961094784
76561197961094785
76561197961094787
76561197961094789
76561197961094792
76561197961094794
76561197961094795
76561197961094796
76561197961094797
76561197961094798
76561197961094799
76561197961094800
76561197961094803
76561197961094804
76561197961094806
76561197961094808
76561197961094809
76561197961094810
76561197961094811
76561197961094812
76561197961094814
76561197961094816
76561197961094817
76561197961094819
76561197961094820
76561197961094821
76561197961094823
76561197961094824
76561197961094825
76561197961094826
76561197961094827
76561197961094828
76561197961094829
76561197961094830
76561197961094833
76561197961094835
76561197961094836
76561197961094837
76561197961094839
76561197961094840
76561197961094841
76561197961094842
76561197961094844
76561197961094845
76561197961094847
76561197961094848
76561197961094849
76561197961094850
76561197961094851
76561197961094853
76561197961094856
76561197961094857
76561197961094858
76561197961094859
76561197961094860
76561197961094861
76561197961094862
76561197961094863
76561197961094865
76561197961094868
76561197961094870
76561197961094872
76561197961094873
76561197961094875
76561197961094878
76561197961094879
76561197961094880
76561197961094881
76561197961094883
76561197961094884
76561197961094885
76561197961094887
76561197961094888
76561197961094889
76561197961094890
76561197961094893
76561197961094894
76561197961094895
76561197961094897
76561197961094898
76561197961094899
76561197961094900
76561197961094904
76561197961094905
76561197961094906
76561197961094909
76561197961094910
76561197961094911
76561197961094912
76561197961094913
76561197961094915
76561197961094917
76561197961094918
76561197961094919
76561197961094920
76561197961094921
76561197961094922
76561197961094923
76561197961094924
76561197961094927
76561197961094928
76561197961094929
76561197961094931
76561197961094932
76561197961094933
76561197961094935
76561197961094937
76561197961094939
76561197961094940
76561197961094941
76561197961094942
76561197961094943
76561197961094945
76561197961094946
76561197961094947
76561197961094948
76561197961094951
76561197961094952
76561197961094953
76561197961094954
76561197961094956
76561197961094957
76561197961094958
76561197961094960
76561197961094965
76561197961094966
76561197961094968
76561197961094970
76561197961094973
76561197961094974
76561197961094975
76561197961094977
76561197961094979
76561197961094981
76561197961094982
76561197961094983
76561197961094984
76561197961094985
76561197961094986
76561197961094987
76561197961094988
76561197961094989
76561197961094990
76561197961094992
76561197961094993
76561197961094995
76561197961094996
76561197961094997
76561197961094999
76561197961095000
76561197961095002
76561197961095003
76561197961095004
76561197961095006
76561197961095008
76561197961095009
76561197961095011
76561197961095012
76561197961095013
76561197961095015
76561197961095017
76561197961095018
76561197961095019
76561197961095020
76561197961095021
76561197961095022
76561197961095023
76561197961095025
76561197961095027
76561197961095028
76561197961095029
76561197961095030
76561197961095032
76561197961095034
76561197961095035
76561197961095036
76561197961095038
76561197961095039
76561197961095040
76561197961095043
76561197961095044
76561197961095046
76561197961095047
76561197961095048
76561197961095049
76561197961095052
76561197961095053
76561197961095055
76561197961095056
76561197961095057
76561197961095058
76561197961095059
76561197961095060
76561197961095062
76561197961095063
76561197961095065
76561197961095066
76561197961095067
76561197961095068
76561197961095070
76561197961095071
76561197961095072
76561197961095073
76561197961095074
76561197961095075
76561197961095079
76561197961095080
76561197961095081
76561197961095082
76561197961095083
76561197961095084
76561197961095085
76561197961095089
76561197961095090
76561197961095091
76561197961095092
76561197961095093
76561197961095095
76561197961095097
76561197961095099
76561197961095100
76561197961095101
76561197961095103
76561197961095105
76561197961095107
76561197961095108
76561197961095109
76561197961095111
76561197961095113
76561197961095115
76561197961095117
76561197961095119
76561197961095121
76561197961095123
76561197961095124
76561197961095126
76561197961095127
76561197961095131
76561197961095133
76561197961095135
76561197961095140
76561197961095141
76561197961095142
76561197961095143
76561197961095144
76561197961095145
76561197961095146
76561197961095147
76561197961095148
76561197961095149
76561197961095150
76561197961095152
76561197961095153
76561197961095155
76561197961095157
76561197961095161
76561197961095163
76561197961095165
76561197961095167
76561197961095168
76561197961095169
76561197961095171
76561197961095173
76561197961095174
76561197961095175
76561197961095177
76561197961095183
76561197961095184
76561197961095185
76561197961095189
76561197961095190
76561197961095192
76561197961095194
76561197961095195
76561197961095197
76561197961095199
76561197961095203
76561197961095204
76561197961095205
76561197961095207
76561197961095210
76561197961095214
76561197961095215
76561197961095216
76561197961095217
76561197961095219
76561197961095221
76561197961095226
76561197961095228
76561197961095229
76561197961095230
76561197961095231
76561197961095232
76561197961095233
76561197961095236
76561197961095237
76561197961095241
76561197961095243
76561197961095245
76561197961095247
76561197961095249
76561197961095253
76561197961095255
76561197961095257
76561197961095259
76561197961095264
76561197961095268
76561197961095276
76561197961095277
76561197961095279
76561197961095280
76561197961095281
76561197961095282
76561197961095283
76561197961095284
76561197961095285
76561197961095286
76561197961095287
76561197961095288
76561197961095289
76561197961095290
76561197961095291
76561197961095292
76561197961095293
76561197961095294
76561197961095295
76561197961095297
76561197961095298
76561197961095300
76561197961095301
76561197961095304
76561197961095305
76561197961095306
76561197961095308
76561197961095310
76561197961095313
76561197961095314
76561197961095315
76561197961095316
76561197961095321
76561197961095323
76561197961095324
76561197961095327
76561197961095329
76561197961095330
76561197961095331
76561197961095333
76561197961095335
76561197961095337
76561197961095339
76561197961095341
76561197961095342
76561197961095343
76561197961095344
76561197961095346
76561197961095349
76561197961095351
76561197961095352
76561197961095353
76561197961095354
76561197961095355
76561197961095356
76561197961095357
76561197961095358
76561197961095359
76561197961095361
76561197961095362
76561197961095363
76561197961095365
76561197961095369
76561197961095370
76561197961095371
76561197961095372
76561197961095373
76561197961095375
76561197961095376
76561197961095379
76561197961095380
76561197961095381
76561197961095382
76561197961095383
76561197961095384
76561197961095385
76561197961095388
76561197961095389
76561197961095391
76561197961095392
76561197961095393
76561197961095394
76561197961095395
76561197961095397
76561197961095398
76561197961095400
76561197961095401
76561197961095405
76561197961095407
76561197961095410
76561197961095411
76561197961095413
76561197961095414
76561197961095416
76561197961095419
76561197961095421
76561197961095422
76561197961095423
76561197961095425
76561197961095426
76561197961095427
76561197961095428
76561197961095429
76561197961095431
76561197961095432
76561197961095437
76561197961095439
76561197961095440
76561197961095441
76561197961095442
76561197961095443
76561197961095444
76561197961095445
76561197961095447
76561197961095450
76561197961095451
76561197961095453
76561197961095457
76561197961095459
76561197961095461
76561197961095463
76561197961095464
76561197961095466
76561197961095467
76561197961095468
76561197961095469
76561197961095470
76561197961095471
76561197961095472
76561197961095474
76561197961095475
76561197961095481
76561197961095484
76561197961095485
76561197961095486
76561197961095487
76561197961095488
76561197961095489
76561197961095493
76561197961095496
76561197961095497
76561197961095499
76561197961095500
76561197961095501
76561197961095502
76561197961095503
76561197961095504
76561197961095506
76561197961095508
76561197961095509
76561197961095513
76561197961095515
76561197961095517
76561197961095518
76561197961095519
76561197961095521
76561197961095523
76561197961095524
76561197961095525
76561197961095526
76561197961095527
76561197961095528
76561197961095529
76561197961095530
76561197961095531
76561197961095532
76561197961095533
76561197961095537
76561197961095538
76561197961095539
76561197961095540
76561197961095541
76561197961095544
76561197961095546
76561197961095547
76561197961095548
76561197961095549
76561197961095551
76561197961095553
76561197961095554
76561197961095555
76561197961095556
76561197961095557
76561197961095558
76561197961095559
76561197961095560
76561197961095561
76561197961095562
76561197961095563
76561197961095564
76561197961095566
76561197961095570
76561197961095571
76561197961095572
76561197961095573
76561197961095574
76561197961095575
76561197961095576
76561197961095578
76561197961095579
76561197961095581
76561197961095583
76561197961095585
76561197961095586
76561197961095588
76561197961095590
76561197961095591
76561197961095592
76561197961095593
76561197961095596
76561197961095597
76561197961095599
76561197961095600
76561197961095602
76561197961095603
76561197961095604
76561197961095606
76561197961095607
76561197961095608
76561197961095611
76561197961095613
76561197961095614
76561197961095615
76561197961095617
76561197961095618
76561197961095620
76561197961095621
76561197961095622
76561197961095624
76561197961095625
76561197961095627
76561197961095628
76561197961095630
76561197961095634
76561197961095635
76561197961095639
76561197961095641
76561197961095643
76561197961095645
76561197961095651
76561197961095652
76561197961095653
76561197961095654
76561197961095655
76561197961095656
76561197961095657
76561197961095660
76561197961095663
76561197961095665
76561197961095667
76561197961095669
76561197961095671
76561197961095674
76561197961095675
76561197961095677
76561197961095681
76561197961095682
76561197961095685
76561197961095686
76561197961095688
76561197961095689
76561197961095690
76561197961095691
76561197961095692
76561197961095693
76561197961095696
76561197961095697
76561197961095698
76561197961095699
76561197961095701
76561197961095703
76561197961095704
76561197961095705
76561197961095706
76561197961095707
76561197961095708
76561197961095709
76561197961095712
76561197961095717
76561197961095720
76561197961095721
76561197961095722
76561197961095723
76561197961095724
76561197961095725
76561197961095726
76561197961095727
76561197961095733
76561197961095734
76561197961095735
76561197961095736
76561197961095739
76561197961095742
76561197961095743
76561197961095744
76561197961095746
76561197961095747
76561197961095748
76561197961095751
76561197961095752
76561197961095753
76561197961095754
76561197961095756
76561197961095757
76561197961095760
76561197961095761
76561197961095762
76561197961095764
76561197961095766
76561197961095769
76561197961095771
76561197961095773
76561197961095775
76561197961095777
76561197961095778
76561197961095779
76561197961095783
76561197961095784
76561197961095785
76561197961095789
76561197961095790
76561197961095792
76561197961095793
76561197961095795
76561197961095797
76561197961095798
76561197961095801
76561197961095802
76561197961095803
76561197961095805
76561197961095807
76561197961095808
76561197961095810
76561197961095811
76561197961095812
76561197961095813
76561197961095814
76561197961095816
76561197961095817
76561197961095821
76561197961095822
76561197961095823
76561197961095824
76561197961095825
76561197961095828
76561197961095830
76561197961095831
76561197961095833
76561197961095835
76561197961095836
76561197961095837
76561197961095838
76561197961095839
76561197961095840
76561197961095841
76561197961095842
76561197961095843
76561197961095844
76561197961095846
76561197961095847
76561197961095851
76561197961095852
76561197961095853
76561197961095855
76561197961095856
76561197961095858
76561197961095860
76561197961095861
76561197961095862
76561197961095863
76561197961095864
76561197961095865
76561197961095871
76561197961095875
76561197961095876
76561197961095877
76561197961095878
76561197961095879
76561197961095880
76561197961095881
76561197961095882
76561197961095883
76561197961095884
76561197961095885
76561197961095886
76561197961095887
76561197961095888
76561197961095889
76561197961095890
76561197961095891
76561197961095893
76561197961095895
76561197961095896
76561197961095897
76561197961095900
76561197961095901
76561197961095903
76561197961095904
76561197961095907
76561197961095908
76561197961095909
76561197961095910
76561197961095911
76561197961095912
76561197961095914
76561197961095916
76561197961095917
76561197961095918
