76561197960559352
76561197960559354
76561197960559356
76561197960559357
76561197960559358
76561197960559360
76561197960559361
76561197960559362
76561197960559363
76561197960559364
76561197960559366
76561197960559367
76561197960559368
76561197960559369
76561197960559370
76561197960559371
76561197960559372
76561197960559373
76561197960559374
76561197960559375
76561197960559376
76561197960559377
76561197960559379
76561197960559380
76561197960559381
76561197960559382
76561197960559383
76561197960559384
76561197960559387
76561197960559388
76561197960559389
76561197960559390
76561197960559391
76561197960559392
76561197960559393
76561197960559395
76561197960559396
76561197960559397
76561197960559398
76561197960559399
76561197960559400
76561197960559401
76561197960559402
76561197960559404
76561197960559405
76561197960559406
76561197960559407
76561197960559408
76561197960559409
76561197960559410
76561197960559411
76561197960559412
76561197960559413
76561197960559414
76561197960559415
76561197960559416
76561197960559418
76561197960559419
76561197960559422
76561197960559423
76561197960559425
76561197960559426
76561197960559427
76561197960559428
76561197960559429
76561197960559432
76561197960559434
76561197960559435
76561197960559436
76561197960559439
76561197960559440
76561197960559441
76561197960559442
76561197960559444
76561197960559446
76561197960559447
76561197960559449
76561197960559451
76561197960559452
76561197960559455
76561197960559456
76561197960559457
76561197960559458
76561197960559459
76561197960559460
76561197960559461
76561197960559463
76561197960559464
76561197960559465
76561197960559466
76561197960559467
76561197960559468
76561197960559469
76561197960559470
76561197960559471
76561197960559472
76561197960559473
76561197960559475
76561197960559476
76561197960559477
76561197960559478
76561197960559479
76561197960559480
76561197960559482
76561197960559483
76561197960559484
76561197960559485
76561197960559487
76561197960559488
76561197960559489
76561197960559490
76561197960559491
76561197960559494
76561197960559495
76561197960559496
76561197960559497
76561197960559498
76561197960559499
76561197960559500
76561197960559501
76561197960559502
76561197960559505
76561197960559506
76561197960559508
76561197960559509
76561197960559510
76561197960559511
76561197960559512
76561197960559514
76561197960559515
76561197960559516
76561197960559520
76561197960559522
76561197960559526
76561197960559527
76561197960559528
76561197960559529
76561197960559530
76561197960559531
76561197960559532
76561197960559533
76561197960559534
76561197960559535
76561197960559536
76561197960559537
76561197960559538
76561197960559541
76561197960559542
76561197960559543
76561197960559544
76561197960559545
76561197960559546
76561197960559549
76561197960559550
76561197960559551
76561197960559552
76561197960559554
76561197960559555
76561197960559556
76561197960559557
76561197960559558
76561197960559559
76561197960559560
76561197960559561
76561197960559562
76561197960559565
76561197960559566
76561197960559567
76561197960559571
76561197960559573
76561197960559574
76561197960559576
76561197960559577
76561197960559578
76561197960559579
76561197960559580
76561197960559582
76561197960559583
76561197960559585
76561197960559587
76561197960559591
76561197960559592
76561197960559593
76561197960559594
76561197960559595
76561197960559597
76561197960559598
76561197960559599
76561197960559601
76561197960559602
76561197960559603
76561197960559604
76561197960559605
76561197960559606
76561197960559607
76561197960559608
76561197960559610
76561197960559612
76561197960559614
76561197960559616
76561197960559618
76561197960559620
76561197960559622
76561197960559623
76561197960559624
76561197960559625
76561197960559626
76561197960559627
76561197960559628
76561197960559629
76561197960559631
76561197960559632
76561197960559633
76561197960559634
76561197960559635
76561197960559636
76561197960559638
76561197960559639
76561197960559641
76561197960559644
76561197960559645
76561197960559646
76561197960559649
76561197960559650
76561197960559651
76561197960559652
76561197960559654
76561197960559656
76561197960559658
76561197960559659
76561197960559660
76561197960559661
76561197960559662
76561197960559663
76561197960559664
76561197960559665
76561197960559667
76561197960559668
76561197960559669
76561197960559670
76561197960559672
76561197960559673
76561197960559674
76561197960559676
76561197960559677
76561197960559678
76561197960559679
76561197960559680
76561197960559681
76561197960559682
76561197960559683
76561197960559684
76561197960559685
76561197960559686
76561197960559687
76561197960559688
76561197960559689
76561197960559691
76561197960559692
76561197960559693
76561197960559694
76561197960559695
76561197960559697
76561197960559699
76561197960559700
76561197960559701
76561197960559703
76561197960559704
76561197960559706
76561197960559707
76561197960559708
76561197960559709
76561197960559711
76561197960559712
76561197960559713
76561197960559714
76561197960559716
76561197960559718
76561197960559719
76561197960559720
76561197960559721
76561197960559724
76561197960559726
76561197960559727
76561197960559728
76561197960559730
76561197960559733
76561197960559734
76561197960559735
76561197960559736
76561197960559739
76561197960559740
76561197960559741
76561197960559743
76561197960559744
76561197960559745
76561197960559746
76561197960559748
76561197960559749
76561197960559750
76561197960559751
76561197960559752
76561197960559753
76561197960559754
76561197960559757
76561197960559758
76561197960559760
76561197960559761
76561197960559762
76561197960559764
76561197960559765
76561197960559766
76561197960559767
76561197960559768
76561197960559769
76561197960559770
76561197960559771
76561197960559772
76561197960559773
76561197960559774
76561197960559775
76561197960559776
76561197960559777
76561197960559778
76561197960559779
76561197960559780
76561197960559781
76561197960559782
76561197960559783
76561197960559784
76561197960559785
76561197960559786
76561197960559787
76561197960559789
76561197960559790
76561197960559791
76561197960559792
76561197960559793
76561197960559794
76561197960559796
76561197960559797
76561197960559798
76561197960559799
76561197960559801
76561197960559804
76561197960559805
76561197960559807
76561197960559808
76561197960559809
76561197960559810
76561197960559811
76561197960559814
76561197960559815
76561197960559816
76561197960559818
76561197960559819
76561197960559821
76561197960559822
76561197960559823
76561197960559825
76561197960559826
76561197960559827
76561197960559828
76561197960559829
76561197960559832
76561197960559833
76561197960559834
76561197960559835
76561197960559837
76561197960559838
76561197960559839
76561197960559840
76561197960559841
76561197960559842
76561197960559843
76561197960559844
76561197960559845
76561197960559847
76561197960559849
76561197960559850
76561197960559852
76561197960559853
76561197960559854
76561197960559855
76561197960559856
76561197960559857
76561197960559858
76561197960559859
76561197960559862
76561197960559864
76561197960559865
76561197960559866
76561197960559867
76561197960559868
76561197960559869
76561197960559872
76561197960559873
76561197960559874
76561197960559875
76561197960559876
76561197960559877
76561197960559878
76561197960559879
76561197960559880
76561197960559881
76561197960559882
76561197960559883
76561197960559885
76561197960559888
76561197960559889
76561197960559890
76561197960559891
76561197960559892
76561197960559893
76561197960559894
76561197960559895
76561197960559896
76561197960559897
76561197960559898
76561197960559900
76561197960559901
76561197960559902
76561197960559904
76561197960559906
76561197960559907
76561197960559908
76561197960559910
76561197960559911
76561197960559913
76561197960559914
76561197960559915
76561197960559917
76561197960559918
76561197960559920
76561197960559921
76561197960559922
76561197960559923
76561197960559924
76561197960559926
76561197960559928
76561197960559930
76561197960559933
76561197960559934
76561197960559935
76561197960559936
76561197960559937
76561197960559938
76561197960559939
76561197960559941
76561197960559943
76561197960559945
76561197960559946
76561197960559947
76561197960559948
76561197960559949
76561197960559950
76561197960559952
76561197960559953
76561197960559955
76561197960559956
76561197960559957
76561197960559958
76561197960559961
76561197960559963
76561197960559964
76561197960559965
76561197960559966
76561197960559967
76561197960559970
76561197960559971
76561197960559972
76561197960559975
76561197960559976
76561197960559977
76561197960559978
76561197960559979
76561197960559980
76561197960559981
76561197960559982
76561197960559983
76561197960559985
76561197960559986
76561197960559987
76561197960559990
76561197960559991
76561197960559992
76561197960559994
76561197960559995
76561197960559996
76561197960559999
76561197960560000
76561197960560004
76561197960560005
76561197960560006
76561197960560009
76561197960560010
76561197960560011
76561197960560012
76561197960560014
76561197960560015
76561197960560017
76561197960560018
76561197960560019
76561197960560020
76561197960560021
76561197960560022
76561197960560024
76561197960560025
76561197960560027
76561197960560028
76561197960560029
76561197960560030
76561197960560031
76561197960560034
76561197960560035
76561197960560036
76561197960560037
76561197960560039
76561197960560040
76561197960560041
76561197960560042
76561197960560043
76561197960560044
76561197960560047
76561197960560049
76561197960560050
76561197960560051
76561197960560052
76561197960560053
76561197960560054
76561197960560055
76561197960560056
76561197960560057
76561197960560058
76561197960560059
76561197960560061
76561197960560062
76561197960560063
76561197960560064
76561197960560065
76561197960560066
76561197960560067
76561197960560070
76561197960560071
76561197960560072
76561197960560073
76561197960560074
76561197960560076
76561197960560077
76561197960560078
76561197960560082
76561197960560083
76561197960560084
76561197960560086
76561197960560087
76561197960560088
76561197960560089
76561197960560090
76561197960560091
76561197960560092
76561197960560093
76561197960560095
76561197960560096
76561197960560097
76561197960560098
76561197960560099
76561197960560100
76561197960560101
76561197960560102
76561197960560103
76561197960560104
76561197960560105
76561197960560106
76561197960560108
76561197960560111
76561197960560112
76561197960560114
76561197960560115
76561197960560118
76561197960560119
76561197960560120
76561197960560122
76561197960560123
76561197960560124
76561197960560125
76561197960560126
76561197960560127
76561197960560128
76561197960560130
76561197960560131
76561197960560132
76561197960560133
76561197960560135
76561197960560136
76561197960560137
76561197960560138
76561197960560139
76561197960560140
76561197960560141
76561197960560142
76561197960560143
76561197960560144
76561197960560145
76561197960560147
76561197960560148
76561197960560149
76561197960560150
76561197960560152
76561197960560153
76561197960560156
76561197960560157
76561197960560158
76561197960560160
76561197960560163
76561197960560165
76561197960560166
76561197960560167
76561197960560168
76561197960560169
76561197960560170
76561197960560171
76561197960560172
76561197960560173
76561197960560174
76561197960560175
76561197960560176
76561197960560177
76561197960560178
76561197960560179
76561197960560181
76561197960560184
76561197960560185
76561197960560186
76561197960560187
76561197960560189
76561197960560190
76561197960560191
76561197960560192
76561197960560193
76561197960560194
76561197960560195
76561197960560197
76561197960560198
76561197960560199
76561197960560200
76561197960560202
76561197960560204
76561197960560205
76561197960560206
76561197960560208
76561197960560209
76561197960560210
76561197960560211
76561197960560212
76561197960560213
76561197960560214
76561197960560215
76561197960560216
76561197960560217
76561197960560218
76561197960560220
76561197960560221
76561197960560222
76561197960560223
76561197960560224
76561197960560227
76561197960560228
76561197960560229
76561197960560230
76561197960560231
76561197960560232
76561197960560233
76561197960560234
76561197960560236
76561197960560237
76561197960560238
76561197960560239
76561197960560240
76561197960560241
76561197960560242
76561197960560245
76561197960560246
76561197960560248
76561197960560249
76561197960560250
76561197960560252
76561197960560253
76561197960560254
76561197960560256
76561197960560257
76561197960560258
76561197960560261
76561197960560264
76561197960560265
76561197960560267
76561197960560268
76561197960560269
76561197960560271
76561197960560272
76561197960560274
76561197960560277
76561197960560279
76561197960560280
76561197960560281
76561197960560282
76561197960560283
76561197960560284
76561197960560286
76561197960560287
76561197960560288
76561197960560291
76561197960560292
76561197960560294
76561197960560295
76561197960560297
76561197960560298
76561197960560300
76561197960560303
76561197960560304
76561197960560305
76561197960560306
76561197960560307
76561197960560308
76561197960560310
76561197960560312
76561197960560314
76561197960560316
76561197960560317
76561197960560319
76561197960560320
76561197960560321
76561197960560323
76561197960560324
76561197960560325
76561197960560326
76561197960560327
76561197960560328
76561197960560329
76561197960560334
76561197960560338
76561197960560339
76561197960560340
76561197960560341
76561197960560342
76561197960560343
76561197960560344
76561197960560348
76561197960560349
76561197960560351
76561197960560352
76561197960560354
76561197960560355
76561197960560356
76561197960560359
76561197960560360
76561197960560361
76561197960560363
76561197960560364
76561197960560365
76561197960560366
76561197960560367
76561197960560369
76561197960560370
76561197960560371
76561197960560372
76561197960560373
76561197960560374
76561197960560376
76561197960560377
76561197960560378
76561197960560379
76561197960560380
76561197960560381
76561197960560382
76561197960560385
76561197960560386
76561197960560387
76561197960560390
76561197960560394
76561197960560395
76561197960560396
76561197960560397
76561197960560399
76561197960560400
76561197960560401
76561197960560402
76561197960560403
76561197960560404
76561197960560406
76561197960560407
76561197960560409
76561197960560410
76561197960560413
76561197960560414
76561197960560415
76561197960560416
76561197960560418
76561197960560419
76561197960560420
76561197960560421
76561197960560423
76561197960560424
76561197960560425
76561197960560426
76561197960560427
76561197960560428
76561197960560429
76561197960560430
76561197960560431
76561197960560433
76561197960560436
76561197960560437
76561197960560438
76561197960560439
76561197960560440
76561197960560441
76561197960560442
76561197960560444
76561197960560445
76561197960560446
76561197960560447
76561197960560449
76561197960560450
76561197960560451
76561197960560452
76561197960560453
76561197960560454
76561197960560455
76561197960560456
76561197960560457
76561197960560459
76561197960560460
76561197960560461
76561197960560462
76561197960560463
76561197960560464
76561197960560465
76561197960560467
76561197960560469
76561197960560470
76561197960560471
76561197960560472
76561197960560473
76561197960560475
76561197960560476
76561197960560477
76561197960560478
76561197960560479
76561197960560480
76561197960560481
76561197960560482
76561197960560483
76561197960560486
76561197960560489
76561197960560491
76561197960560492
76561197960560493
76561197960560495
76561197960560497
76561197960560499
76561197960560500
76561197960560504
76561197960560506
76561197960560507
76561197960560508
76561197960560509
76561197960560510
76561197960560511
76561197960560512
76561197960560513
76561197960560516
76561197960560517
76561197960560518
76561197960560520
76561197960560521
76561197960560523
76561197960560524
76561197960560525
76561197960560529
76561197960560530
76561197960560533
76561197960560534
76561197960560537
76561197960560538
76561197960560539
76561197960560541
76561197960560542
76561197960560543
76561197960560544
76561197960560545
76561197960560546
76561197960560549
76561197960560550
76561197960560551
76561197960560552
76561197960560554
76561197960560556
76561197960560558
76561197960560559
76561197960560560
76561197960560561
76561197960560563
76561197960560564
76561197960560565
76561197960560566
76561197960560567
76561197960560569
76561197960560570
76561197960560571
76561197960560572
76561197960560573
76561197960560574
76561197960560575
76561197960560576
76561197960560577
76561197960560578
76561197960560579
76561197960560581
76561197960560582
76561197960560583
76561197960560584
76561197960560585
76561197960560586
76561197960560587
76561197960560588
76561197960560590
76561197960560591
76561197960560592
76561197960560593
76561197960560594
76561197960560597
76561197960560598
76561197960560599
76561197960560600
76561197960560601
76561197960560602
76561197960560603
76561197960560604
76561197960560605
76561197960560606
76561197960560607
76561197960560610
76561197960560611
76561197960560612
76561197960560613
76561197960560614
76561197960560616
76561197960560617
76561197960560618
76561197960560619
76561197960560620
76561197960560621
76561197960560622
76561197960560623
76561197960560624
76561197960560625
76561197960560626
76561197960560627
76561197960560628
76561197960560630
76561197960560632
76561197960560634
76561197960560637
76561197960560639
76561197960560641
76561197960560643
76561197960560644
76561197960560646
76561197960560647
76561197960560649
76561197960560650
76561197960560651
76561197960560652
76561197960560653
76561197960560654
76561197960560656
76561197960560658
76561197960560660
76561197960560661
76561197960560662
76561197960560663
76561197960560664
76561197960560665
76561197960560666
76561197960560667
76561197960560668
76561197960560670
76561197960560671
76561197960560672
76561197960560673
76561197960560674
76561197960560676
76561197960560677
76561197960560678
76561197960560680
76561197960560682
76561197960560683
76561197960560684
76561197960560685
76561197960560686
