76561197960549858
76561197960549860
76561197960549861
76561197960549863
76561197960549864
76561197960549865
76561197960549866
76561197960549869
76561197960549871
76561197960549872
76561197960549873
76561197960549874
76561197960549875
76561197960549876
76561197960549877
76561197960549879
76561197960549881
76561197960549882
76561197960549883
76561197960549884
76561197960549885
76561197960549886
76561197960549890
76561197960549893
76561197960549894
76561197960549895
76561197960549896
76561197960549897
76561197960549898
76561197960549899
76561197960549901
76561197960549902
76561197960549904
76561197960549905
76561197960549906
76561197960549907
76561197960549908
76561197960549909
76561197960549910
76561197960549912
76561197960549913
76561197960549914
76561197960549915
76561197960549917
76561197960549918
76561197960549919
76561197960549921
76561197960549922
76561197960549923
76561197960549924
76561197960549928
76561197960549929
76561197960549930
76561197960549932
76561197960549933
76561197960549934
76561197960549937
76561197960549938
76561197960549939
76561197960549941
76561197960549942
76561197960549943
76561197960549944
76561197960549948
76561197960549949
76561197960549951
76561197960549952
76561197960549953
76561197960549954
76561197960549955
76561197960549957
76561197960549958
76561197960549960
76561197960549961
76561197960549962
76561197960549963
76561197960549964
76561197960549965
76561197960549967
76561197960549968
76561197960549969
76561197960549970
76561197960549971
76561197960549972
76561197960549973
76561197960549974
76561197960549975
76561197960549976
76561197960549977
76561197960549978
76561197960549980
76561197960549981
76561197960549982
76561197960549983
76561197960549984
76561197960549985
76561197960549986
76561197960549987
76561197960549988
76561197960549989
76561197960549991
76561197960549992
76561197960549993
76561197960549994
76561197960549995
76561197960549996
76561197960549997
76561197960549998
76561197960550000
76561197960550001
76561197960550002
76561197960550003
76561197960550005
76561197960550007
76561197960550008
76561197960550009
76561197960550010
76561197960550013
76561197960550014
76561197960550015
76561197960550016
76561197960550017
76561197960550018
76561197960550019
76561197960550020
76561197960550023
76561197960550026
76561197960550027
76561197960550028
76561197960550029
76561197960550030
76561197960550033
76561197960550034
76561197960550035
76561197960550036
76561197960550037
76561197960550039
76561197960550040
76561197960550041
76561197960550046
76561197960550047
76561197960550048
76561197960550050
76561197960550051
76561197960550052
76561197960550053
76561197960550054
76561197960550055
76561197960550056
76561197960550057
76561197960550058
76561197960550059
76561197960550060
76561197960550061
76561197960550062
76561197960550064
76561197960550065
76561197960550067
76561197960550072
76561197960550073
76561197960550075
76561197960550076
76561197960550078
76561197960550082
76561197960550083
76561197960550084
76561197960550085
76561197960550087
76561197960550088
76561197960550091
76561197960550092
76561197960550093
76561197960550095
76561197960550096
76561197960550097
76561197960550098
76561197960550099
76561197960550100
76561197960550102
76561197960550103
76561197960550104
76561197960550105
76561197960550106
76561197960550107
76561197960550108
76561197960550110
76561197960550111
76561197960550112
76561197960550113
76561197960550114
76561197960550115
76561197960550116
76561197960550117
76561197960550118
76561197960550120
76561197960550121
76561197960550122
76561197960550123
76561197960550125
76561197960550126
76561197960550128
76561197960550129
76561197960550130
76561197960550131
76561197960550132
76561197960550133
76561197960550134
76561197960550135
76561197960550136
76561197960550137
76561197960550138
76561197960550139
76561197960550140
76561197960550141
76561197960550142
76561197960550144
76561197960550145
76561197960550146
76561197960550148
76561197960550149
76561197960550151
76561197960550152
76561197960550153
76561197960550155
76561197960550156
76561197960550159
76561197960550161
76561197960550163
76561197960550164
76561197960550165
76561197960550166
76561197960550168
76561197960550169
76561197960550170
76561197960550171
76561197960550172
76561197960550175
76561197960550177
76561197960550178
76561197960550179
76561197960550180
76561197960550181
76561197960550182
76561197960550183
76561197960550184
76561197960550185
76561197960550187
76561197960550188
76561197960550189
76561197960550190
76561197960550193
76561197960550194
76561197960550197
76561197960550199
76561197960550200
76561197960550202
76561197960550203
76561197960550204
76561197960550205
76561197960550207
76561197960550209
76561197960550210
76561197960550213
76561197960550214
76561197960550215
76561197960550217
76561197960550218
76561197960550219
76561197960550220
76561197960550221
76561197960550222
76561197960550225
76561197960550227
76561197960550228
76561197960550229
76561197960550231
76561197960550232
76561197960550233
76561197960550234
76561197960550236
76561197960550237
76561197960550239
76561197960550242
76561197960550243
76561197960550244
76561197960550245
76561197960550246
76561197960550247
76561197960550250
76561197960550251
76561197960550252
76561197960550253
76561197960550255
76561197960550256
76561197960550257
76561197960550258
76561197960550261
76561197960550262
76561197960550263
76561197960550264
76561197960550265
76561197960550266
76561197960550267
76561197960550269
76561197960550270
76561197960550271
76561197960550272
76561197960550273
76561197960550275
76561197960550276
76561197960550277
76561197960550278
76561197960550279
76561197960550280
76561197960550281
76561197960550282
76561197960550283
76561197960550284
76561197960550285
76561197960550286
76561197960550287
76561197960550289
76561197960550292
76561197960550293
76561197960550294
76561197960550296
76561197960550298
76561197960550299
76561197960550300
76561197960550302
76561197960550304
76561197960550306
76561197960550308
76561197960550311
76561197960550312
76561197960550313
76561197960550314
76561197960550315
76561197960550318
76561197960550319
76561197960550320
76561197960550321
76561197960550322
76561197960550323
76561197960550324
76561197960550325
76561197960550326
76561197960550327
76561197960550328
76561197960550330
76561197960550331
76561197960550332
76561197960550333
76561197960550334
76561197960550335
76561197960550337
76561197960550341
76561197960550342
76561197960550343
76561197960550344
76561197960550345
76561197960550346
76561197960550347
76561197960550348
76561197960550349
76561197960550351
76561197960550353
76561197960550354
76561197960550356
76561197960550357
76561197960550358
76561197960550361
76561197960550362
76561197960550363
76561197960550365
76561197960550366
76561197960550367
76561197960550368
76561197960550369
76561197960550370
76561197960550371
76561197960550372
76561197960550373
76561197960550374
76561197960550375
76561197960550376
76561197960550377
76561197960550379
76561197960550380
76561197960550381
76561197960550384
76561197960550385
76561197960550386
76561197960550387
76561197960550388
76561197960550389
76561197960550390
76561197960550391
76561197960550392
76561197960550393
76561197960550396
76561197960550397
76561197960550398
76561197960550399
76561197960550400
76561197960550401
76561197960550402
76561197960550403
76561197960550404
76561197960550405
76561197960550406
76561197960550408
76561197960550410
76561197960550411
76561197960550412
76561197960550413
76561197960550414
76561197960550416
76561197960550417
76561197960550418
76561197960550419
76561197960550421
76561197960550422
76561197960550423
76561197960550424
76561197960550425
76561197960550426
76561197960550427
76561197960550428
76561197960550429
76561197960550430
76561197960550431
76561197960550432
76561197960550433
76561197960550435
76561197960550436
76561197960550437
76561197960550438
76561197960550441
76561197960550442
76561197960550443
76561197960550444
76561197960550445
76561197960550446
76561197960550447
76561197960550448
76561197960550449
76561197960550450
76561197960550451
76561197960550453
76561197960550454
76561197960550455
76561197960550456
76561197960550457
76561197960550458
76561197960550459
76561197960550460
76561197960550461
76561197960550462
76561197960550463
76561197960550465
76561197960550466
76561197960550467
76561197960550468
76561197960550469
76561197960550470
76561197960550471
76561197960550472
76561197960550473
76561197960550474
76561197960550475
76561197960550476
76561197960550477
76561197960550479
76561197960550480
76561197960550482
76561197960550483
76561197960550484
76561197960550485
76561197960550487
76561197960550488
76561197960550489
76561197960550491
76561197960550492
76561197960550493
76561197960550494
76561197960550495
76561197960550496
76561197960550497
76561197960550498
76561197960550499
76561197960550500
76561197960550501
76561197960550502
76561197960550503
76561197960550504
76561197960550506
76561197960550508
76561197960550509
76561197960550510
76561197960550511
76561197960550512
76561197960550514
76561197960550515
76561197960550516
76561197960550517
76561197960550518
76561197960550519
76561197960550520
76561197960550522
76561197960550523
76561197960550525
76561197960550526
76561197960550528
76561197960550529
76561197960550530
76561197960550531
76561197960550532
76561197960550533
76561197960550535
76561197960550537
76561197960550539
76561197960550540
76561197960550541
76561197960550542
76561197960550543
76561197960550544
76561197960550546
76561197960550547
76561197960550548
76561197960550549
76561197960550550
76561197960550552
76561197960550553
76561197960550554
76561197960550556
76561197960550558
76561197960550561
76561197960550562
76561197960550563
76561197960550564
76561197960550565
76561197960550566
76561197960550568
76561197960550569
76561197960550570
76561197960550572
76561197960550573
76561197960550574
76561197960550575
76561197960550576
76561197960550577
76561197960550578
76561197960550579
76561197960550580
76561197960550581
76561197960550582
76561197960550583
76561197960550584
76561197960550586
76561197960550588
76561197960550589
76561197960550591
76561197960550592
76561197960550593
76561197960550594
76561197960550595
76561197960550596
76561197960550597
76561197960550598
76561197960550599
76561197960550600
76561197960550601
76561197960550602
76561197960550603
76561197960550604
76561197960550606
76561197960550607
76561197960550608
76561197960550610
76561197960550614
76561197960550615
76561197960550616
76561197960550617
76561197960550618
76561197960550619
76561197960550623
76561197960550624
76561197960550625
76561197960550627
76561197960550628
76561197960550629
76561197960550630
76561197960550631
76561197960550632
76561197960550633
76561197960550634
76561197960550635
76561197960550636
76561197960550638
76561197960550639
76561197960550640
76561197960550641
76561197960550643
76561197960550644
76561197960550646
76561197960550647
76561197960550648
76561197960550649
76561197960550650
76561197960550651
76561197960550653
76561197960550654
76561197960550655
76561197960550656
76561197960550657
76561197960550658
76561197960550659
76561197960550661
76561197960550663
76561197960550664
76561197960550665
76561197960550666
76561197960550668
76561197960550670
76561197960550671
76561197960550673
76561197960550674
76561197960550676
76561197960550677
76561197960550678
76561197960550679
76561197960550680
76561197960550681
76561197960550682
76561197960550683
76561197960550684
76561197960550685
76561197960550686
76561197960550687
76561197960550691
76561197960550692
76561197960550693
76561197960550694
76561197960550695
76561197960550696
76561197960550697
76561197960550698
76561197960550699
76561197960550700
76561197960550701
76561197960550702
76561197960550703
76561197960550704
76561197960550705
76561197960550707
76561197960550708
76561197960550710
76561197960550712
76561197960550713
76561197960550714
76561197960550716
76561197960550718
76561197960550719
76561197960550720
76561197960550721
76561197960550722
76561197960550723
76561197960550724
76561197960550725
76561197960550727
76561197960550728
76561197960550729
76561197960550734
76561197960550735
76561197960550736
76561197960550737
76561197960550738
76561197960550739
76561197960550741
76561197960550742
76561197960550743
76561197960550746
76561197960550747
76561197960550748
76561197960550749
76561197960550750
76561197960550751
76561197960550752
76561197960550754
76561197960550755
76561197960550757
76561197960550758
76561197960550759
76561197960550760
76561197960550762
76561197960550763
76561197960550764
76561197960550765
76561197960550766
76561197960550767
76561197960550769
76561197960550770
76561197960550771
76561197960550773
76561197960550774
76561197960550775
76561197960550779
76561197960550780
76561197960550783
76561197960550786
76561197960550787
76561197960550788
76561197960550789
76561197960550790
76561197960550791
76561197960550792
76561197960550793
76561197960550795
76561197960550796
76561197960550797
76561197960550798
76561197960550799
76561197960550801
76561197960550803
76561197960550804
76561197960550805
76561197960550807
76561197960550809
76561197960550810
76561197960550811
76561197960550812
76561197960550813
76561197960550814
76561197960550815
76561197960550817
76561197960550818
76561197960550819
76561197960550820
76561197960550821
76561197960550823
76561197960550824
76561197960550825
76561197960550827
76561197960550828
76561197960550831
76561197960550832
76561197960550833
76561197960550834
76561197960550835
76561197960550836
76561197960550837
76561197960550838
76561197960550839
76561197960550840
76561197960550841
76561197960550842
76561197960550844
76561197960550845
76561197960550847
76561197960550848
76561197960550849
76561197960550850
76561197960550852
76561197960550853
76561197960550855
76561197960550856
76561197960550857
76561197960550859
76561197960550860
76561197960550861
76561197960550862
76561197960550865
76561197960550866
76561197960550867
76561197960550868
76561197960550869
76561197960550870
76561197960550872
76561197960550873
76561197960550874
76561197960550876
76561197960550877
76561197960550878
76561197960550879
76561197960550880
76561197960550882
76561197960550883
76561197960550884
76561197960550885
76561197960550886
76561197960550887
76561197960550888
76561197960550891
76561197960550892
76561197960550893
76561197960550894
76561197960550895
76561197960550896
76561197960550897
76561197960550898
76561197960550900
76561197960550901
76561197960550903
76561197960550906
76561197960550907
76561197960550908
76561197960550910
76561197960550911
76561197960550912
76561197960550913
76561197960550914
76561197960550916
76561197960550918
76561197960550919
76561197960550920
76561197960550921
76561197960550923
76561197960550924
76561197960550926
76561197960550927
76561197960550928
76561197960550929
76561197960550930
76561197960550931
76561197960550932
76561197960550933
76561197960550934
76561197960550937
76561197960550939
76561197960550940
76561197960550942
76561197960550943
76561197960550944
76561197960550945
76561197960550946
76561197960550947
76561197960550948
76561197960550949
76561197960550951
76561197960550952
76561197960550953
76561197960550954
76561197960550955
76561197960550956
76561197960550957
76561197960550958
76561197960550959
76561197960550960
76561197960550963
76561197960550964
76561197960550965
76561197960550966
76561197960550967
76561197960550968
76561197960550969
76561197960550970
76561197960550971
76561197960550972
76561197960550973
76561197960550974
76561197960550975
76561197960550976
76561197960550977
76561197960550979
76561197960550981
76561197960550982
76561197960550984
76561197960550985
76561197960550986
76561197960550987
76561197960550988
76561197960550989
76561197960550990
76561197960550991
76561197960550992
76561197960550993
76561197960550994
76561197960550995
76561197960550997
76561197960550998
76561197960550999
76561197960551001
76561197960551002
76561197960551003
76561197960551004
76561197960551005
76561197960551006
76561197960551007
76561197960551008
76561197960551009
76561197960551010
76561197960551011
76561197960551012
76561197960551013
76561197960551014
76561197960551015
76561197960551016
76561197960551017
76561197960551018
76561197960551020
76561197960551021
76561197960551023
76561197960551024
76561197960551025
76561197960551026
76561197960551027
76561197960551029
76561197960551030
76561197960551032
76561197960551034
76561197960551035
76561197960551036
76561197960551037
76561197960551038
76561197960551039
76561197960551041
76561197960551042
76561197960551043
76561197960551045
76561197960551046
76561197960551048
76561197960551049
76561197960551050
76561197960551051
76561197960551054
76561197960551055
76561197960551056
76561197960551057
76561197960551058
76561197960551059
76561197960551060
76561197960551061
76561197960551062
76561197960551063
76561197960551064
76561197960551065
76561197960551066
76561197960551069
76561197960551070
76561197960551072
76561197960551074
76561197960551076
76561197960551078
76561197960551079
76561197960551081
76561197960551082
76561197960551083
76561197960551084
76561197960551085
76561197960551086
76561197960551087
76561197960551088
76561197960551090
76561197960551092
76561197960551093
76561197960551094
76561197960551095
76561197960551098
76561197960551101
76561197960551103
76561197960551104
76561197960551106
76561197960551108
76561197960551109
76561197960551110
76561197960551111
76561197960551113
76561197960551115
76561197960551118
76561197960551119
76561197960551120
76561197960551121
76561197960551122
76561197960551123
76561197960551124
76561197960551125
76561197960551126
76561197960551128
76561197960551131
76561197960551132
76561197960551133
76561197960551134
76561197960551135
76561197960551136
76561197960551137
76561197960551138
76561197960551139
76561197960551140
76561197960551141
76561197960551142
76561197960551143
76561197960551144
76561197960551145
76561197960551146
76561197960551148
76561197960551149
76561197960551150
76561197960551151
76561197960551153
