76561197961524282
76561197961524283
76561197961524284
76561197961524286
76561197961524290
76561197961524291
76561197961524296
76561197961524299
76561197961524300
76561197961524302
76561197961524304
76561197961524306
76561197961524307
76561197961524309
76561197961524311
76561197961524312
76561197961524313
76561197961524315
76561197961524317
76561197961524318
76561197961524319
76561197961524320
76561197961524324
76561197961524325
76561197961524328
76561197961524329
76561197961524335
76561197961524336
76561197961524337
76561197961524338
76561197961524340
76561197961524342
76561197961524343
76561197961524344
76561197961524346
76561197961524349
76561197961524351
76561197961524352
76561197961524356
76561197961524358
76561197961524359
76561197961524362
76561197961524363
76561197961524364
76561197961524365
76561197961524366
76561197961524369
76561197961524370
76561197961524371
76561197961524376
76561197961524377
76561197961524380
76561197961524381
76561197961524382
76561197961524383
76561197961524386
76561197961524387
76561197961524391
76561197961524392
76561197961524393
76561197961524394
76561197961524395
76561197961524397
76561197961524400
76561197961524401
76561197961524402
76561197961524404
76561197961524408
76561197961524409
76561197961524410
76561197961524413
76561197961524415
76561197961524417
76561197961524418
76561197961524420
76561197961524422
76561197961524423
76561197961524427
76561197961524430
76561197961524431
76561197961524438
76561197961524439
76561197961524440
76561197961524441
76561197961524442
76561197961524443
76561197961524444
76561197961524445
76561197961524447
76561197961524448
76561197961524454
76561197961524455
76561197961524459
76561197961524460
76561197961524461
76561197961524462
76561197961524464
76561197961524465
76561197961524466
76561197961524475
76561197961524476
76561197961524480
76561197961524487
76561197961524488
76561197961524489
76561197961524490
76561197961524491
76561197961524494
76561197961524495
76561197961524496
76561197961524497
76561197961524508
76561197961524510
76561197961524512
76561197961524514
76561197961524515
76561197961524518
76561197961524519
76561197961524520
76561197961524525
76561197961524526
76561197961524530
76561197961524532
76561197961524535
76561197961524537
76561197961524538
76561197961524539
76561197961524546
76561197961524547
76561197961524548
76561197961524550
76561197961524552
76561197961524553
76561197961524554
76561197961524558
76561197961524559
76561197961524560
76561197961524563
76561197961524565
76561197961524568
76561197961524574
76561197961524575
76561197961524576
76561197961524577
76561197961524582
76561197961524585
76561197961524587
76561197961524590
76561197961524591
76561197961524592
76561197961524593
76561197961524594
76561197961524595
76561197961524599
76561197961524603
76561197961524604
76561197961524606
76561197961524607
76561197961524612
76561197961524614
76561197961524616
76561197961524617
76561197961524619
76561197961524620
76561197961524622
76561197961524623
76561197961524626
76561197961524628
76561197961524629
76561197961524631
76561197961524632
76561197961524633
76561197961524634
76561197961524635
76561197961524636
76561197961524637
76561197961524639
76561197961524640
76561197961524641
76561197961524642
76561197961524644
76561197961524645
76561197961524649
76561197961524651
76561197961524652
76561197961524653
76561197961524655
76561197961524666
76561197961524667
76561197961524668
76561197961524671
76561197961524672
76561197961524674
76561197961524676
76561197961524678
76561197961524680
76561197961524681
76561197961524683
76561197961524685
76561197961524692
76561197961524693
76561197961524694
76561197961524696
76561197961524699
76561197961524700
76561197961524703
76561197961524704
76561197961524706
76561197961524709
76561197961524710
76561197961524711
76561197961524713
76561197961524714
76561197961524716
76561197961524718
76561197961524719
76561197961524721
76561197961524722
76561197961524725
76561197961524726
76561197961524727
76561197961524728
76561197961524733
76561197961524735
76561197961524736
76561197961524737
76561197961524738
76561197961524740
76561197961524742
76561197961524743
76561197961524745
76561197961524746
76561197961524753
76561197961524755
76561197961524757
76561197961524759
76561197961524760
76561197961524762
76561197961524764
76561197961524767
76561197961524768
76561197961524769
76561197961524770
76561197961524771
76561197961524772
76561197961524773
76561197961524774
76561197961524775
76561197961524777
76561197961524779
76561197961524780
76561197961524786
76561197961524787
76561197961524788
76561197961524789
76561197961524790
76561197961524791
76561197961524793
76561197961524795
76561197961524797
76561197961524799
76561197961524801
76561197961524804
76561197961524805
76561197961524809
76561197961524812
76561197961524816
76561197961524817
76561197961524819
76561197961524821
76561197961524822
76561197961524823
76561197961524825
76561197961524826
76561197961524828
76561197961524830
76561197961524834
76561197961524835
76561197961524836
76561197961524840
76561197961524842
76561197961524843
76561197961524845
76561197961524847
76561197961524848
76561197961524849
76561197961524850
76561197961524851
76561197961524852
76561197961524853
76561197961524856
76561197961524861
76561197961524862
76561197961524864
76561197961524865
76561197961524867
76561197961524868
76561197961524871
76561197961524872
76561197961524874
76561197961524881
76561197961524882
76561197961524886
76561197961524888
76561197961524890
76561197961524892
76561197961524893
76561197961524894
76561197961524897
76561197961524900
76561197961524903
76561197961524904
76561197961524905
76561197961524907
76561197961524908
76561197961524911
76561197961524912
76561197961524917
76561197961524919
76561197961524924
76561197961524933
76561197961524934
76561197961524937
76561197961524938
76561197961524949
76561197961524951
76561197961524953
76561197961524954
76561197961524957
76561197961524958
76561197961524960
76561197961524962
76561197961524969
76561197961524970
76561197961524973
76561197961524975
76561197961524978
76561197961524984
76561197961524985
76561197961524986
76561197961524990
76561197961524992
76561197961524995
76561197961524997
76561197961525006
76561197961525012
76561197961525015
76561197961525016
76561197961525017
76561197961525018
76561197961525019
76561197961525020
76561197961525021
76561197961525022
76561197961525027
76561197961525028
76561197961525029
76561197961525030
76561197961525034
76561197961525035
76561197961525036
76561197961525037
76561197961525038
76561197961525041
76561197961525043
76561197961525046
76561197961525048
76561197961525049
76561197961525050
76561197961525052
76561197961525058
76561197961525062
76561197961525063
76561197961525064
76561197961525065
76561197961525074
76561197961525075
76561197961525081
76561197961525085
76561197961525089
76561197961525094
76561197961525095
76561197961525096
76561197961525100
76561197961525101
76561197961525107
76561197961525108
76561197961525111
76561197961525112
76561197961525113
76561197961525115
76561197961525121
76561197961525125
76561197961525128
76561197961525129
76561197961525131
76561197961525142
76561197961525144
76561197961525146
76561197961525152
76561197961525154
76561197961525158
76561197961525161
76561197961525162
76561197961525164
76561197961525165
76561197961525169
76561197961525171
76561197961525172
76561197961525173
76561197961525174
76561197961525176
76561197961525178
76561197961525179
76561197961525180
76561197961525181
76561197961525182
76561197961525185
76561197961525186
76561197961525187
76561197961525189
76561197961525200
76561197961525202
76561197961525203
76561197961525204
76561197961525206
76561197961525210
76561197961525211
76561197961525214
76561197961525220
76561197961525221
76561197961525225
76561197961525226
76561197961525228
76561197961525230
76561197961525233
76561197961525234
76561197961525238
76561197961525239
76561197961525244
76561197961525245
76561197961525246
76561197961525249
76561197961525250
76561197961525252
76561197961525253
76561197961525255
76561197961525256
76561197961525257
76561197961525258
76561197961525264
76561197961525266
76561197961525267
76561197961525268
76561197961525270
76561197961525272
76561197961525279
76561197961525281
76561197961525283
76561197961525287
76561197961525288
76561197961525294
76561197961525295
76561197961525298
76561197961525299
76561197961525303
76561197961525308
76561197961525311
76561197961525312
76561197961525313
76561197961525314
76561197961525315
76561197961525322
76561197961525327
76561197961525330
76561197961525331
76561197961525333
76561197961525340
76561197961525342
76561197961525346
76561197961525350
76561197961525353
76561197961525356
76561197961525359
76561197961525361
76561197961525363
76561197961525365
76561197961525366
76561197961525367
76561197961525368
76561197961525369
76561197961525370
76561197961525373
76561197961525375
76561197961525377
76561197961525379
76561197961525382
76561197961525383
76561197961525389
76561197961525390
76561197961525391
76561197961525392
76561197961525398
76561197961525399
76561197961525400
76561197961525402
76561197961525406
76561197961525414
76561197961525415
76561197961525428
76561197961525429
76561197961525431
76561197961525434
76561197961525435
76561197961525436
76561197961525437
76561197961525441
76561197961525442
76561197961525445
76561197961525448
76561197961525455
76561197961525457
76561197961525458
76561197961525461
76561197961525462
76561197961525465
76561197961525467
76561197961525469
76561197961525470
76561197961525472
76561197961525473
76561197961525475
76561197961525476
76561197961525480
76561197961525481
76561197961525482
76561197961525484
76561197961525486
76561197961525487
76561197961525489
76561197961525492
76561197961525493
76561197961525495
76561197961525496
76561197961525507
76561197961525509
76561197961525510
76561197961525511
76561197961525514
76561197961525515
76561197961525519
76561197961525522
76561197961525523
76561197961525526
76561197961525527
76561197961525528
76561197961525529
76561197961525533
76561197961525534
76561197961525540
76561197961525543
76561197961525545
76561197961525547
76561197961525548
76561197961525549
76561197961525551
76561197961525553
76561197961525554
76561197961525555
76561197961525556
76561197961525558
76561197961525560
76561197961525563
76561197961525565
76561197961525566
76561197961525567
76561197961525569
76561197961525570
76561197961525571
76561197961525573
76561197961525575
76561197961525577
76561197961525580
76561197961525582
76561197961525583
76561197961525584
76561197961525587
76561197961525588
76561197961525589
76561197961525594
76561197961525598
76561197961525600
76561197961525602
76561197961525603
76561197961525604
76561197961525606
76561197961525607
76561197961525608
76561197961525609
76561197961525612
76561197961525614
76561197961525615
76561197961525621
76561197961525622
76561197961525623
76561197961525624
76561197961525626
76561197961525628
76561197961525629
76561197961525631
76561197961525633
76561197961525634
76561197961525636
76561197961525637
76561197961525639
76561197961525641
76561197961525644
76561197961525645
76561197961525650
76561197961525651
76561197961525653
76561197961525657
76561197961525659
76561197961525660
76561197961525661
76561197961525663
76561197961525664
76561197961525665
76561197961525669
76561197961525670
76561197961525672
76561197961525673
76561197961525674
76561197961525675
76561197961525677
76561197961525679
76561197961525685
76561197961525691
76561197961525694
76561197961525696
76561197961525700
76561197961525701
76561197961525702
76561197961525704
76561197961525706
76561197961525709
76561197961525710
76561197961525713
76561197961525715
76561197961525723
76561197961525725
76561197961525732
76561197961525733
76561197961525735
76561197961525738
76561197961525741
76561197961525743
76561197961525744
76561197961525745
76561197961525746
76561197961525747
76561197961525751
76561197961525758
76561197961525765
76561197961525768
76561197961525770
76561197961525771
76561197961525772
76561197961525775
76561197961525778
76561197961525779
76561197961525780
76561197961525781
76561197961525786
76561197961525788
76561197961525789
76561197961525790
76561197961525793
76561197961525795
76561197961525799
76561197961525800
76561197961525801
76561197961525802
76561197961525804
76561197961525806
76561197961525808
76561197961525809
76561197961525810
76561197961525812
76561197961525814
76561197961525815
76561197961525816
76561197961525818
76561197961525819
76561197961525820
76561197961525823
76561197961525824
76561197961525825
76561197961525826
76561197961525829
76561197961525831
76561197961525834
76561197961525836
76561197961525838
76561197961525840
76561197961525842
76561197961525843
76561197961525844
76561197961525845
76561197961525847
76561197961525848
76561197961525850
76561197961525852
76561197961525855
76561197961525856
76561197961525860
76561197961525862
76561197961525863
76561197961525865
76561197961525866
76561197961525868
76561197961525869
76561197961525871
76561197961525872
76561197961525875
76561197961525877
76561197961525878
76561197961525879
76561197961525880
76561197961525882
76561197961525883
76561197961525887
76561197961525888
76561197961525892
76561197961525893
76561197961525894
76561197961525896
76561197961525898
76561197961525900
76561197961525901
76561197961525902
76561197961525903
76561197961525905
76561197961525906
76561197961525907
76561197961525909
76561197961525910
76561197961525911
76561197961525913
76561197961525914
76561197961525915
76561197961525916
76561197961525917
76561197961525921
76561197961525922
76561197961525924
76561197961525926
76561197961525928
76561197961525932
76561197961525933
76561197961525934
76561197961525935
76561197961525937
76561197961525939
76561197961525940
76561197961525941
76561197961525943
76561197961525944
76561197961525945
76561197961525947
76561197961525948
76561197961525950
76561197961525951
76561197961525952
76561197961525954
76561197961525955
76561197961525956
76561197961525957
76561197961525958
76561197961525959
76561197961525960
76561197961525961
76561197961525962
76561197961525964
76561197961525967
76561197961525969
76561197961525970
76561197961525971
76561197961525973
76561197961525974
76561197961525975
76561197961525978
76561197961525980
76561197961525984
76561197961525985
76561197961525987
76561197961525988
76561197961525990
76561197961525991
76561197961525996
76561197961525997
76561197961525998
76561197961526003
76561197961526004
76561197961526006
76561197961526011
76561197961526012
76561197961526013
76561197961526015
76561197961526016
76561197961526019
76561197961526022
76561197961526028
76561197961526035
76561197961526036
76561197961526037
76561197961526038
76561197961526040
76561197961526042
76561197961526050
76561197961526051
76561197961526055
76561197961526062
76561197961526063
76561197961526070
76561197961526071
76561197961526073
76561197961526075
76561197961526076
76561197961526077
76561197961526078
76561197961526083
76561197961526086
76561197961526088
76561197961526092
76561197961526099
76561197961526100
76561197961526103
76561197961526104
76561197961526107
76561197961526108
76561197961526109
76561197961526111
76561197961526114
76561197961526118
76561197961526119
76561197961526120
76561197961526121
76561197961526122
76561197961526124
76561197961526127
76561197961526132
76561197961526133
76561197961526134
76561197961526140
76561197961526144
76561197961526150
76561197961526155
76561197961526157
76561197961526164
76561197961526165
76561197961526166
76561197961526172
76561197961526176
76561197961526179
76561197961526182
76561197961526183
76561197961526185
76561197961526186
76561197961526188
76561197961526191
76561197961526192
76561197961526195
76561197961526196
76561197961526197
76561197961526199
76561197961526200
76561197961526201
76561197961526202
76561197961526203
76561197961526204
76561197961526205
76561197961526206
76561197961526209
76561197961526210
76561197961526211
76561197961526214
76561197961526215
76561197961526217
76561197961526218
76561197961526220
76561197961526222
76561197961526226
76561197961526227
76561197961526228
76561197961526232
76561197961526233
76561197961526234
76561197961526235
76561197961526238
76561197961526239
76561197961526240
76561197961526241
76561197961526246
76561197961526248
76561197961526249
76561197961526251
76561197961526255
76561197961526257
76561197961526258
76561197961526261
76561197961526265
76561197961526266
76561197961526269
76561197961526271
76561197961526272
76561197961526274
76561197961526278
76561197961526279
76561197961526281
76561197961526282
76561197961526288
76561197961526290
76561197961526294
76561197961526295
76561197961526300
76561197961526301
76561197961526303
76561197961526304
76561197961526305
76561197961526306
76561197961526308
76561197961526313
76561197961526314
76561197961526315
76561197961526317
76561197961526318
76561197961526321
76561197961526323
76561197961526328
76561197961526331
76561197961526335
76561197961526337
76561197961526339
76561197961526341
76561197961526342
76561197961526343
76561197961526345
76561197961526346
76561197961526347
76561197961526349
76561197961526350
76561197961526354
76561197961526355
76561197961526363
76561197961526367
76561197961526369
76561197961526372
76561197961526373
76561197961526374
76561197961526375
76561197961526377
76561197961526378
76561197961526382
76561197961526383
76561197961526385
76561197961526391
76561197961526393
76561197961526394
76561197961526395
76561197961526397
76561197961526401
76561197961526403
76561197961526404
76561197961526406
76561197961526408
76561197961526411
76561197961526412
76561197961526413
76561197961526414
76561197961526415
76561197961526419
76561197961526425
76561197961526426
76561197961526427
76561197961526429
76561197961526434
76561197961526436
76561197961526438
76561197961526439
76561197961526441
76561197961526445
76561197961526446
76561197961526447
76561197961526448
76561197961526451
76561197961526455
76561197961526456
76561197961526461
76561197961526463
