76561197960696081
76561197960696084
76561197960696085
76561197960696086
76561197960696087
76561197960696088
76561197960696089
76561197960696091
76561197960696093
76561197960696094
76561197960696096
76561197960696097
76561197960696098
76561197960696099
76561197960696100
76561197960696101
76561197960696102
76561197960696103
76561197960696104
76561197960696107
76561197960696109
76561197960696112
76561197960696114
76561197960696116
76561197960696117
76561197960696118
76561197960696119
76561197960696120
76561197960696121
76561197960696122
76561197960696124
76561197960696127
76561197960696128
76561197960696129
76561197960696130
76561197960696132
76561197960696133
76561197960696134
76561197960696136
76561197960696138
76561197960696139
76561197960696141
76561197960696142
76561197960696143
76561197960696144
76561197960696147
76561197960696148
76561197960696149
76561197960696150
76561197960696153
76561197960696154
76561197960696155
76561197960696156
76561197960696157
76561197960696159
76561197960696160
76561197960696162
76561197960696163
76561197960696165
76561197960696167
76561197960696168
76561197960696169
76561197960696172
76561197960696173
76561197960696174
76561197960696175
76561197960696176
76561197960696177
76561197960696178
76561197960696179
76561197960696181
76561197960696183
76561197960696186
76561197960696187
76561197960696189
76561197960696190
76561197960696191
76561197960696193
76561197960696195
76561197960696198
76561197960696200
76561197960696202
76561197960696203
76561197960696204
76561197960696205
76561197960696208
76561197960696211
76561197960696214
76561197960696215
76561197960696216
76561197960696217
76561197960696218
76561197960696220
76561197960696221
76561197960696222
76561197960696223
76561197960696224
76561197960696226
76561197960696227
76561197960696229
76561197960696231
76561197960696232
76561197960696233
76561197960696234
76561197960696235
76561197960696236
76561197960696238
76561197960696239
76561197960696240
76561197960696241
76561197960696243
76561197960696244
76561197960696245
76561197960696247
76561197960696249
76561197960696250
76561197960696251
76561197960696252
76561197960696254
76561197960696255
76561197960696256
76561197960696257
76561197960696258
76561197960696261
76561197960696262
76561197960696263
76561197960696266
76561197960696267
76561197960696272
76561197960696273
76561197960696274
76561197960696275
76561197960696276
76561197960696277
76561197960696278
76561197960696279
76561197960696280
76561197960696283
76561197960696284
76561197960696287
76561197960696288
76561197960696289
76561197960696291
76561197960696294
76561197960696295
76561197960696296
76561197960696297
76561197960696299
76561197960696300
76561197960696302
76561197960696304
76561197960696306
76561197960696311
76561197960696312
76561197960696314
76561197960696316
76561197960696319
76561197960696320
76561197960696321
76561197960696324
76561197960696325
76561197960696326
76561197960696327
76561197960696328
76561197960696329
76561197960696330
76561197960696331
76561197960696332
76561197960696333
76561197960696334
76561197960696335
76561197960696336
76561197960696337
76561197960696339
76561197960696342
76561197960696343
76561197960696344
76561197960696346
76561197960696347
76561197960696348
76561197960696349
76561197960696350
76561197960696351
76561197960696352
76561197960696354
76561197960696355
76561197960696356
76561197960696357
76561197960696359
76561197960696361
76561197960696364
76561197960696365
76561197960696366
76561197960696367
76561197960696368
76561197960696370
76561197960696371
76561197960696372
76561197960696373
76561197960696374
76561197960696376
76561197960696377
76561197960696379
76561197960696381
76561197960696384
76561197960696386
76561197960696387
76561197960696389
76561197960696390
76561197960696391
76561197960696392
76561197960696393
76561197960696394
76561197960696395
76561197960696396
76561197960696398
76561197960696399
76561197960696403
76561197960696404
76561197960696405
76561197960696406
76561197960696407
76561197960696408
76561197960696410
76561197960696411
76561197960696414
76561197960696416
76561197960696418
76561197960696419
76561197960696420
76561197960696421
76561197960696422
76561197960696423
76561197960696425
76561197960696426
76561197960696428
76561197960696430
76561197960696431
76561197960696432
76561197960696433
76561197960696434
76561197960696435
76561197960696436
76561197960696437
76561197960696439
76561197960696442
76561197960696443
76561197960696445
76561197960696446
76561197960696447
76561197960696448
76561197960696449
76561197960696450
76561197960696451
76561197960696452
76561197960696453
76561197960696456
76561197960696458
76561197960696459
76561197960696460
76561197960696463
76561197960696464
76561197960696466
76561197960696467
76561197960696469
76561197960696470
76561197960696471
76561197960696472
76561197960696473
76561197960696474
76561197960696475
76561197960696476
76561197960696478
76561197960696480
76561197960696481
76561197960696482
76561197960696483
76561197960696485
76561197960696487
76561197960696489
76561197960696490
76561197960696492
76561197960696493
76561197960696494
76561197960696495
76561197960696496
76561197960696497
76561197960696498
76561197960696499
76561197960696500
76561197960696501
76561197960696502
76561197960696503
76561197960696505
76561197960696506
76561197960696508
76561197960696509
76561197960696512
76561197960696513
76561197960696515
76561197960696516
76561197960696520
76561197960696521
76561197960696524
76561197960696525
76561197960696526
76561197960696529
76561197960696532
76561197960696533
76561197960696535
76561197960696537
76561197960696538
76561197960696539
76561197960696540
76561197960696542
76561197960696544
76561197960696545
76561197960696547
76561197960696548
76561197960696549
76561197960696550
76561197960696552
76561197960696553
76561197960696554
76561197960696555
76561197960696557
76561197960696558
76561197960696560
76561197960696561
76561197960696562
76561197960696563
76561197960696564
76561197960696566
76561197960696568
76561197960696570
76561197960696572
76561197960696573
76561197960696574
76561197960696575
76561197960696576
76561197960696577
76561197960696578
76561197960696582
76561197960696583
76561197960696586
76561197960696587
76561197960696589
76561197960696590
76561197960696591
76561197960696592
76561197960696593
76561197960696594
76561197960696595
76561197960696598
76561197960696599
76561197960696600
76561197960696601
76561197960696602
76561197960696603
76561197960696604
76561197960696605
76561197960696607
76561197960696608
76561197960696610
76561197960696611
76561197960696612
76561197960696613
76561197960696615
76561197960696616
76561197960696617
76561197960696619
76561197960696621
76561197960696622
76561197960696623
76561197960696626
76561197960696627
76561197960696628
76561197960696629
76561197960696630
76561197960696631
76561197960696632
76561197960696634
76561197960696635
76561197960696637
76561197960696638
76561197960696639
76561197960696640
76561197960696641
76561197960696642
76561197960696643
76561197960696645
76561197960696646
76561197960696648
76561197960696650
76561197960696651
76561197960696653
76561197960696654
76561197960696655
76561197960696657
76561197960696659
76561197960696660
76561197960696662
76561197960696663
76561197960696664
76561197960696667
76561197960696668
76561197960696669
76561197960696670
76561197960696673
76561197960696674
76561197960696675
76561197960696676
76561197960696677
76561197960696679
76561197960696680
76561197960696681
76561197960696682
76561197960696683
76561197960696684
76561197960696685
76561197960696686
76561197960696688
76561197960696689
76561197960696691
76561197960696693
76561197960696694
76561197960696695
76561197960696696
76561197960696697
76561197960696701
76561197960696702
76561197960696703
76561197960696705
76561197960696707
76561197960696708
76561197960696709
76561197960696711
76561197960696712
76561197960696713
76561197960696714
76561197960696715
76561197960696716
76561197960696717
76561197960696719
76561197960696720
76561197960696721
76561197960696722
76561197960696723
76561197960696724
76561197960696725
76561197960696727
76561197960696730
76561197960696731
76561197960696734
76561197960696737
76561197960696739
76561197960696740
76561197960696741
76561197960696742
76561197960696744
76561197960696746
76561197960696747
76561197960696748
76561197960696749
76561197960696750
76561197960696753
76561197960696754
76561197960696756
76561197960696758
76561197960696760
76561197960696762
76561197960696763
76561197960696764
76561197960696765
76561197960696766
76561197960696767
76561197960696769
76561197960696770
76561197960696771
76561197960696773
76561197960696774
76561197960696775
76561197960696776
76561197960696778
76561197960696779
76561197960696780
76561197960696781
76561197960696782
76561197960696784
76561197960696785
76561197960696789
76561197960696790
76561197960696791
76561197960696795
76561197960696796
76561197960696797
76561197960696798
76561197960696799
76561197960696800
76561197960696801
76561197960696802
76561197960696803
76561197960696805
76561197960696806
76561197960696807
76561197960696808
76561197960696809
76561197960696810
76561197960696812
76561197960696814
76561197960696815
76561197960696816
76561197960696819
76561197960696820
76561197960696821
76561197960696823
76561197960696824
76561197960696825
76561197960696826
76561197960696828
76561197960696829
76561197960696830
76561197960696831
76561197960696832
76561197960696833
76561197960696835
76561197960696836
76561197960696837
76561197960696838
76561197960696839
76561197960696841
76561197960696842
76561197960696843
76561197960696844
76561197960696846
76561197960696847
76561197960696850
76561197960696851
76561197960696852
76561197960696853
76561197960696854
76561197960696855
76561197960696856
76561197960696858
76561197960696860
76561197960696861
76561197960696862
76561197960696863
76561197960696865
76561197960696866
76561197960696867
76561197960696869
76561197960696872
76561197960696873
76561197960696874
76561197960696877
76561197960696878
76561197960696879
76561197960696883
76561197960696884
76561197960696885
76561197960696887
76561197960696890
76561197960696891
76561197960696892
76561197960696894
76561197960696895
76561197960696896
76561197960696897
76561197960696898
76561197960696899
76561197960696900
76561197960696901
76561197960696902
76561197960696903
76561197960696904
76561197960696905
76561197960696906
76561197960696907
76561197960696908
76561197960696909
76561197960696911
76561197960696913
76561197960696916
76561197960696917
76561197960696920
76561197960696921
76561197960696922
76561197960696923
76561197960696924
76561197960696926
76561197960696927
76561197960696928
76561197960696929
76561197960696930
76561197960696931
76561197960696932
76561197960696933
76561197960696934
76561197960696937
76561197960696938
76561197960696939
76561197960696940
76561197960696941
76561197960696942
76561197960696944
76561197960696945
76561197960696946
76561197960696947
76561197960696948
76561197960696949
76561197960696950
76561197960696952
76561197960696953
76561197960696954
76561197960696956
76561197960696958
76561197960696959
76561197960696960
76561197960696962
76561197960696963
76561197960696964
76561197960696965
76561197960696966
76561197960696967
76561197960696969
76561197960696970
76561197960696973
76561197960696974
76561197960696975
76561197960696977
76561197960696978
76561197960696979
76561197960696980
76561197960696981
76561197960696983
76561197960696984
76561197960696986
76561197960696987
76561197960696989
76561197960696990
76561197960696991
76561197960696992
76561197960696993
76561197960696994
76561197960696995
76561197960696996
76561197960696997
76561197960696998
76561197960696999
76561197960697000
76561197960697001
76561197960697002
76561197960697003
76561197960697004
76561197960697006
76561197960697007
76561197960697009
76561197960697010
76561197960697011
76561197960697012
76561197960697013
76561197960697014
76561197960697015
76561197960697017
76561197960697019
76561197960697021
76561197960697022
76561197960697023
76561197960697024
76561197960697025
76561197960697026
76561197960697027
76561197960697028
76561197960697030
76561197960697031
76561197960697032
76561197960697033
76561197960697038
76561197960697040
76561197960697041
76561197960697042
76561197960697043
76561197960697044
76561197960697045
76561197960697046
76561197960697047
76561197960697048
76561197960697049
76561197960697050
76561197960697055
76561197960697056
76561197960697057
76561197960697059
76561197960697061
76561197960697062
76561197960697063
76561197960697064
76561197960697066
76561197960697067
76561197960697068
76561197960697069
76561197960697071
76561197960697074
76561197960697075
76561197960697076
76561197960697077
76561197960697078
76561197960697079
76561197960697080
76561197960697081
76561197960697082
76561197960697084
76561197960697085
76561197960697087
76561197960697089
76561197960697090
76561197960697091
76561197960697092
76561197960697093
76561197960697095
76561197960697096
76561197960697097
76561197960697098
76561197960697100
76561197960697103
76561197960697104
76561197960697106
76561197960697107
76561197960697108
76561197960697111
76561197960697112
76561197960697113
76561197960697115
76561197960697116
76561197960697117
76561197960697118
76561197960697119
76561197960697121
76561197960697122
76561197960697123
76561197960697125
76561197960697126
76561197960697128
76561197960697129
76561197960697130
76561197960697131
76561197960697132
76561197960697135
76561197960697136
76561197960697137
76561197960697139
76561197960697140
76561197960697142
76561197960697143
76561197960697144
76561197960697145
76561197960697146
76561197960697147
76561197960697148
76561197960697149
76561197960697151
76561197960697152
76561197960697155
76561197960697156
76561197960697157
76561197960697159
76561197960697160
76561197960697161
76561197960697162
76561197960697163
76561197960697164
76561197960697166
76561197960697169
76561197960697170
76561197960697171
76561197960697172
76561197960697173
76561197960697174
76561197960697175
76561197960697176
76561197960697177
76561197960697178
76561197960697179
76561197960697180
76561197960697183
76561197960697184
76561197960697185
76561197960697189
76561197960697190
76561197960697191
76561197960697193
76561197960697195
76561197960697196
76561197960697198
76561197960697199
76561197960697200
76561197960697201
76561197960697203
76561197960697204
76561197960697205
76561197960697209
76561197960697212
76561197960697213
76561197960697214
76561197960697216
76561197960697218
76561197960697219
76561197960697220
76561197960697221
76561197960697222
76561197960697223
76561197960697224
76561197960697225
76561197960697226
76561197960697227
76561197960697228
76561197960697229
76561197960697231
76561197960697233
76561197960697234
76561197960697235
76561197960697236
76561197960697237
76561197960697238
76561197960697239
76561197960697241
76561197960697242
76561197960697243
76561197960697247
76561197960697249
76561197960697251
76561197960697252
76561197960697253
76561197960697254
76561197960697257
76561197960697258
76561197960697260
76561197960697261
76561197960697262
76561197960697263
76561197960697264
76561197960697265
76561197960697266
76561197960697267
76561197960697268
76561197960697269
76561197960697270
76561197960697271
76561197960697272
76561197960697273
76561197960697275
76561197960697277
76561197960697278
76561197960697279
76561197960697280
76561197960697281
76561197960697283
76561197960697286
76561197960697290
76561197960697293
76561197960697294
76561197960697295
76561197960697297
76561197960697298
76561197960697299
76561197960697301
76561197960697302
76561197960697305
76561197960697307
76561197960697309
76561197960697310
76561197960697311
76561197960697315
76561197960697318
76561197960697320
76561197960697323
76561197960697326
76561197960697327
76561197960697330
76561197960697332
76561197960697333
76561197960697334
76561197960697335
76561197960697337
76561197960697340
76561197960697341
76561197960697342
76561197960697343
76561197960697344
76561197960697345
76561197960697346
76561197960697347
76561197960697349
76561197960697350
76561197960697351
76561197960697352
76561197960697353
76561197960697354
76561197960697357
76561197960697360
76561197960697363
76561197960697364
76561197960697365
76561197960697369
76561197960697371
76561197960697374
76561197960697376
76561197960697377
76561197960697379
76561197960697381
76561197960697382
76561197960697385
76561197960697386
76561197960697389
76561197960697390
76561197960697396
76561197960697398
76561197960697399
76561197960697401
76561197960697403
76561197960697405
76561197960697407
76561197960697408
76561197960697410
76561197960697412
76561197960697413
76561197960697415
76561197960697416
76561197960697417
76561197960697418
76561197960697419
76561197960697420
76561197960697421
76561197960697422
76561197960697423
76561197960697424
76561197960697425
76561197960697426
76561197960697427
76561197960697428
76561197960697429
76561197960697430
76561197960697435
76561197960697436
76561197960697437
76561197960697438
76561197960697439
76561197960697441
76561197960697442
76561197960697443
76561197960697445
76561197960697446
76561197960697447
76561197960697448
76561197960697449
76561197960697450
76561197960697452
76561197960697455
76561197960697456
76561197960697457
76561197960697459
76561197960697461
76561197960697462
76561197960697465
76561197960697468
76561197960697469
76561197960697470
76561197960697472
76561197960697475
76561197960697476
76561197960697478
76561197960697479
76561197960697480
76561197960697481
76561197960697482
76561197960697483
76561197960697487
76561197960697488
76561197960697492
76561197960697493
76561197960697498
76561197960697500
76561197960697501
76561197960697503
76561197960697504
76561197960697505
76561197960697507
76561197960697508
76561197960697510
76561197960697511
76561197960697512
76561197960697513
76561197960697514
76561197960697515
76561197960697516
76561197960697517
76561197960697518
76561197960697523
76561197960697524
