76561197960958324
76561197960958326
76561197960958327
76561197960958328
76561197960958330
76561197960958331
76561197960958333
76561197960958334
76561197960958337
76561197960958338
76561197960958340
76561197960958341
76561197960958342
76561197960958343
76561197960958344
76561197960958345
76561197960958351
76561197960958352
76561197960958353
76561197960958354
76561197960958357
76561197960958358
76561197960958359
76561197960958360
76561197960958361
76561197960958362
76561197960958363
76561197960958364
76561197960958365
76561197960958366
76561197960958367
76561197960958368
76561197960958369
76561197960958370
76561197960958371
76561197960958373
76561197960958376
76561197960958379
76561197960958380
76561197960958381
76561197960958382
76561197960958383
76561197960958384
76561197960958387
76561197960958390
76561197960958391
76561197960958393
76561197960958395
76561197960958397
76561197960958398
76561197960958399
76561197960958401
76561197960958402
76561197960958403
76561197960958406
76561197960958407
76561197960958408
76561197960958409
76561197960958410
76561197960958412
76561197960958414
76561197960958416
76561197960958417
76561197960958418
76561197960958420
76561197960958421
76561197960958424
76561197960958426
76561197960958428
76561197960958430
76561197960958431
76561197960958432
76561197960958433
76561197960958435
76561197960958437
76561197960958439
76561197960958444
76561197960958445
76561197960958446
76561197960958448
76561197960958450
76561197960958451
76561197960958454
76561197960958455
76561197960958456
76561197960958458
76561197960958460
76561197960958461
76561197960958462
76561197960958463
76561197960958465
76561197960958466
76561197960958467
76561197960958469
76561197960958470
76561197960958471
76561197960958472
76561197960958473
76561197960958475
76561197960958476
76561197960958477
76561197960958478
76561197960958480
76561197960958481
76561197960958483
76561197960958487
76561197960958489
76561197960958490
76561197960958492
76561197960958494
76561197960958496
76561197960958500
76561197960958503
76561197960958504
76561197960958505
76561197960958507
76561197960958508
76561197960958509
76561197960958513
76561197960958515
76561197960958516
76561197960958518
76561197960958519
76561197960958520
76561197960958521
76561197960958525
76561197960958526
76561197960958527
76561197960958529
76561197960958531
76561197960958534
76561197960958537
76561197960958540
76561197960958541
76561197960958543
76561197960958544
76561197960958545
76561197960958546
76561197960958547
76561197960958548
76561197960958549
76561197960958551
76561197960958553
76561197960958556
76561197960958557
76561197960958559
76561197960958562
76561197960958564
76561197960958565
76561197960958567
76561197960958569
76561197960958570
76561197960958571
76561197960958572
76561197960958575
76561197960958576
76561197960958577
76561197960958578
76561197960958579
76561197960958581
76561197960958582
76561197960958587
76561197960958588
76561197960958589
76561197960958592
76561197960958593
76561197960958596
76561197960958597
76561197960958598
76561197960958601
76561197960958604
76561197960958605
76561197960958608
76561197960958609
76561197960958610
76561197960958612
76561197960958613
76561197960958614
76561197960958615
76561197960958616
76561197960958620
76561197960958622
76561197960958623
76561197960958624
76561197960958626
76561197960958628
76561197960958629
76561197960958630
76561197960958633
76561197960958634
76561197960958636
76561197960958638
76561197960958639
76561197960958640
76561197960958641
76561197960958644
76561197960958645
76561197960958646
76561197960958647
76561197960958648
76561197960958650
76561197960958651
76561197960958652
76561197960958653
76561197960958654
76561197960958656
76561197960958657
76561197960958661
76561197960958663
76561197960958665
76561197960958666
76561197960958667
76561197960958668
76561197960958669
76561197960958670
76561197960958671
76561197960958672
76561197960958673
76561197960958675
76561197960958677
76561197960958679
76561197960958680
76561197960958681
76561197960958682
76561197960958683
76561197960958684
76561197960958685
76561197960958686
76561197960958687
76561197960958690
76561197960958692
76561197960958693
76561197960958694
76561197960958696
76561197960958697
76561197960958698
76561197960958699
76561197960958700
76561197960958701
76561197960958703
76561197960958704
76561197960958706
76561197960958708
76561197960958709
76561197960958710
76561197960958711
76561197960958712
76561197960958713
76561197960958716
76561197960958718
76561197960958719
76561197960958722
76561197960958725
76561197960958726
76561197960958727
76561197960958728
76561197960958729
76561197960958730
76561197960958732
76561197960958735
76561197960958736
76561197960958737
76561197960958738
76561197960958739
76561197960958743
76561197960958744
76561197960958745
76561197960958747
76561197960958748
76561197960958752
76561197960958754
76561197960958755
76561197960958756
76561197960958757
76561197960958758
76561197960958759
76561197960958763
76561197960958765
76561197960958766
76561197960958767
76561197960958769
76561197960958770
76561197960958771
76561197960958773
76561197960958774
76561197960958776
76561197960958777
76561197960958781
76561197960958782
76561197960958784
76561197960958785
76561197960958786
76561197960958787
76561197960958788
76561197960958790
76561197960958791
76561197960958793
76561197960958794
76561197960958798
76561197960958799
76561197960958800
76561197960958801
76561197960958803
76561197960958804
76561197960958807
76561197960958808
76561197960958809
76561197960958810
76561197960958811
76561197960958812
76561197960958813
76561197960958815
76561197960958816
76561197960958817
76561197960958818
76561197960958821
76561197960958822
76561197960958827
76561197960958828
76561197960958833
76561197960958835
76561197960958838
76561197960958839
76561197960958840
76561197960958841
76561197960958843
76561197960958844
76561197960958846
76561197960958847
76561197960958848
76561197960958849
76561197960958851
76561197960958854
76561197960958855
76561197960958856
76561197960958857
76561197960958858
76561197960958859
76561197960958862
76561197960958865
76561197960958866
76561197960958867
76561197960958869
76561197960958871
76561197960958875
76561197960958876
76561197960958877
76561197960958878
76561197960958881
76561197960958882
76561197960958883
76561197960958887
76561197960958889
76561197960958891
76561197960958892
76561197960958895
76561197960958897
76561197960958898
76561197960958899
76561197960958900
76561197960958902
76561197960958903
76561197960958905
76561197960958908
76561197960958909
76561197960958910
76561197960958911
76561197960958912
76561197960958914
76561197960958916
76561197960958920
76561197960958921
76561197960958923
76561197960958925
76561197960958929
76561197960958931
76561197960958933
76561197960958935
76561197960958936
76561197960958939
76561197960958941
76561197960958942
76561197960958943
76561197960958944
76561197960958945
76561197960958946
76561197960958947
76561197960958949
76561197960958950
76561197960958951
76561197960958952
76561197960958953
76561197960958954
76561197960958956
76561197960958957
76561197960958958
76561197960958959
76561197960958960
76561197960958961
76561197960958962
76561197960958963
76561197960958965
76561197960958966
76561197960958967
76561197960958968
76561197960958969
76561197960958972
76561197960958973
76561197960958974
76561197960958978
76561197960958979
76561197960958982
76561197960958985
76561197960958986
76561197960958988
76561197960958989
76561197960958991
76561197960958994
76561197960958996
76561197960958997
76561197960958998
76561197960959000
76561197960959001
76561197960959002
76561197960959003
76561197960959004
76561197960959008
76561197960959009
76561197960959010
76561197960959011
76561197960959012
76561197960959013
76561197960959015
76561197960959016
76561197960959017
76561197960959019
76561197960959020
76561197960959022
76561197960959024
76561197960959025
76561197960959026
76561197960959027
76561197960959028
76561197960959030
76561197960959031
76561197960959032
76561197960959033
76561197960959034
76561197960959035
76561197960959037
76561197960959039
76561197960959040
76561197960959042
76561197960959045
76561197960959046
76561197960959047
76561197960959049
76561197960959051
76561197960959052
76561197960959053
76561197960959055
76561197960959058
76561197960959061
76561197960959063
76561197960959065
76561197960959066
76561197960959067
76561197960959069
76561197960959070
76561197960959072
76561197960959075
76561197960959076
76561197960959077
76561197960959078
76561197960959084
76561197960959085
76561197960959086
76561197960959088
76561197960959089
76561197960959090
76561197960959092
76561197960959093
76561197960959094
76561197960959095
76561197960959096
76561197960959097
76561197960959104
76561197960959105
76561197960959106
76561197960959107
76561197960959110
76561197960959111
76561197960959113
76561197960959115
76561197960959121
76561197960959123
76561197960959125
76561197960959126
76561197960959128
76561197960959129
76561197960959130
76561197960959134
76561197960959137
76561197960959138
76561197960959139
76561197960959141
76561197960959142
76561197960959143
76561197960959144
76561197960959148
76561197960959149
76561197960959153
76561197960959156
76561197960959159
76561197960959160
76561197960959161
76561197960959163
76561197960959165
76561197960959166
76561197960959167
76561197960959168
76561197960959169
76561197960959170
76561197960959172
76561197960959175
76561197960959177
76561197960959178
76561197960959180
76561197960959182
76561197960959183
76561197960959187
76561197960959189
76561197960959193
76561197960959195
76561197960959196
76561197960959197
76561197960959201
76561197960959202
76561197960959203
76561197960959204
76561197960959205
76561197960959206
76561197960959208
76561197960959209
76561197960959210
76561197960959212
76561197960959214
76561197960959215
76561197960959216
76561197960959217
76561197960959219
76561197960959222
76561197960959223
76561197960959225
76561197960959226
76561197960959229
76561197960959231
76561197960959232
76561197960959233
76561197960959234
76561197960959237
76561197960959238
76561197960959241
76561197960959242
76561197960959243
76561197960959246
76561197960959249
76561197960959250
76561197960959251
76561197960959253
76561197960959259
76561197960959261
76561197960959263
76561197960959266
76561197960959268
76561197960959270
76561197960959271
76561197960959272
76561197960959275
76561197960959277
76561197960959278
76561197960959280
76561197960959281
76561197960959282
76561197960959283
76561197960959284
76561197960959285
76561197960959286
76561197960959287
76561197960959289
76561197960959290
76561197960959291
76561197960959292
76561197960959293
76561197960959294
76561197960959296
76561197960959300
76561197960959301
76561197960959302
76561197960959303
76561197960959305
76561197960959308
76561197960959310
76561197960959311
76561197960959313
76561197960959314
76561197960959316
76561197960959317
76561197960959318
76561197960959319
76561197960959320
76561197960959321
76561197960959322
76561197960959323
76561197960959324
76561197960959326
76561197960959327
76561197960959329
76561197960959331
76561197960959333
76561197960959337
76561197960959338
76561197960959342
76561197960959343
76561197960959344
76561197960959346
76561197960959347
76561197960959351
76561197960959352
76561197960959353
76561197960959354
76561197960959355
76561197960959357
76561197960959361
76561197960959363
76561197960959364
76561197960959368
76561197960959369
76561197960959371
76561197960959373
76561197960959374
76561197960959375
76561197960959379
76561197960959380
76561197960959381
76561197960959384
76561197960959385
76561197960959388
76561197960959389
76561197960959390
76561197960959391
76561197960959394
76561197960959395
76561197960959396
76561197960959397
76561197960959398
76561197960959399
76561197960959401
76561197960959402
76561197960959404
76561197960959406
76561197960959412
76561197960959414
76561197960959416
76561197960959417
76561197960959418
76561197960959424
76561197960959425
76561197960959426
76561197960959427
76561197960959428
76561197960959429
76561197960959430
76561197960959432
76561197960959434
76561197960959435
76561197960959436
76561197960959438
76561197960959439
76561197960959440
76561197960959442
76561197960959445
76561197960959446
76561197960959449
76561197960959450
76561197960959451
76561197960959453
76561197960959454
76561197960959457
76561197960959458
76561197960959459
76561197960959460
76561197960959461
76561197960959462
76561197960959463
76561197960959466
76561197960959468
76561197960959470
76561197960959471
76561197960959472
76561197960959474
76561197960959475
76561197960959476
76561197960959477
76561197960959478
76561197960959480
76561197960959481
76561197960959482
76561197960959484
76561197960959486
76561197960959493
76561197960959494
76561197960959496
76561197960959497
76561197960959498
76561197960959499
76561197960959500
76561197960959501
76561197960959502
76561197960959503
76561197960959505
76561197960959506
76561197960959508
76561197960959511
76561197960959513
76561197960959514
76561197960959516
76561197960959518
76561197960959519
76561197960959521
76561197960959523
76561197960959524
76561197960959527
76561197960959528
76561197960959529
76561197960959531
76561197960959532
76561197960959533
76561197960959536
76561197960959537
76561197960959540
76561197960959541
76561197960959542
76561197960959543
76561197960959544
76561197960959546
76561197960959549
76561197960959553
76561197960959557
76561197960959560
76561197960959561
76561197960959562
76561197960959565
76561197960959568
76561197960959569
76561197960959570
76561197960959571
76561197960959573
76561197960959574
76561197960959576
76561197960959577
76561197960959581
76561197960959583
76561197960959584
76561197960959586
76561197960959587
76561197960959588
76561197960959589
76561197960959591
76561197960959592
76561197960959593
76561197960959595
76561197960959599
76561197960959600
76561197960959603
76561197960959606
76561197960959607
76561197960959608
76561197960959609
76561197960959612
76561197960959613
76561197960959615
76561197960959618
76561197960959619
76561197960959621
76561197960959622
76561197960959623
76561197960959624
76561197960959627
76561197960959628
76561197960959629
76561197960959630
76561197960959634
76561197960959635
76561197960959637
76561197960959641
76561197960959642
76561197960959644
76561197960959647
76561197960959648
76561197960959649
76561197960959650
76561197960959651
76561197960959652
76561197960959653
76561197960959655
76561197960959658
76561197960959660
76561197960959661
76561197960959664
76561197960959666
76561197960959667
76561197960959670
76561197960959673
76561197960959674
76561197960959675
76561197960959678
76561197960959681
76561197960959684
76561197960959685
76561197960959689
76561197960959690
76561197960959692
76561197960959693
76561197960959695
76561197960959698
76561197960959699
76561197960959700
76561197960959701
76561197960959702
76561197960959705
76561197960959706
76561197960959707
76561197960959708
76561197960959709
76561197960959711
76561197960959715
76561197960959718
76561197960959719
76561197960959720
76561197960959721
76561197960959722
76561197960959723
76561197960959724
76561197960959726
76561197960959727
76561197960959730
76561197960959732
76561197960959733
76561197960959734
76561197960959736
76561197960959739
76561197960959741
76561197960959742
76561197960959743
76561197960959744
76561197960959745
76561197960959747
76561197960959748
76561197960959749
76561197960959750
76561197960959753
76561197960959755
76561197960959759
76561197960959760
76561197960959761
76561197960959762
76561197960959763
76561197960959764
76561197960959765
76561197960959767
76561197960959768
76561197960959770
76561197960959773
76561197960959774
76561197960959775
76561197960959776
76561197960959777
76561197960959778
76561197960959779
76561197960959780
76561197960959781
76561197960959782
76561197960959784
76561197960959785
76561197960959786
76561197960959788
76561197960959789
76561197960959791
76561197960959792
76561197960959793
76561197960959794
76561197960959796
76561197960959798
76561197960959799
76561197960959800
76561197960959802
76561197960959803
76561197960959804
76561197960959805
76561197960959806
76561197960959807
76561197960959808
76561197960959810
76561197960959812
76561197960959813
76561197960959814
76561197960959815
76561197960959816
76561197960959818
76561197960959819
76561197960959822
76561197960959825
76561197960959827
76561197960959828
76561197960959830
76561197960959831
76561197960959833
76561197960959834
76561197960959835
76561197960959838
76561197960959839
76561197960959841
76561197960959845
76561197960959847
76561197960959850
76561197960959851
76561197960959852
76561197960959853
76561197960959855
76561197960959856
76561197960959857
76561197960959860
76561197960959861
76561197960959864
76561197960959866
76561197960959870
76561197960959871
76561197960959873
76561197960959875
76561197960959877
76561197960959878
76561197960959879
76561197960959882
76561197960959883
76561197960959887
76561197960959890
76561197960959891
76561197960959893
76561197960959894
76561197960959895
76561197960959896
76561197960959898
76561197960959900
76561197960959903
76561197960959904
76561197960959905
76561197960959909
76561197960959910
76561197960959913
76561197960959914
76561197960959916
76561197960959917
76561197960959918
76561197960959919
76561197960959922
76561197960959923
76561197960959924
76561197960959925
76561197960959931
76561197960959932
76561197960959933
76561197960959935
76561197960959939
76561197960959941
76561197960959942
76561197960959944
76561197960959946
76561197960959947
76561197960959948
76561197960959949
76561197960959950
76561197960959951
76561197960959952
76561197960959955
76561197960959956
76561197960959957
76561197960959959
76561197960959960
76561197960959961
76561197960959963
76561197960959965
76561197960959966
76561197960959967
76561197960959968
76561197960959971
76561197960959973
76561197960959974
76561197960959976
76561197960959979
