76561197960536427
76561197960536428
76561197960536429
76561197960536433
76561197960536434
76561197960536436
76561197960536437
76561197960536438
76561197960536442
76561197960536444
76561197960536445
76561197960536446
76561197960536448
76561197960536449
76561197960536450
76561197960536452
76561197960536454
76561197960536456
76561197960536457
76561197960536458
76561197960536460
76561197960536461
76561197960536464
76561197960536466
76561197960536467
76561197960536468
76561197960536469
76561197960536470
76561197960536475
76561197960536476
76561197960536478
76561197960536480
76561197960536482
76561197960536484
76561197960536485
76561197960536486
76561197960536487
76561197960536490
76561197960536492
76561197960536493
76561197960536495
76561197960536497
76561197960536498
76561197960536500
76561197960536502
76561197960536503
76561197960536505
76561197960536507
76561197960536508
76561197960536513
76561197960536514
76561197960536515
76561197960536516
76561197960536518
76561197960536519
76561197960536520
76561197960536522
76561197960536523
76561197960536524
76561197960536525
76561197960536527
76561197960536528
76561197960536530
76561197960536532
76561197960536533
76561197960536535
76561197960536536
76561197960536537
76561197960536538
76561197960536540
76561197960536542
76561197960536543
76561197960536546
76561197960536547
76561197960536548
76561197960536549
76561197960536550
76561197960536552
76561197960536555
76561197960536560
76561197960536561
76561197960536562
76561197960536563
76561197960536564
76561197960536567
76561197960536568
76561197960536570
76561197960536571
76561197960536573
76561197960536574
76561197960536575
76561197960536576
76561197960536577
76561197960536578
76561197960536581
76561197960536582
76561197960536584
76561197960536585
76561197960536588
76561197960536589
76561197960536591
76561197960536594
76561197960536595
76561197960536597
76561197960536600
76561197960536601
76561197960536602
76561197960536603
76561197960536604
76561197960536606
76561197960536608
76561197960536611
76561197960536613
76561197960536615
76561197960536617
76561197960536618
76561197960536619
76561197960536620
76561197960536622
76561197960536623
76561197960536624
76561197960536625
76561197960536626
76561197960536628
76561197960536630
76561197960536631
76561197960536632
76561197960536633
76561197960536634
76561197960536635
76561197960536636
76561197960536638
76561197960536642
76561197960536643
76561197960536644
76561197960536645
76561197960536646
76561197960536649
76561197960536650
76561197960536652
76561197960536653
76561197960536655
76561197960536656
76561197960536657
76561197960536658
76561197960536660
76561197960536662
76561197960536664
76561197960536667
76561197960536668
76561197960536669
76561197960536670
76561197960536671
76561197960536672
76561197960536673
76561197960536674
76561197960536675
76561197960536676
76561197960536677
76561197960536678
76561197960536680
76561197960536681
76561197960536682
76561197960536683
76561197960536685
76561197960536686
76561197960536688
76561197960536689
76561197960536690
76561197960536691
76561197960536692
76561197960536694
76561197960536696
76561197960536698
76561197960536699
76561197960536700
76561197960536701
76561197960536702
76561197960536703
76561197960536704
76561197960536706
76561197960536711
76561197960536712
76561197960536713
76561197960536714
76561197960536718
76561197960536719
76561197960536720
76561197960536722
76561197960536724
76561197960536725
76561197960536726
76561197960536729
76561197960536730
76561197960536731
76561197960536732
76561197960536733
76561197960536735
76561197960536736
76561197960536737
76561197960536738
76561197960536740
76561197960536746
76561197960536747
76561197960536748
76561197960536752
76561197960536753
76561197960536756
76561197960536757
76561197960536758
76561197960536759
76561197960536760
76561197960536761
76561197960536762
76561197960536766
76561197960536768
76561197960536774
76561197960536775
76561197960536776
76561197960536777
76561197960536780
76561197960536781
76561197960536782
76561197960536784
76561197960536789
76561197960536790
76561197960536793
76561197960536794
76561197960536795
76561197960536799
76561197960536801
76561197960536802
76561197960536803
76561197960536805
76561197960536806
76561197960536807
76561197960536808
76561197960536810
76561197960536812
76561197960536815
76561197960536817
76561197960536819
76561197960536822
76561197960536823
76561197960536824
76561197960536832
76561197960536834
76561197960536835
76561197960536836
76561197960536838
76561197960536839
76561197960536840
76561197960536845
76561197960536846
76561197960536848
76561197960536851
76561197960536852
76561197960536854
76561197960536856
76561197960536857
76561197960536858
76561197960536861
76561197960536862
76561197960536863
76561197960536864
76561197960536865
76561197960536866
76561197960536867
76561197960536868
76561197960536869
76561197960536870
76561197960536871
76561197960536872
76561197960536873
76561197960536874
76561197960536875
76561197960536877
76561197960536878
76561197960536880
76561197960536881
76561197960536883
76561197960536884
76561197960536888
76561197960536889
76561197960536890
76561197960536891
76561197960536892
76561197960536894
76561197960536895
76561197960536896
76561197960536897
76561197960536899
76561197960536900
76561197960536901
76561197960536902
76561197960536903
76561197960536904
76561197960536905
76561197960536906
76561197960536907
76561197960536909
76561197960536910
76561197960536912
76561197960536915
76561197960536916
76561197960536917
76561197960536918
76561197960536919
76561197960536920
76561197960536921
76561197960536922
76561197960536924
76561197960536927
76561197960536930
76561197960536932
76561197960536933
76561197960536934
76561197960536935
76561197960536937
76561197960536938
76561197960536941
76561197960536942
76561197960536945
76561197960536947
76561197960536948
76561197960536949
76561197960536951
76561197960536953
76561197960536955
76561197960536956
76561197960536958
76561197960536959
76561197960536960
76561197960536961
76561197960536962
76561197960536964
76561197960536965
76561197960536966
76561197960536968
76561197960536969
76561197960536970
76561197960536972
76561197960536977
76561197960536978
76561197960536980
76561197960536981
76561197960536982
76561197960536983
76561197960536985
76561197960536986
76561197960536987
76561197960536989
76561197960536991
76561197960536993
76561197960536994
76561197960536995
76561197960536996
76561197960536997
76561197960536998
76561197960536999
76561197960537000
76561197960537002
76561197960537003
76561197960537005
76561197960537006
76561197960537007
76561197960537008
76561197960537009
76561197960537010
76561197960537011
76561197960537012
76561197960537014
76561197960537015
76561197960537018
76561197960537019
76561197960537022
76561197960537024
76561197960537032
76561197960537033
76561197960537034
76561197960537035
76561197960537039
76561197960537042
76561197960537043
76561197960537044
76561197960537045
76561197960537046
76561197960537047
76561197960537048
76561197960537049
76561197960537051
76561197960537052
76561197960537055
76561197960537056
76561197960537057
76561197960537062
76561197960537065
76561197960537066
76561197960537067
76561197960537068
76561197960537070
76561197960537071
76561197960537072
76561197960537074
76561197960537077
76561197960537081
76561197960537083
76561197960537084
76561197960537085
76561197960537087
76561197960537089
76561197960537091
76561197960537092
76561197960537096
76561197960537099
76561197960537101
76561197960537102
76561197960537103
76561197960537104
76561197960537106
76561197960537107
76561197960537109
76561197960537110
76561197960537112
76561197960537113
76561197960537114
76561197960537115
76561197960537117
76561197960537118
76561197960537122
76561197960537124
76561197960537126
76561197960537128
76561197960537132
76561197960537133
76561197960537134
76561197960537135
76561197960537138
76561197960537142
76561197960537143
76561197960537145
76561197960537150
76561197960537152
76561197960537153
76561197960537155
76561197960537156
76561197960537158
76561197960537161
76561197960537164
76561197960537165
76561197960537166
76561197960537167
76561197960537169
76561197960537171
76561197960537173
76561197960537177
76561197960537178
76561197960537179
76561197960537180
76561197960537181
76561197960537183
76561197960537184
76561197960537186
76561197960537188
76561197960537191
76561197960537192
76561197960537193
76561197960537194
76561197960537195
76561197960537196
76561197960537197
76561197960537198
76561197960537201
76561197960537202
76561197960537203
76561197960537204
76561197960537206
76561197960537209
76561197960537210
76561197960537211
76561197960537212
76561197960537215
76561197960537216
76561197960537218
76561197960537221
76561197960537223
76561197960537225
76561197960537227
76561197960537228
76561197960537229
76561197960537233
76561197960537235
76561197960537236
76561197960537238
76561197960537239
76561197960537240
76561197960537242
76561197960537243
76561197960537244
76561197960537247
76561197960537248
76561197960537249
76561197960537250
76561197960537251
76561197960537252
76561197960537253
76561197960537254
76561197960537255
76561197960537257
76561197960537258
76561197960537262
76561197960537263
76561197960537264
76561197960537266
76561197960537267
76561197960537268
76561197960537269
76561197960537272
76561197960537273
76561197960537274
76561197960537276
76561197960537277
76561197960537278
76561197960537280
76561197960537281
76561197960537284
76561197960537290
76561197960537292
76561197960537293
76561197960537294
76561197960537295
76561197960537297
76561197960537298
76561197960537299
76561197960537300
76561197960537301
76561197960537302
76561197960537304
76561197960537306
76561197960537307
76561197960537308
76561197960537310
76561197960537311
76561197960537312
76561197960537313
76561197960537314
76561197960537315
76561197960537317
76561197960537320
76561197960537321
76561197960537324
76561197960537326
76561197960537327
76561197960537328
76561197960537329
76561197960537331
76561197960537332
76561197960537334
76561197960537335
76561197960537336
76561197960537337
76561197960537338
76561197960537339
76561197960537340
76561197960537341
76561197960537343
76561197960537344
76561197960537346
76561197960537348
76561197960537349
76561197960537350
76561197960537351
76561197960537352
76561197960537353
76561197960537354
76561197960537355
76561197960537356
76561197960537357
76561197960537359
76561197960537360
76561197960537361
76561197960537364
76561197960537365
76561197960537367
76561197960537368
76561197960537369
76561197960537371
76561197960537373
76561197960537375
76561197960537376
76561197960537377
76561197960537378
76561197960537380
76561197960537382
76561197960537384
76561197960537385
76561197960537386
76561197960537387
76561197960537390
76561197960537391
76561197960537392
76561197960537393
76561197960537394
76561197960537395
76561197960537396
76561197960537397
76561197960537398
76561197960537402
76561197960537403
76561197960537405
76561197960537406
76561197960537407
76561197960537408
76561197960537409
76561197960537410
76561197960537411
76561197960537412
76561197960537413
76561197960537414
76561197960537416
76561197960537418
76561197960537419
76561197960537420
76561197960537421
76561197960537422
76561197960537424
76561197960537425
76561197960537426
76561197960537427
76561197960537428
76561197960537430
76561197960537431
76561197960537434
76561197960537436
76561197960537437
76561197960537438
76561197960537439
76561197960537440
76561197960537441
76561197960537443
76561197960537444
76561197960537446
76561197960537447
76561197960537448
76561197960537449
76561197960537452
76561197960537453
76561197960537454
76561197960537459
76561197960537460
76561197960537462
76561197960537463
76561197960537464
76561197960537466
76561197960537467
76561197960537468
76561197960537469
76561197960537470
76561197960537471
76561197960537474
76561197960537476
76561197960537479
76561197960537480
76561197960537481
76561197960537484
76561197960537485
76561197960537489
76561197960537490
76561197960537491
76561197960537492
76561197960537493
76561197960537495
76561197960537496
76561197960537497
76561197960537498
76561197960537499
76561197960537500
76561197960537501
76561197960537502
76561197960537504
76561197960537505
76561197960537507
76561197960537509
76561197960537510
76561197960537511
76561197960537513
76561197960537516
76561197960537517
76561197960537520
76561197960537521
76561197960537522
76561197960537523
76561197960537524
76561197960537527
76561197960537528
76561197960537531
76561197960537532
76561197960537534
76561197960537535
76561197960537536
76561197960537537
76561197960537538
76561197960537539
76561197960537541
76561197960537542
76561197960537543
76561197960537545
76561197960537547
76561197960537548
76561197960537549
76561197960537550
76561197960537551
76561197960537552
76561197960537553
76561197960537555
76561197960537558
76561197960537560
76561197960537562
76561197960537566
76561197960537567
76561197960537568
76561197960537569
76561197960537572
76561197960537573
76561197960537574
76561197960537576
76561197960537579
76561197960537580
76561197960537581
76561197960537582
76561197960537583
76561197960537585
76561197960537586
76561197960537587
76561197960537588
76561197960537589
76561197960537590
76561197960537591
76561197960537592
76561197960537593
76561197960537594
76561197960537596
76561197960537597
76561197960537598
76561197960537599
76561197960537600
76561197960537601
76561197960537604
76561197960537606
76561197960537608
76561197960537611
76561197960537612
76561197960537613
76561197960537614
76561197960537615
76561197960537616
76561197960537618
76561197960537620
76561197960537621
76561197960537622
76561197960537623
76561197960537624
76561197960537626
76561197960537627
76561197960537632
76561197960537634
76561197960537635
76561197960537636
76561197960537638
76561197960537639
76561197960537640
76561197960537641
76561197960537643
76561197960537644
76561197960537645
76561197960537647
76561197960537648
76561197960537652
76561197960537653
76561197960537654
76561197960537655
76561197960537657
76561197960537658
76561197960537659
76561197960537660
76561197960537664
76561197960537665
76561197960537668
76561197960537671
76561197960537672
76561197960537673
76561197960537674
76561197960537675
76561197960537676
76561197960537677
76561197960537678
76561197960537679
76561197960537680
76561197960537681
76561197960537683
76561197960537684
76561197960537685
76561197960537686
76561197960537688
76561197960537689
76561197960537691
76561197960537694
76561197960537696
76561197960537697
76561197960537698
76561197960537703
76561197960537704
76561197960537705
76561197960537706
76561197960537708
76561197960537710
76561197960537711
76561197960537712
76561197960537713
76561197960537715
76561197960537717
76561197960537718
76561197960537719
76561197960537720
76561197960537724
76561197960537725
76561197960537727
76561197960537729
76561197960537732
76561197960537733
76561197960537734
76561197960537736
76561197960537737
76561197960537738
76561197960537742
76561197960537744
76561197960537747
76561197960537748
76561197960537749
76561197960537750
76561197960537751
76561197960537752
76561197960537753
76561197960537754
76561197960537756
76561197960537757
76561197960537758
76561197960537759
76561197960537761
76561197960537763
76561197960537765
76561197960537768
76561197960537769
76561197960537772
76561197960537773
76561197960537774
76561197960537775
76561197960537776
76561197960537777
76561197960537780
76561197960537781
76561197960537782
76561197960537784
76561197960537792
76561197960537794
76561197960537795
76561197960537797
76561197960537798
76561197960537801
76561197960537803
76561197960537804
76561197960537806
76561197960537807
76561197960537808
76561197960537809
76561197960537811
76561197960537812
76561197960537813
76561197960537814
76561197960537815
76561197960537816
76561197960537817
76561197960537818
76561197960537819
76561197960537821
76561197960537822
76561197960537823
76561197960537824
76561197960537825
76561197960537826
76561197960537827
76561197960537828
76561197960537829
76561197960537831
76561197960537832
76561197960537833
76561197960537837
76561197960537839
76561197960537840
76561197960537841
76561197960537843
76561197960537844
76561197960537845
76561197960537847
76561197960537848
76561197960537849
76561197960537852
76561197960537853
76561197960537854
76561197960537856
76561197960537858
76561197960537860
76561197960537863
76561197960537865
76561197960537866
76561197960537867
76561197960537868
76561197960537869
76561197960537870
76561197960537871
76561197960537872
76561197960537875
76561197960537877
76561197960537878
76561197960537880
76561197960537881
76561197960537882
76561197960537883
76561197960537884
76561197960537885
76561197960537887
76561197960537888
76561197960537889
76561197960537890
76561197960537891
76561197960537894
76561197960537897
76561197960537901
76561197960537902
76561197960537903
76561197960537904
76561197960537905
76561197960537906
76561197960537908
76561197960537909
76561197960537910
76561197960537911
76561197960537913
76561197960537915
76561197960537916
76561197960537918
76561197960537919
76561197960537920
76561197960537922
76561197960537924
76561197960537926
76561197960537927
76561197960537931
76561197960537933
76561197960537934
76561197960537935
76561197960537937
76561197960537938
76561197960537939
76561197960537940
76561197960537942
76561197960537943
76561197960537944
76561197960537945
76561197960537948
76561197960537949
76561197960537950
76561197960537952
76561197960537954
76561197960537956
76561197960537958
76561197960537964
76561197960537967
76561197960537968
76561197960537969
76561197960537970
76561197960537971
76561197960537974
76561197960537976
76561197960537977
76561197960537978
76561197960537981
76561197960537982
76561197960537985
76561197960537988
76561197960537992
76561197960537994
76561197960537996
76561197960537998
76561197960537999
76561197960538000
76561197960538001
76561197960538003
76561197960538009
76561197960538010
