76561197960699011
76561197960699012
76561197960699013
76561197960699014
76561197960699016
76561197960699017
76561197960699020
76561197960699021
76561197960699022
76561197960699023
76561197960699024
76561197960699025
76561197960699026
76561197960699027
76561197960699032
76561197960699033
76561197960699034
76561197960699035
76561197960699037
76561197960699039
76561197960699040
76561197960699041
76561197960699042
76561197960699044
76561197960699045
76561197960699046
76561197960699047
76561197960699048
76561197960699049
76561197960699050
76561197960699051
76561197960699052
76561197960699053
76561197960699054
76561197960699055
76561197960699056
76561197960699057
76561197960699058
76561197960699059
76561197960699060
76561197960699061
76561197960699063
76561197960699065
76561197960699066
76561197960699067
76561197960699068
76561197960699069
76561197960699070
76561197960699071
76561197960699072
76561197960699073
76561197960699075
76561197960699076
76561197960699077
76561197960699078
76561197960699080
76561197960699082
76561197960699083
76561197960699085
76561197960699088
76561197960699089
76561197960699090
76561197960699091
76561197960699093
76561197960699094
76561197960699095
76561197960699098
76561197960699100
76561197960699102
76561197960699103
76561197960699104
76561197960699107
76561197960699108
76561197960699109
76561197960699110
76561197960699111
76561197960699112
76561197960699114
76561197960699115
76561197960699117
76561197960699118
76561197960699119
76561197960699121
76561197960699123
76561197960699124
76561197960699125
76561197960699126
76561197960699127
76561197960699128
76561197960699131
76561197960699134
76561197960699135
76561197960699136
76561197960699137
76561197960699139
76561197960699141
76561197960699142
76561197960699143
76561197960699145
76561197960699147
76561197960699148
76561197960699150
76561197960699151
76561197960699152
76561197960699154
76561197960699157
76561197960699160
76561197960699161
76561197960699164
76561197960699165
76561197960699167
76561197960699168
76561197960699169
76561197960699171
76561197960699172
76561197960699175
76561197960699176
76561197960699177
76561197960699179
76561197960699182
76561197960699183
76561197960699184
76561197960699186
76561197960699188
76561197960699190
76561197960699191
76561197960699192
76561197960699193
76561197960699196
76561197960699197
76561197960699198
76561197960699200
76561197960699201
76561197960699204
76561197960699206
76561197960699207
76561197960699208
76561197960699210
76561197960699211
76561197960699213
76561197960699214
76561197960699217
76561197960699218
76561197960699220
76561197960699221
76561197960699222
76561197960699224
76561197960699225
76561197960699227
76561197960699228
76561197960699229
76561197960699231
76561197960699232
76561197960699234
76561197960699235
76561197960699236
76561197960699237
76561197960699238
76561197960699241
76561197960699243
76561197960699246
76561197960699247
76561197960699248
76561197960699249
76561197960699250
76561197960699251
76561197960699252
76561197960699253
76561197960699254
76561197960699255
76561197960699257
76561197960699259
76561197960699260
76561197960699261
76561197960699262
76561197960699264
76561197960699266
76561197960699267
76561197960699269
76561197960699270
76561197960699271
76561197960699272
76561197960699274
76561197960699275
76561197960699278
76561197960699279
76561197960699280
76561197960699281
76561197960699282
76561197960699283
76561197960699284
76561197960699285
76561197960699286
76561197960699287
76561197960699290
76561197960699291
76561197960699292
76561197960699293
76561197960699298
76561197960699299
76561197960699300
76561197960699301
76561197960699302
76561197960699303
76561197960699305
76561197960699307
76561197960699308
76561197960699310
76561197960699311
76561197960699313
76561197960699315
76561197960699316
76561197960699317
76561197960699319
76561197960699320
76561197960699321
76561197960699325
76561197960699326
76561197960699327
76561197960699329
76561197960699331
76561197960699332
76561197960699333
76561197960699334
76561197960699335
76561197960699336
76561197960699337
76561197960699340
76561197960699341
76561197960699346
76561197960699347
76561197960699348
76561197960699349
76561197960699352
76561197960699353
76561197960699354
76561197960699355
76561197960699357
76561197960699358
76561197960699359
76561197960699361
76561197960699363
76561197960699365
76561197960699366
76561197960699369
76561197960699370
76561197960699371
76561197960699372
76561197960699374
76561197960699375
76561197960699376
76561197960699377
76561197960699378
76561197960699379
76561197960699381
76561197960699383
76561197960699385
76561197960699386
76561197960699387
76561197960699388
76561197960699390
76561197960699391
76561197960699392
76561197960699393
76561197960699394
76561197960699395
76561197960699396
76561197960699399
76561197960699401
76561197960699406
76561197960699407
76561197960699408
76561197960699413
76561197960699415
76561197960699416
76561197960699417
76561197960699418
76561197960699419
76561197960699422
76561197960699423
76561197960699424
76561197960699425
76561197960699427
76561197960699428
76561197960699429
76561197960699430
76561197960699431
76561197960699433
76561197960699434
76561197960699435
76561197960699437
76561197960699439
76561197960699440
76561197960699441
76561197960699442
76561197960699443
76561197960699444
76561197960699446
76561197960699447
76561197960699448
76561197960699450
76561197960699451
76561197960699454
76561197960699455
76561197960699457
76561197960699459
76561197960699460
76561197960699465
76561197960699466
76561197960699467
76561197960699468
76561197960699470
76561197960699472
76561197960699473
76561197960699475
76561197960699476
76561197960699477
76561197960699478
76561197960699479
76561197960699480
76561197960699481
76561197960699482
76561197960699484
76561197960699485
76561197960699486
76561197960699487
76561197960699489
76561197960699490
76561197960699492
76561197960699493
76561197960699494
76561197960699495
76561197960699498
76561197960699500
76561197960699503
76561197960699504
76561197960699505
76561197960699506
76561197960699507
76561197960699509
76561197960699510
76561197960699511
76561197960699513
76561197960699516
76561197960699517
76561197960699518
76561197960699519
76561197960699520
76561197960699521
76561197960699523
76561197960699524
76561197960699525
76561197960699528
76561197960699531
76561197960699532
76561197960699533
76561197960699535
76561197960699536
76561197960699537
76561197960699538
76561197960699539
76561197960699540
76561197960699543
76561197960699546
76561197960699548
76561197960699550
76561197960699551
76561197960699553
76561197960699554
76561197960699555
76561197960699557
76561197960699558
76561197960699559
76561197960699560
76561197960699561
76561197960699562
76561197960699563
76561197960699567
76561197960699568
76561197960699569
76561197960699571
76561197960699573
76561197960699574
76561197960699576
76561197960699578
76561197960699579
76561197960699580
76561197960699581
76561197960699582
76561197960699583
76561197960699584
76561197960699585
76561197960699587
76561197960699588
76561197960699589
76561197960699590
76561197960699591
76561197960699592
76561197960699593
76561197960699595
76561197960699596
76561197960699597
76561197960699598
76561197960699600
76561197960699602
76561197960699603
76561197960699605
76561197960699607
76561197960699608
76561197960699610
76561197960699612
76561197960699614
76561197960699618
76561197960699619
76561197960699620
76561197960699621
76561197960699625
76561197960699626
76561197960699627
76561197960699629
76561197960699634
76561197960699635
76561197960699636
76561197960699637
76561197960699639
76561197960699640
76561197960699641
76561197960699643
76561197960699644
76561197960699645
76561197960699646
76561197960699647
76561197960699648
76561197960699649
76561197960699650
76561197960699651
76561197960699653
76561197960699654
76561197960699656
76561197960699657
76561197960699658
76561197960699659
76561197960699660
76561197960699662
76561197960699663
76561197960699667
76561197960699668
76561197960699669
76561197960699670
76561197960699671
76561197960699672
76561197960699673
76561197960699674
76561197960699675
76561197960699676
76561197960699677
76561197960699678
76561197960699679
76561197960699680
76561197960699681
76561197960699683
76561197960699685
76561197960699686
76561197960699687
76561197960699688
76561197960699689
76561197960699690
76561197960699691
76561197960699692
76561197960699693
76561197960699695
76561197960699697
76561197960699698
76561197960699699
76561197960699700
76561197960699701
76561197960699702
76561197960699703
76561197960699704
76561197960699705
76561197960699706
76561197960699707
76561197960699710
76561197960699711
76561197960699712
76561197960699713
76561197960699714
76561197960699715
76561197960699717
76561197960699718
76561197960699719
76561197960699720
76561197960699722
76561197960699725
76561197960699726
76561197960699727
76561197960699728
76561197960699729
76561197960699730
76561197960699733
76561197960699735
76561197960699736
76561197960699737
76561197960699740
76561197960699741
76561197960699743
76561197960699745
76561197960699746
76561197960699747
76561197960699748
76561197960699749
76561197960699751
76561197960699753
76561197960699754
76561197960699755
76561197960699757
76561197960699759
76561197960699761
76561197960699763
76561197960699766
76561197960699770
76561197960699771
76561197960699772
76561197960699773
76561197960699774
76561197960699776
76561197960699777
76561197960699779
76561197960699780
76561197960699781
76561197960699783
76561197960699784
76561197960699787
76561197960699788
76561197960699789
76561197960699793
76561197960699795
76561197960699797
76561197960699799
76561197960699800
76561197960699801
76561197960699803
76561197960699805
76561197960699807
76561197960699808
76561197960699809
76561197960699813
76561197960699814
76561197960699815
76561197960699816
76561197960699817
76561197960699820
76561197960699822
76561197960699825
76561197960699826
76561197960699827
76561197960699828
76561197960699829
76561197960699830
76561197960699831
76561197960699832
76561197960699833
76561197960699834
76561197960699835
76561197960699836
76561197960699838
76561197960699839
76561197960699841
76561197960699842
76561197960699844
76561197960699845
76561197960699846
76561197960699848
76561197960699850
76561197960699851
76561197960699852
76561197960699853
76561197960699854
76561197960699855
76561197960699856
76561197960699859
76561197960699860
76561197960699861
76561197960699862
76561197960699863
76561197960699864
76561197960699865
76561197960699866
76561197960699867
76561197960699870
76561197960699871
76561197960699872
76561197960699873
76561197960699874
76561197960699877
76561197960699879
76561197960699880
76561197960699882
76561197960699883
76561197960699884
76561197960699885
76561197960699887
76561197960699888
76561197960699889
76561197960699890
76561197960699892
76561197960699893
76561197960699894
76561197960699897
76561197960699899
76561197960699900
76561197960699901
76561197960699903
76561197960699904
76561197960699905
76561197960699907
76561197960699909
76561197960699912
76561197960699913
76561197960699914
76561197960699915
76561197960699916
76561197960699918
76561197960699919
76561197960699921
76561197960699923
76561197960699924
76561197960699926
76561197960699927
76561197960699928
76561197960699929
76561197960699930
76561197960699931
76561197960699932
76561197960699933
76561197960699934
76561197960699935
76561197960699936
76561197960699939
76561197960699942
76561197960699943
76561197960699945
76561197960699947
76561197960699951
76561197960699952
76561197960699953
76561197960699956
76561197960699958
76561197960699959
76561197960699960
76561197960699961
76561197960699962
76561197960699963
76561197960699964
76561197960699967
76561197960699969
76561197960699971
76561197960699975
76561197960699976
76561197960699979
76561197960699980
76561197960699982
76561197960699983
76561197960699984
76561197960699985
76561197960699987
76561197960699988
76561197960699990
76561197960699991
76561197960699993
76561197960699994
76561197960699995
76561197960699996
76561197960699997
76561197960699998
76561197960699999
76561197960700000
76561197960700001
76561197960700003
76561197960700004
76561197960700005
76561197960700006
76561197960700010
76561197960700015
76561197960700016
76561197960700017
76561197960700019
76561197960700021
76561197960700025
76561197960700030
76561197960700031
76561197960700032
76561197960700033
76561197960700034
76561197960700036
76561197960700037
76561197960700038
76561197960700040
76561197960700044
76561197960700045
76561197960700046
76561197960700047
76561197960700049
76561197960700050
76561197960700053
76561197960700054
76561197960700055
76561197960700056
76561197960700057
76561197960700058
76561197960700059
76561197960700061
76561197960700062
76561197960700063
76561197960700065
76561197960700066
76561197960700069
76561197960700071
76561197960700072
76561197960700073
76561197960700075
76561197960700076
76561197960700078
76561197960700080
76561197960700081
76561197960700084
76561197960700086
76561197960700090
76561197960700093
76561197960700094
76561197960700095
76561197960700096
76561197960700097
76561197960700098
76561197960700099
76561197960700101
76561197960700103
76561197960700104
76561197960700105
76561197960700108
76561197960700112
76561197960700113
76561197960700115
76561197960700116
76561197960700119
76561197960700120
76561197960700121
76561197960700122
76561197960700123
76561197960700125
76561197960700126
76561197960700127
76561197960700131
76561197960700133
76561197960700137
76561197960700138
76561197960700139
76561197960700140
76561197960700141
76561197960700142
76561197960700143
76561197960700144
76561197960700145
76561197960700146
76561197960700147
76561197960700150
76561197960700151
76561197960700152
76561197960700153
76561197960700154
76561197960700155
76561197960700156
76561197960700157
76561197960700158
76561197960700159
76561197960700160
76561197960700162
76561197960700164
76561197960700165
76561197960700166
76561197960700167
76561197960700169
76561197960700172
76561197960700173
76561197960700174
76561197960700175
76561197960700180
76561197960700181
76561197960700183
76561197960700184
76561197960700185
76561197960700188
76561197960700189
76561197960700190
76561197960700191
76561197960700192
76561197960700193
76561197960700194
76561197960700196
76561197960700197
76561197960700198
76561197960700200
76561197960700201
76561197960700202
76561197960700203
76561197960700204
76561197960700206
76561197960700207
76561197960700208
76561197960700209
76561197960700210
76561197960700211
76561197960700212
76561197960700213
76561197960700214
76561197960700215
76561197960700217
76561197960700219
76561197960700220
76561197960700222
76561197960700223
76561197960700226
76561197960700227
76561197960700228
76561197960700229
76561197960700230
76561197960700231
76561197960700232
76561197960700233
76561197960700235
76561197960700236
76561197960700238
76561197960700239
76561197960700240
76561197960700243
76561197960700244
76561197960700246
76561197960700248
76561197960700252
76561197960700254
76561197960700255
76561197960700256
76561197960700257
76561197960700258
76561197960700261
76561197960700262
76561197960700264
76561197960700266
76561197960700267
76561197960700269
76561197960700270
76561197960700271
76561197960700273
76561197960700274
76561197960700277
76561197960700280
76561197960700281
76561197960700282
76561197960700283
76561197960700285
76561197960700286
76561197960700287
76561197960700288
76561197960700289
76561197960700290
76561197960700292
76561197960700293
76561197960700295
76561197960700297
76561197960700298
76561197960700301
76561197960700302
76561197960700303
76561197960700304
76561197960700306
76561197960700307
76561197960700308
76561197960700310
76561197960700313
76561197960700314
76561197960700315
76561197960700317
76561197960700318
76561197960700319
76561197960700320
76561197960700322
76561197960700323
76561197960700325
76561197960700329
76561197960700330
76561197960700331
76561197960700332
76561197960700334
76561197960700335
76561197960700336
76561197960700337
76561197960700338
76561197960700339
76561197960700340
76561197960700341
76561197960700342
76561197960700344
76561197960700346
76561197960700347
76561197960700348
76561197960700351
76561197960700352
76561197960700355
76561197960700356
76561197960700358
76561197960700365
76561197960700366
76561197960700367
76561197960700369
76561197960700370
76561197960700371
76561197960700373
76561197960700374
76561197960700376
76561197960700377
76561197960700379
76561197960700380
76561197960700381
76561197960700382
76561197960700383
76561197960700386
76561197960700387
76561197960700388
76561197960700390
76561197960700392
76561197960700393
76561197960700395
76561197960700397
76561197960700398
76561197960700400
76561197960700402
76561197960700404
76561197960700405
76561197960700406
76561197960700408
76561197960700410
76561197960700411
76561197960700412
76561197960700415
76561197960700416
76561197960700417
76561197960700418
76561197960700419
76561197960700421
76561197960700422
76561197960700424
76561197960700425
76561197960700426
76561197960700427
76561197960700428
76561197960700429
76561197960700431
76561197960700432
76561197960700434
76561197960700435
76561197960700437
76561197960700439
76561197960700440
76561197960700441
76561197960700442
76561197960700443
76561197960700445
76561197960700448
76561197960700449
76561197960700450
76561197960700451
76561197960700452
76561197960700453
76561197960700454
76561197960700455
76561197960700456
76561197960700457
76561197960700459
76561197960700460
76561197960700462
76561197960700463
76561197960700464
76561197960700465
76561197960700466
76561197960700467
76561197960700468
76561197960700469
76561197960700470
76561197960700473
76561197960700475
76561197960700476
76561197960700477
76561197960700478
76561197960700481
76561197960700482
76561197960700484
76561197960700488
76561197960700490
76561197960700492
76561197960700494
