76561197960959984
76561197960959985
76561197960959986
76561197960959987
76561197960959989
76561197960959990
76561197960959993
76561197960959994
76561197960959995
76561197960959998
76561197960959999
76561197960960000
76561197960960001
76561197960960002
76561197960960004
76561197960960007
76561197960960008
76561197960960010
76561197960960011
76561197960960013
76561197960960014
76561197960960015
76561197960960016
76561197960960018
76561197960960019
76561197960960020
76561197960960022
76561197960960024
76561197960960027
76561197960960028
76561197960960029
76561197960960031
76561197960960032
76561197960960033
76561197960960035
76561197960960039
76561197960960041
76561197960960042
76561197960960044
76561197960960046
76561197960960047
76561197960960049
76561197960960050
76561197960960052
76561197960960053
76561197960960055
76561197960960058
76561197960960059
76561197960960062
76561197960960063
76561197960960065
76561197960960066
76561197960960067
76561197960960069
76561197960960071
76561197960960073
76561197960960074
76561197960960075
76561197960960078
76561197960960079
76561197960960082
76561197960960083
76561197960960086
76561197960960087
76561197960960089
76561197960960090
76561197960960093
76561197960960095
76561197960960096
76561197960960097
76561197960960098
76561197960960101
76561197960960102
76561197960960103
76561197960960104
76561197960960105
76561197960960109
76561197960960110
76561197960960113
76561197960960114
76561197960960115
76561197960960116
76561197960960118
76561197960960121
76561197960960123
76561197960960128
76561197960960132
76561197960960135
76561197960960136
76561197960960138
76561197960960141
76561197960960142
76561197960960144
76561197960960145
76561197960960147
76561197960960148
76561197960960154
76561197960960156
76561197960960157
76561197960960160
76561197960960161
76561197960960165
76561197960960166
76561197960960167
76561197960960171
76561197960960173
76561197960960174
76561197960960175
76561197960960176
76561197960960177
76561197960960178
76561197960960180
76561197960960181
76561197960960184
76561197960960185
76561197960960186
76561197960960187
76561197960960189
76561197960960191
76561197960960192
76561197960960194
76561197960960196
76561197960960199
76561197960960202
76561197960960205
76561197960960207
76561197960960208
76561197960960210
76561197960960211
76561197960960212
76561197960960216
76561197960960217
76561197960960218
76561197960960222
76561197960960223
76561197960960224
76561197960960225
76561197960960226
76561197960960227
76561197960960228
76561197960960229
76561197960960230
76561197960960232
76561197960960234
76561197960960235
76561197960960236
76561197960960237
76561197960960238
76561197960960239
76561197960960240
76561197960960242
76561197960960244
76561197960960245
76561197960960247
76561197960960249
76561197960960251
76561197960960252
76561197960960253
76561197960960254
76561197960960255
76561197960960256
76561197960960257
76561197960960258
76561197960960259
76561197960960260
76561197960960261
76561197960960266
76561197960960267
76561197960960269
76561197960960270
76561197960960271
76561197960960276
76561197960960277
76561197960960280
76561197960960281
76561197960960283
76561197960960288
76561197960960290
76561197960960291
76561197960960292
76561197960960293
76561197960960295
76561197960960296
76561197960960297
76561197960960299
76561197960960300
76561197960960301
76561197960960304
76561197960960308
76561197960960309
76561197960960310
76561197960960313
76561197960960315
76561197960960316
76561197960960320
76561197960960322
76561197960960325
76561197960960326
76561197960960327
76561197960960328
76561197960960329
76561197960960331
76561197960960333
76561197960960335
76561197960960338
76561197960960339
76561197960960340
76561197960960344
76561197960960345
76561197960960348
76561197960960350
76561197960960353
76561197960960355
76561197960960356
76561197960960357
76561197960960359
76561197960960360
76561197960960361
76561197960960368
76561197960960369
76561197960960370
76561197960960371
76561197960960373
76561197960960376
76561197960960377
76561197960960378
76561197960960381
76561197960960383
76561197960960386
76561197960960389
76561197960960391
76561197960960392
76561197960960395
76561197960960396
76561197960960397
76561197960960398
76561197960960401
76561197960960402
76561197960960403
76561197960960404
76561197960960405
76561197960960407
76561197960960408
76561197960960410
76561197960960412
76561197960960414
76561197960960415
76561197960960416
76561197960960417
76561197960960418
76561197960960420
76561197960960422
76561197960960423
76561197960960425
76561197960960428
76561197960960429
76561197960960430
76561197960960431
76561197960960437
76561197960960438
76561197960960439
76561197960960440
76561197960960441
76561197960960442
76561197960960443
76561197960960444
76561197960960448
76561197960960449
76561197960960451
76561197960960453
76561197960960456
76561197960960458
76561197960960462
76561197960960463
76561197960960465
76561197960960466
76561197960960467
76561197960960468
76561197960960469
76561197960960470
76561197960960472
76561197960960473
76561197960960474
76561197960960475
76561197960960476
76561197960960477
76561197960960478
76561197960960479
76561197960960481
76561197960960483
76561197960960484
76561197960960485
76561197960960488
76561197960960489
76561197960960490
76561197960960493
76561197960960500
76561197960960504
76561197960960505
76561197960960508
76561197960960509
76561197960960511
76561197960960512
76561197960960513
76561197960960515
76561197960960516
76561197960960517
76561197960960518
76561197960960521
76561197960960523
76561197960960524
76561197960960525
76561197960960526
76561197960960527
76561197960960528
76561197960960529
76561197960960530
76561197960960532
76561197960960533
76561197960960536
76561197960960537
76561197960960539
76561197960960544
76561197960960545
76561197960960546
76561197960960547
76561197960960548
76561197960960549
76561197960960550
76561197960960553
76561197960960554
76561197960960555
76561197960960556
76561197960960557
76561197960960560
76561197960960561
76561197960960564
76561197960960565
76561197960960567
76561197960960569
76561197960960571
76561197960960572
76561197960960573
76561197960960574
76561197960960575
76561197960960581
76561197960960585
76561197960960586
76561197960960587
76561197960960590
76561197960960591
76561197960960592
76561197960960593
76561197960960595
76561197960960597
76561197960960598
76561197960960599
76561197960960601
76561197960960603
76561197960960605
76561197960960606
76561197960960607
76561197960960609
76561197960960611
76561197960960612
76561197960960615
76561197960960616
76561197960960617
76561197960960618
76561197960960619
76561197960960621
76561197960960623
76561197960960628
76561197960960629
76561197960960635
76561197960960637
76561197960960638
76561197960960639
76561197960960640
76561197960960642
76561197960960643
76561197960960644
76561197960960647
76561197960960648
76561197960960656
76561197960960658
76561197960960659
76561197960960663
76561197960960665
76561197960960669
76561197960960671
76561197960960672
76561197960960673
76561197960960675
76561197960960677
76561197960960678
76561197960960682
76561197960960685
76561197960960689
76561197960960691
76561197960960692
76561197960960693
76561197960960695
76561197960960696
76561197960960697
76561197960960698
76561197960960699
76561197960960701
76561197960960702
76561197960960704
76561197960960705
76561197960960707
76561197960960708
76561197960960709
76561197960960710
76561197960960711
76561197960960712
76561197960960713
76561197960960714
76561197960960715
76561197960960717
76561197960960718
76561197960960719
76561197960960721
76561197960960722
76561197960960723
76561197960960727
76561197960960728
76561197960960729
76561197960960730
76561197960960733
76561197960960734
76561197960960736
76561197960960737
76561197960960738
76561197960960739
76561197960960740
76561197960960741
76561197960960745
76561197960960746
76561197960960747
76561197960960749
76561197960960752
76561197960960753
76561197960960760
76561197960960761
76561197960960763
76561197960960764
76561197960960765
76561197960960766
76561197960960767
76561197960960768
76561197960960769
76561197960960774
76561197960960775
76561197960960777
76561197960960779
76561197960960783
76561197960960786
76561197960960787
76561197960960789
76561197960960790
76561197960960793
76561197960960794
76561197960960795
76561197960960797
76561197960960798
76561197960960799
76561197960960801
76561197960960803
76561197960960804
76561197960960809
76561197960960811
76561197960960812
76561197960960813
76561197960960814
76561197960960816
76561197960960817
76561197960960818
76561197960960821
76561197960960822
76561197960960823
76561197960960824
76561197960960825
76561197960960826
76561197960960827
76561197960960828
76561197960960829
76561197960960830
76561197960960831
76561197960960832
76561197960960833
76561197960960834
76561197960960835
76561197960960837
76561197960960839
76561197960960840
76561197960960843
76561197960960844
76561197960960847
76561197960960848
76561197960960852
76561197960960854
76561197960960855
76561197960960857
76561197960960858
76561197960960859
76561197960960860
76561197960960862
76561197960960863
76561197960960866
76561197960960868
76561197960960869
76561197960960872
76561197960960873
76561197960960874
76561197960960876
76561197960960877
76561197960960878
76561197960960879
76561197960960881
76561197960960883
76561197960960885
76561197960960887
76561197960960890
76561197960960891
76561197960960893
76561197960960894
76561197960960895
76561197960960896
76561197960960897
76561197960960899
76561197960960901
76561197960960902
76561197960960903
76561197960960904
76561197960960906
76561197960960907
76561197960960908
76561197960960911
76561197960960913
76561197960960916
76561197960960917
76561197960960919
76561197960960921
76561197960960923
76561197960960925
76561197960960926
76561197960960929
76561197960960930
76561197960960932
76561197960960935
76561197960960936
76561197960960938
76561197960960942
76561197960960943
76561197960960945
76561197960960947
76561197960960948
76561197960960949
76561197960960950
76561197960960951
76561197960960952
76561197960960954
76561197960960955
76561197960960956
76561197960960959
76561197960960960
76561197960960961
76561197960960962
76561197960960963
76561197960960964
76561197960960965
76561197960960966
76561197960960967
76561197960960968
76561197960960972
76561197960960978
76561197960960979
76561197960960981
76561197960960982
76561197960960984
76561197960960985
76561197960960987
76561197960960988
76561197960960989
76561197960960992
76561197960960994
76561197960960995
76561197960960996
76561197960960997
76561197960960999
76561197960961000
76561197960961002
76561197960961004
76561197960961006
76561197960961007
76561197960961010
76561197960961011
76561197960961012
76561197960961013
76561197960961015
76561197960961019
76561197960961023
76561197960961024
76561197960961025
76561197960961027
76561197960961028
76561197960961030
76561197960961031
76561197960961032
76561197960961033
76561197960961034
76561197960961035
76561197960961038
76561197960961039
76561197960961042
76561197960961043
76561197960961044
76561197960961045
76561197960961046
76561197960961049
76561197960961050
76561197960961054
76561197960961055
76561197960961056
76561197960961057
76561197960961058
76561197960961060
76561197960961062
76561197960961063
76561197960961066
76561197960961067
76561197960961068
76561197960961071
76561197960961073
76561197960961076
76561197960961077
76561197960961079
76561197960961080
76561197960961081
76561197960961082
76561197960961083
76561197960961084
76561197960961088
76561197960961089
76561197960961090
76561197960961093
76561197960961094
76561197960961096
76561197960961099
76561197960961100
76561197960961101
76561197960961104
76561197960961107
76561197960961111
76561197960961113
76561197960961114
76561197960961116
76561197960961118
76561197960961121
76561197960961122
76561197960961125
76561197960961129
76561197960961133
76561197960961137
76561197960961143
76561197960961145
76561197960961147
76561197960961150
76561197960961151
76561197960961152
76561197960961153
76561197960961154
76561197960961155
76561197960961156
76561197960961160
76561197960961161
76561197960961164
76561197960961165
76561197960961166
76561197960961173
76561197960961174
76561197960961176
76561197960961177
76561197960961178
76561197960961181
76561197960961184
76561197960961185
76561197960961187
76561197960961188
76561197960961190
76561197960961194
76561197960961197
76561197960961198
76561197960961199
76561197960961200
76561197960961201
76561197960961202
76561197960961203
76561197960961206
76561197960961210
76561197960961211
76561197960961214
76561197960961215
76561197960961218
76561197960961221
76561197960961222
76561197960961225
76561197960961227
76561197960961228
76561197960961229
76561197960961231
76561197960961232
76561197960961234
76561197960961235
76561197960961236
76561197960961238
76561197960961239
76561197960961240
76561197960961242
76561197960961243
76561197960961245
76561197960961246
76561197960961247
76561197960961248
76561197960961249
76561197960961251
76561197960961256
76561197960961257
76561197960961258
76561197960961260
76561197960961261
76561197960961262
76561197960961269
76561197960961271
76561197960961272
76561197960961273
76561197960961274
76561197960961278
76561197960961279
76561197960961280
76561197960961281
76561197960961283
76561197960961289
76561197960961291
76561197960961292
76561197960961295
76561197960961296
76561197960961297
76561197960961298
76561197960961302
76561197960961304
76561197960961305
76561197960961306
76561197960961307
76561197960961309
76561197960961313
76561197960961317
76561197960961319
76561197960961320
76561197960961321
76561197960961322
76561197960961323
76561197960961327
76561197960961328
76561197960961329
76561197960961331
76561197960961333
76561197960961336
76561197960961340
76561197960961343
76561197960961346
76561197960961347
76561197960961350
76561197960961351
76561197960961352
76561197960961353
76561197960961354
76561197960961357
76561197960961359
76561197960961360
76561197960961361
76561197960961363
76561197960961364
76561197960961365
76561197960961368
76561197960961370
76561197960961371
76561197960961372
76561197960961373
76561197960961375
76561197960961376
76561197960961379
76561197960961380
76561197960961381
76561197960961383
76561197960961386
76561197960961388
76561197960961393
76561197960961395
76561197960961396
76561197960961397
76561197960961398
76561197960961400
76561197960961401
76561197960961403
76561197960961405
76561197960961406
76561197960961407
76561197960961409
76561197960961413
76561197960961417
76561197960961418
76561197960961420
76561197960961421
76561197960961422
76561197960961423
76561197960961424
76561197960961428
76561197960961430
76561197960961431
76561197960961432
76561197960961433
76561197960961435
76561197960961441
76561197960961443
76561197960961445
76561197960961446
76561197960961447
76561197960961448
76561197960961450
76561197960961456
76561197960961457
76561197960961458
76561197960961459
76561197960961461
76561197960961463
76561197960961464
76561197960961466
76561197960961468
76561197960961470
76561197960961473
76561197960961480
76561197960961481
76561197960961482
76561197960961485
76561197960961486
76561197960961487
76561197960961490
76561197960961492
76561197960961493
76561197960961495
76561197960961497
76561197960961499
76561197960961500
76561197960961503
76561197960961504
76561197960961505
76561197960961506
76561197960961508
76561197960961509
76561197960961510
76561197960961511
76561197960961512
76561197960961514
76561197960961515
76561197960961517
76561197960961519
76561197960961520
76561197960961522
76561197960961525
76561197960961527
76561197960961528
76561197960961529
76561197960961530
76561197960961531
76561197960961532
76561197960961533
76561197960961536
76561197960961537
76561197960961538
76561197960961539
76561197960961541
76561197960961542
76561197960961543
76561197960961545
76561197960961547
76561197960961549
76561197960961550
76561197960961553
76561197960961554
76561197960961557
76561197960961558
76561197960961559
76561197960961561
76561197960961562
76561197960961563
76561197960961564
76561197960961565
76561197960961566
76561197960961567
76561197960961568
76561197960961569
76561197960961570
76561197960961571
76561197960961572
76561197960961573
76561197960961574
76561197960961575
76561197960961576
76561197960961577
76561197960961579
76561197960961580
76561197960961581
76561197960961582
76561197960961586
76561197960961587
76561197960961588
76561197960961589
76561197960961591
76561197960961592
76561197960961594
76561197960961596
76561197960961597
76561197960961598
76561197960961600
76561197960961601
76561197960961602
76561197960961603
76561197960961604
76561197960961605
76561197960961606
76561197960961607
76561197960961609
76561197960961610
76561197960961611
76561197960961612
76561197960961613
76561197960961614
76561197960961615
76561197960961616
76561197960961617
76561197960961618
76561197960961620
76561197960961621
76561197960961625
76561197960961626
76561197960961627
76561197960961628
76561197960961630
76561197960961631
76561197960961632
76561197960961634
76561197960961635
76561197960961636
76561197960961637
76561197960961640
76561197960961641
76561197960961642
76561197960961643
76561197960961644
76561197960961645
76561197960961646
76561197960961647
76561197960961649
76561197960961650
76561197960961651
76561197960961653
76561197960961654
76561197960961655
76561197960961656
76561197960961657
76561197960961659
76561197960961662
76561197960961663
76561197960961665
76561197960961666
76561197960961667
76561197960961668
76561197960961669
76561197960961671
76561197960961675
76561197960961677
76561197960961680
76561197960961683
76561197960961686
76561197960961688
76561197960961689
76561197960961690
76561197960961692
76561197960961693
76561197960961697
76561197960961698
76561197960961702
76561197960961706
76561197960961707
76561197960961708
76561197960961710
76561197960961711
