76561197960563366
76561197960563367
76561197960563368
76561197960563369
76561197960563370
76561197960563371
76561197960563372
76561197960563373
76561197960563375
76561197960563376
76561197960563378
76561197960563379
76561197960563381
76561197960563383
76561197960563384
76561197960563386
76561197960563387
76561197960563388
76561197960563389
76561197960563390
76561197960563391
76561197960563394
76561197960563395
76561197960563396
76561197960563398
76561197960563399
76561197960563400
76561197960563401
76561197960563402
76561197960563407
76561197960563409
76561197960563410
76561197960563412
76561197960563413
76561197960563414
76561197960563415
76561197960563416
76561197960563418
76561197960563419
76561197960563420
76561197960563422
76561197960563423
76561197960563424
76561197960563426
76561197960563428
76561197960563429
76561197960563430
76561197960563432
76561197960563433
76561197960563434
76561197960563436
76561197960563437
76561197960563438
76561197960563439
76561197960563440
76561197960563441
76561197960563443
76561197960563444
76561197960563445
76561197960563446
76561197960563448
76561197960563449
76561197960563451
76561197960563452
76561197960563453
76561197960563454
76561197960563455
76561197960563456
76561197960563457
76561197960563459
76561197960563460
76561197960563461
76561197960563462
76561197960563463
76561197960563464
76561197960563466
76561197960563469
76561197960563470
76561197960563472
76561197960563473
76561197960563475
76561197960563476
76561197960563477
76561197960563480
76561197960563481
76561197960563485
76561197960563486
76561197960563487
76561197960563488
76561197960563490
76561197960563491
76561197960563492
76561197960563494
76561197960563495
76561197960563496
76561197960563497
76561197960563498
76561197960563499
76561197960563501
76561197960563502
76561197960563503
76561197960563505
76561197960563506
76561197960563507
76561197960563508
76561197960563509
76561197960563510
76561197960563511
76561197960563513
76561197960563515
76561197960563516
76561197960563519
76561197960563521
76561197960563522
76561197960563523
76561197960563524
76561197960563526
76561197960563527
76561197960563528
76561197960563529
76561197960563531
76561197960563532
76561197960563533
76561197960563536
76561197960563537
76561197960563538
76561197960563539
76561197960563541
76561197960563542
76561197960563543
76561197960563545
76561197960563546
76561197960563547
76561197960563548
76561197960563549
76561197960563550
76561197960563552
76561197960563553
76561197960563554
76561197960563556
76561197960563557
76561197960563558
76561197960563559
76561197960563560
76561197960563562
76561197960563563
76561197960563564
76561197960563566
76561197960563568
76561197960563569
76561197960563571
76561197960563572
76561197960563573
76561197960563574
76561197960563578
76561197960563580
76561197960563581
76561197960563582
76561197960563584
76561197960563585
76561197960563586
76561197960563588
76561197960563591
76561197960563592
76561197960563593
76561197960563594
76561197960563597
76561197960563598
76561197960563600
76561197960563601
76561197960563602
76561197960563603
76561197960563605
76561197960563606
76561197960563607
76561197960563608
76561197960563610
76561197960563612
76561197960563613
76561197960563616
76561197960563617
76561197960563618
76561197960563619
76561197960563620
76561197960563623
76561197960563624
76561197960563625
76561197960563626
76561197960563627
76561197960563630
76561197960563631
76561197960563632
76561197960563634
76561197960563637
76561197960563638
76561197960563639
76561197960563640
76561197960563642
76561197960563643
76561197960563644
76561197960563645
76561197960563646
76561197960563647
76561197960563652
76561197960563653
76561197960563654
76561197960563656
76561197960563658
76561197960563659
76561197960563660
76561197960563661
76561197960563662
76561197960563665
76561197960563667
76561197960563668
76561197960563671
76561197960563672
76561197960563673
76561197960563674
76561197960563675
76561197960563676
76561197960563678
76561197960563679
76561197960563680
76561197960563681
76561197960563682
76561197960563683
76561197960563684
76561197960563685
76561197960563686
76561197960563687
76561197960563688
76561197960563690
76561197960563691
76561197960563692
76561197960563693
76561197960563694
76561197960563695
76561197960563697
76561197960563698
76561197960563699
76561197960563702
76561197960563703
76561197960563704
76561197960563706
76561197960563707
76561197960563708
76561197960563709
76561197960563711
76561197960563712
76561197960563713
76561197960563715
76561197960563717
76561197960563718
76561197960563721
76561197960563723
76561197960563725
76561197960563726
76561197960563729
76561197960563730
76561197960563731
76561197960563732
76561197960563733
76561197960563734
76561197960563735
76561197960563736
76561197960563738
76561197960563739
76561197960563740
76561197960563742
76561197960563743
76561197960563744
76561197960563745
76561197960563746
76561197960563747
76561197960563748
76561197960563749
76561197960563750
76561197960563751
76561197960563753
76561197960563755
76561197960563756
76561197960563757
76561197960563758
76561197960563759
76561197960563761
76561197960563762
76561197960563763
76561197960563764
76561197960563765
76561197960563767
76561197960563768
76561197960563772
76561197960563773
76561197960563775
76561197960563776
76561197960563777
76561197960563778
76561197960563781
76561197960563782
76561197960563783
76561197960563784
76561197960563785
76561197960563786
76561197960563789
76561197960563790
76561197960563792
76561197960563794
76561197960563798
76561197960563799
76561197960563800
76561197960563801
76561197960563802
76561197960563803
76561197960563804
76561197960563805
76561197960563806
76561197960563807
76561197960563808
76561197960563810
76561197960563811
76561197960563812
76561197960563813
76561197960563814
76561197960563815
76561197960563816
76561197960563818
76561197960563819
76561197960563820
76561197960563821
76561197960563822
76561197960563823
76561197960563824
76561197960563825
76561197960563826
76561197960563827
76561197960563829
76561197960563830
76561197960563831
76561197960563834
76561197960563836
76561197960563838
76561197960563839
76561197960563840
76561197960563841
76561197960563843
76561197960563844
76561197960563845
76561197960563847
76561197960563849
76561197960563850
76561197960563851
76561197960563852
76561197960563853
76561197960563854
76561197960563856
76561197960563857
76561197960563858
76561197960563859
76561197960563860
76561197960563861
76561197960563862
76561197960563863
76561197960563864
76561197960563865
76561197960563866
76561197960563867
76561197960563868
76561197960563872
76561197960563873
76561197960563874
76561197960563876
76561197960563878
76561197960563879
76561197960563880
76561197960563881
76561197960563882
76561197960563884
76561197960563885
76561197960563886
76561197960563887
76561197960563890
76561197960563891
76561197960563892
76561197960563893
76561197960563894
76561197960563895
76561197960563897
76561197960563898
76561197960563900
76561197960563901
76561197960563902
76561197960563903
76561197960563904
76561197960563906
76561197960563907
76561197960563909
76561197960563910
76561197960563912
76561197960563913
76561197960563914
76561197960563916
76561197960563918
76561197960563920
76561197960563921
76561197960563922
76561197960563926
76561197960563927
76561197960563928
76561197960563929
76561197960563930
76561197960563931
76561197960563932
76561197960563933
76561197960563934
76561197960563935
76561197960563938
76561197960563940
76561197960563941
76561197960563942
76561197960563944
76561197960563947
76561197960563948
76561197960563950
76561197960563952
76561197960563954
76561197960563956
76561197960563958
76561197960563959
76561197960563960
76561197960563961
76561197960563962
76561197960563964
76561197960563965
76561197960563966
76561197960563967
76561197960563968
76561197960563969
76561197960563970
76561197960563972
76561197960563973
76561197960563974
76561197960563975
76561197960563978
76561197960563980
76561197960563981
76561197960563982
76561197960563983
76561197960563984
76561197960563985
76561197960563987
76561197960563988
76561197960563989
76561197960563990
76561197960563991
76561197960563992
76561197960563993
76561197960563994
76561197960563995
76561197960563996
76561197960563997
76561197960564000
76561197960564001
76561197960564002
76561197960564003
76561197960564004
76561197960564006
76561197960564008
76561197960564009
76561197960564010
76561197960564011
76561197960564015
76561197960564016
76561197960564017
76561197960564018
76561197960564020
76561197960564021
76561197960564022
76561197960564025
76561197960564026
76561197960564027
76561197960564031
76561197960564034
76561197960564036
76561197960564037
76561197960564038
76561197960564039
76561197960564043
76561197960564045
76561197960564047
76561197960564048
76561197960564049
76561197960564050
76561197960564052
76561197960564053
76561197960564054
76561197960564055
76561197960564057
76561197960564058
76561197960564060
76561197960564061
76561197960564062
76561197960564063
76561197960564064
76561197960564066
76561197960564067
76561197960564068
76561197960564069
76561197960564070
76561197960564073
76561197960564074
76561197960564076
76561197960564077
76561197960564078
76561197960564079
76561197960564083
76561197960564085
76561197960564086
76561197960564088
76561197960564091
76561197960564092
76561197960564093
76561197960564095
76561197960564096
76561197960564097
76561197960564098
76561197960564099
76561197960564100
76561197960564103
76561197960564105
76561197960564106
76561197960564107
76561197960564108
76561197960564109
76561197960564110
76561197960564111
76561197960564112
76561197960564115
76561197960564117
76561197960564118
76561197960564119
76561197960564120
76561197960564122
76561197960564123
76561197960564124
76561197960564125
76561197960564126
76561197960564128
76561197960564131
76561197960564132
76561197960564133
76561197960564134
76561197960564135
76561197960564136
76561197960564137
76561197960564138
76561197960564139
76561197960564140
76561197960564144
76561197960564145
76561197960564146
76561197960564147
76561197960564148
76561197960564149
76561197960564151
76561197960564152
76561197960564153
76561197960564155
76561197960564157
76561197960564158
76561197960564159
76561197960564160
76561197960564161
76561197960564162
76561197960564164
76561197960564165
76561197960564167
76561197960564168
76561197960564169
76561197960564171
76561197960564172
76561197960564173
76561197960564175
76561197960564177
76561197960564179
76561197960564181
76561197960564182
76561197960564183
76561197960564184
76561197960564185
76561197960564186
76561197960564187
76561197960564188
76561197960564189
76561197960564190
76561197960564191
76561197960564194
76561197960564195
76561197960564196
76561197960564197
76561197960564198
76561197960564200
76561197960564201
76561197960564202
76561197960564203
76561197960564204
76561197960564206
76561197960564207
76561197960564209
76561197960564210
76561197960564211
76561197960564213
76561197960564214
76561197960564215
76561197960564217
76561197960564218
76561197960564220
76561197960564221
76561197960564222
76561197960564223
76561197960564224
76561197960564225
76561197960564226
76561197960564227
76561197960564228
76561197960564229
76561197960564230
76561197960564231
76561197960564233
76561197960564234
76561197960564236
76561197960564237
76561197960564238
76561197960564239
76561197960564240
76561197960564241
76561197960564242
76561197960564243
76561197960564244
76561197960564245
76561197960564246
76561197960564249
76561197960564250
76561197960564251
76561197960564252
76561197960564253
76561197960564254
76561197960564255
76561197960564256
76561197960564257
76561197960564258
76561197960564259
76561197960564260
76561197960564262
76561197960564263
76561197960564264
76561197960564265
76561197960564268
76561197960564269
76561197960564272
76561197960564273
76561197960564274
76561197960564276
76561197960564277
76561197960564278
76561197960564279
76561197960564280
76561197960564281
76561197960564282
76561197960564283
76561197960564284
76561197960564285
76561197960564289
76561197960564291
76561197960564292
76561197960564293
76561197960564294
76561197960564295
76561197960564296
76561197960564297
76561197960564298
76561197960564300
76561197960564301
76561197960564302
76561197960564303
76561197960564305
76561197960564306
76561197960564307
76561197960564308
76561197960564309
76561197960564310
76561197960564312
76561197960564313
76561197960564315
76561197960564316
76561197960564320
76561197960564321
76561197960564322
76561197960564323
76561197960564324
76561197960564325
76561197960564327
76561197960564328
76561197960564330
76561197960564331
76561197960564332
76561197960564333
76561197960564334
76561197960564335
76561197960564338
76561197960564339
76561197960564341
76561197960564342
76561197960564344
76561197960564345
76561197960564346
76561197960564347
76561197960564348
76561197960564349
76561197960564352
76561197960564353
76561197960564354
76561197960564355
76561197960564357
76561197960564358
76561197960564359
76561197960564361
76561197960564362
76561197960564363
76561197960564364
76561197960564365
76561197960564366
76561197960564367
76561197960564368
76561197960564369
76561197960564370
76561197960564371
76561197960564372
76561197960564373
76561197960564374
76561197960564377
76561197960564378
76561197960564379
76561197960564380
76561197960564381
76561197960564382
76561197960564383
76561197960564386
76561197960564387
76561197960564388
76561197960564389
76561197960564390
76561197960564392
76561197960564393
76561197960564394
76561197960564395
76561197960564396
76561197960564397
76561197960564398
76561197960564399
76561197960564400
76561197960564402
76561197960564403
76561197960564404
76561197960564406
76561197960564407
76561197960564408
76561197960564409
76561197960564410
76561197960564413
76561197960564414
76561197960564416
76561197960564417
76561197960564420
76561197960564421
76561197960564422
76561197960564423
76561197960564425
76561197960564427
76561197960564428
76561197960564429
76561197960564430
76561197960564433
76561197960564434
76561197960564435
76561197960564437
76561197960564438
76561197960564439
76561197960564440
76561197960564441
76561197960564442
76561197960564444
76561197960564445
76561197960564446
76561197960564447
76561197960564448
76561197960564449
76561197960564451
76561197960564453
76561197960564456
76561197960564457
76561197960564458
76561197960564460
76561197960564461
76561197960564462
76561197960564463
76561197960564464
76561197960564466
76561197960564467
76561197960564469
76561197960564470
76561197960564472
76561197960564474
76561197960564475
76561197960564476
76561197960564477
76561197960564478
76561197960564479
76561197960564482
76561197960564483
76561197960564484
76561197960564485
76561197960564486
76561197960564488
76561197960564490
76561197960564491
76561197960564492
76561197960564493
76561197960564494
76561197960564495
76561197960564496
76561197960564497
76561197960564498
76561197960564499
76561197960564501
76561197960564502
76561197960564503
76561197960564504
76561197960564505
76561197960564506
76561197960564508
76561197960564510
76561197960564511
76561197960564512
76561197960564513
76561197960564514
76561197960564517
76561197960564519
76561197960564521
76561197960564522
76561197960564523
76561197960564524
76561197960564525
76561197960564527
76561197960564528
76561197960564529
76561197960564530
76561197960564531
76561197960564532
76561197960564533
76561197960564535
76561197960564536
76561197960564537
76561197960564538
76561197960564540
76561197960564541
76561197960564542
76561197960564543
76561197960564544
76561197960564545
76561197960564546
76561197960564547
76561197960564548
76561197960564549
76561197960564550
76561197960564551
76561197960564552
76561197960564554
76561197960564555
76561197960564556
76561197960564557
76561197960564558
76561197960564561
76561197960564563
76561197960564564
76561197960564565
76561197960564567
76561197960564568
76561197960564569
76561197960564570
76561197960564571
76561197960564572
76561197960564573
76561197960564574
76561197960564576
76561197960564578
76561197960564579
76561197960564580
76561197960564582
76561197960564583
76561197960564584
76561197960564585
76561197960564587
76561197960564588
76561197960564589
76561197960564591
76561197960564592
76561197960564593
76561197960564594
76561197960564595
76561197960564596
76561197960564597
76561197960564598
76561197960564599
76561197960564600
76561197960564601
76561197960564602
76561197960564603
76561197960564604
76561197960564605
76561197960564606
76561197960564607
76561197960564608
76561197960564614
76561197960564615
76561197960564616
76561197960564618
76561197960564619
76561197960564621
76561197960564625
76561197960564626
76561197960564627
76561197960564628
76561197960564630
76561197960564631
76561197960564632
76561197960564633
76561197960564634
76561197960564635
76561197960564636
76561197960564637
76561197960564639
76561197960564640
76561197960564641
76561197960564642
76561197960564643
76561197960564644
76561197960564645
76561197960564647
76561197960564648
76561197960564649
76561197960564651
76561197960564653
76561197960564654
76561197960564655
76561197960564656
76561197960564657
76561197960564658
76561197960564660
76561197960564661
76561197960564662
76561197960564663
76561197960564664
76561197960564665
76561197960564666
76561197960564667
76561197960564669
76561197960564672
76561197960564673
76561197960564674
76561197960564675
76561197960564677
76561197960564678
76561197960564680
76561197960564681
76561197960564683
76561197960564686
76561197960564687
76561197960564688
76561197960564689
76561197960564691
76561197960564692
76561197960564693
76561197960564694
76561197960564695
76561197960564699
76561197960564701
76561197960564703
76561197960564704
76561197960564705
76561197960564706
76561197960564707
76561197960564708
76561197960564709
76561197960564710
76561197960564712
76561197960564713
76561197960564714
76561197960564717
76561197960564718
