76561197961344638
76561197961344640
76561197961344641
76561197961344643
76561197961344647
76561197961344648
76561197961344649
76561197961344651
76561197961344654
76561197961344656
76561197961344660
76561197961344662
76561197961344664
76561197961344665
76561197961344666
76561197961344669
76561197961344670
76561197961344677
76561197961344678
76561197961344679
76561197961344682
76561197961344683
76561197961344684
76561197961344685
76561197961344686
76561197961344690
76561197961344693
76561197961344694
76561197961344695
76561197961344696
76561197961344697
76561197961344699
76561197961344700
76561197961344701
76561197961344707
76561197961344708
76561197961344713
76561197961344714
76561197961344716
76561197961344718
76561197961344719
76561197961344721
76561197961344722
76561197961344723
76561197961344724
76561197961344726
76561197961344728
76561197961344731
76561197961344733
76561197961344734
76561197961344736
76561197961344738
76561197961344744
76561197961344747
76561197961344748
76561197961344749
76561197961344751
76561197961344753
76561197961344754
76561197961344755
76561197961344758
76561197961344759
76561197961344760
76561197961344762
76561197961344763
76561197961344765
76561197961344766
76561197961344767
76561197961344768
76561197961344770
76561197961344771
76561197961344772
76561197961344773
76561197961344774
76561197961344775
76561197961344777
76561197961344778
76561197961344779
76561197961344781
76561197961344783
76561197961344784
76561197961344785
76561197961344789
76561197961344790
76561197961344791
76561197961344794
76561197961344796
76561197961344797
76561197961344798
76561197961344799
76561197961344804
76561197961344806
76561197961344807
76561197961344809
76561197961344810
76561197961344811
76561197961344819
76561197961344820
76561197961344822
76561197961344823
76561197961344824
76561197961344825
76561197961344826
76561197961344827
76561197961344828
76561197961344830
76561197961344831
76561197961344833
76561197961344834
76561197961344835
76561197961344836
76561197961344838
76561197961344839
76561197961344840
76561197961344841
76561197961344844
76561197961344846
76561197961344849
76561197961344853
76561197961344854
76561197961344857
76561197961344859
76561197961344863
76561197961344866
76561197961344868
76561197961344871
76561197961344877
76561197961344878
76561197961344879
76561197961344883
76561197961344884
76561197961344886
76561197961344887
76561197961344890
76561197961344892
76561197961344895
76561197961344896
76561197961344899
76561197961344900
76561197961344902
76561197961344904
76561197961344905
76561197961344907
76561197961344908
76561197961344910
76561197961344911
76561197961344912
76561197961344914
76561197961344915
76561197961344916
76561197961344918
76561197961344920
76561197961344921
76561197961344923
76561197961344925
76561197961344926
76561197961344927
76561197961344932
76561197961344933
76561197961344934
76561197961344935
76561197961344936
76561197961344937
76561197961344938
76561197961344939
76561197961344940
76561197961344943
76561197961344947
76561197961344949
76561197961344950
76561197961344951
76561197961344952
76561197961344958
76561197961344960
76561197961344961
76561197961344962
76561197961344963
76561197961344967
76561197961344968
76561197961344970
76561197961344971
76561197961344972
76561197961344973
76561197961344974
76561197961344975
76561197961344976
76561197961344977
76561197961344979
76561197961344980
76561197961344981
76561197961344983
76561197961344984
76561197961344990
76561197961344991
76561197961344992
76561197961344995
76561197961344996
76561197961344999
76561197961345000
76561197961345001
76561197961345002
76561197961345005
76561197961345006
76561197961345007
76561197961345008
76561197961345009
76561197961345011
76561197961345012
76561197961345014
76561197961345015
76561197961345018
76561197961345021
76561197961345022
76561197961345023
76561197961345025
76561197961345026
76561197961345027
76561197961345030
76561197961345035
76561197961345036
76561197961345038
76561197961345040
76561197961345041
76561197961345042
76561197961345044
76561197961345045
76561197961345046
76561197961345050
76561197961345053
76561197961345054
76561197961345056
76561197961345058
76561197961345059
76561197961345060
76561197961345061
76561197961345064
76561197961345065
76561197961345066
76561197961345067
76561197961345069
76561197961345076
76561197961345080
76561197961345083
76561197961345084
76561197961345086
76561197961345087
76561197961345088
76561197961345089
76561197961345090
76561197961345091
76561197961345093
76561197961345094
76561197961345095
76561197961345096
76561197961345097
76561197961345098
76561197961345102
76561197961345106
76561197961345108
76561197961345110
76561197961345113
76561197961345114
76561197961345116
76561197961345117
76561197961345118
76561197961345119
76561197961345122
76561197961345125
76561197961345133
76561197961345134
76561197961345136
76561197961345137
76561197961345140
76561197961345142
76561197961345144
76561197961345146
76561197961345148
76561197961345150
76561197961345152
76561197961345153
76561197961345155
76561197961345156
76561197961345157
76561197961345160
76561197961345161
76561197961345162
76561197961345163
76561197961345168
76561197961345170
76561197961345171
76561197961345173
76561197961345174
76561197961345175
76561197961345176
76561197961345177
76561197961345180
76561197961345181
76561197961345185
76561197961345186
76561197961345189
76561197961345192
76561197961345193
76561197961345194
76561197961345195
76561197961345197
76561197961345200
76561197961345201
76561197961345203
76561197961345204
76561197961345205
76561197961345206
76561197961345207
76561197961345208
76561197961345209
76561197961345211
76561197961345216
76561197961345217
76561197961345218
76561197961345225
76561197961345230
76561197961345231
76561197961345232
76561197961345234
76561197961345236
76561197961345237
76561197961345238
76561197961345240
76561197961345243
76561197961345244
76561197961345245
76561197961345249
76561197961345251
76561197961345252
76561197961345254
76561197961345255
76561197961345256
76561197961345257
76561197961345263
76561197961345271
76561197961345273
76561197961345275
76561197961345277
76561197961345281
76561197961345282
76561197961345283
76561197961345284
76561197961345286
76561197961345288
76561197961345290
76561197961345298
76561197961345300
76561197961345301
76561197961345305
76561197961345306
76561197961345308
76561197961345310
76561197961345311
76561197961345312
76561197961345313
76561197961345314
76561197961345315
76561197961345316
76561197961345318
76561197961345319
76561197961345323
76561197961345324
76561197961345325
76561197961345326
76561197961345328
76561197961345330
76561197961345332
76561197961345333
76561197961345334
76561197961345342
76561197961345344
76561197961345345
76561197961345346
76561197961345349
76561197961345354
76561197961345355
76561197961345358
76561197961345359
76561197961345360
76561197961345361
76561197961345362
76561197961345363
76561197961345364
76561197961345365
76561197961345366
76561197961345368
76561197961345370
76561197961345371
76561197961345372
76561197961345374
76561197961345376
76561197961345379
76561197961345380
76561197961345382
76561197961345383
76561197961345384
76561197961345385
76561197961345392
76561197961345394
76561197961345397
76561197961345399
76561197961345401
76561197961345404
76561197961345405
76561197961345407
76561197961345408
76561197961345410
76561197961345412
76561197961345415
76561197961345418
76561197961345419
76561197961345420
76561197961345421
76561197961345423
76561197961345424
76561197961345428
76561197961345430
76561197961345431
76561197961345432
76561197961345433
76561197961345435
76561197961345437
76561197961345439
76561197961345440
76561197961345442
76561197961345444
76561197961345445
76561197961345446
76561197961345452
76561197961345453
76561197961345456
76561197961345457
76561197961345459
76561197961345461
76561197961345462
76561197961345467
76561197961345468
76561197961345469
76561197961345472
76561197961345473
76561197961345474
76561197961345478
76561197961345479
76561197961345482
76561197961345483
76561197961345484
76561197961345487
76561197961345489
76561197961345492
76561197961345495
76561197961345496
76561197961345499
76561197961345500
76561197961345501
76561197961345507
76561197961345508
76561197961345511
76561197961345512
76561197961345513
76561197961345514
76561197961345515
76561197961345516
76561197961345517
76561197961345518
76561197961345521
76561197961345522
76561197961345523
76561197961345524
76561197961345526
76561197961345530
76561197961345531
76561197961345532
76561197961345533
76561197961345534
76561197961345537
76561197961345541
76561197961345542
76561197961345543
76561197961345545
76561197961345548
76561197961345553
76561197961345555
76561197961345558
76561197961345559
76561197961345562
76561197961345564
76561197961345565
76561197961345566
76561197961345568
76561197961345571
76561197961345578
76561197961345579
76561197961345580
76561197961345583
76561197961345585
76561197961345591
76561197961345593
76561197961345594
76561197961345595
76561197961345598
76561197961345602
76561197961345603
76561197961345605
76561197961345606
76561197961345609
76561197961345610
76561197961345611
76561197961345612
76561197961345613
76561197961345615
76561197961345616
76561197961345619
76561197961345621
76561197961345622
76561197961345624
76561197961345625
76561197961345626
76561197961345628
76561197961345629
76561197961345630
76561197961345631
76561197961345632
76561197961345635
76561197961345636
76561197961345637
76561197961345639
76561197961345643
76561197961345644
76561197961345646
76561197961345647
76561197961345648
76561197961345651
76561197961345654
76561197961345655
76561197961345656
76561197961345657
76561197961345658
76561197961345659
76561197961345661
76561197961345664
76561197961345665
76561197961345666
76561197961345667
76561197961345668
76561197961345669
76561197961345670
76561197961345672
76561197961345673
76561197961345675
76561197961345678
76561197961345680
76561197961345683
76561197961345685
76561197961345686
76561197961345687
76561197961345688
76561197961345689
76561197961345691
76561197961345697
76561197961345699
76561197961345701
76561197961345703
76561197961345704
76561197961345708
76561197961345710
76561197961345711
76561197961345715
76561197961345719
76561197961345720
76561197961345722
76561197961345726
76561197961345727
76561197961345728
76561197961345729
76561197961345730
76561197961345731
76561197961345732
76561197961345737
76561197961345738
76561197961345739
76561197961345743
76561197961345749
76561197961345750
76561197961345751
76561197961345752
76561197961345754
76561197961345759
76561197961345761
76561197961345762
76561197961345763
76561197961345766
76561197961345769
76561197961345771
76561197961345772
76561197961345773
76561197961345775
76561197961345776
76561197961345779
76561197961345780
76561197961345781
76561197961345782
76561197961345784
76561197961345786
76561197961345789
76561197961345790
76561197961345792
76561197961345794
76561197961345798
76561197961345803
76561197961345804
76561197961345805
76561197961345813
76561197961345816
76561197961345818
76561197961345822
76561197961345829
76561197961345830
76561197961345831
76561197961345832
76561197961345833
76561197961345834
76561197961345835
76561197961345840
76561197961345841
76561197961345844
76561197961345845
76561197961345846
76561197961345847
76561197961345850
76561197961345851
76561197961345860
76561197961345861
76561197961345863
76561197961345864
76561197961345865
76561197961345866
76561197961345867
76561197961345868
76561197961345870
76561197961345873
76561197961345877
76561197961345879
76561197961345881
76561197961345882
76561197961345885
76561197961345886
76561197961345889
76561197961345890
76561197961345891
76561197961345893
76561197961345895
76561197961345896
76561197961345900
76561197961345901
76561197961345904
76561197961345906
76561197961345908
76561197961345909
76561197961345910
76561197961345912
76561197961345914
76561197961345915
76561197961345916
76561197961345917
76561197961345922
76561197961345923
76561197961345929
76561197961345930
76561197961345931
76561197961345932
76561197961345933
76561197961345934
76561197961345936
76561197961345938
76561197961345939
76561197961345941
76561197961345942
76561197961345943
76561197961345945
76561197961345946
76561197961345947
76561197961345948
76561197961345949
76561197961345953
76561197961345955
76561197961345956
76561197961345957
76561197961345959
76561197961345960
76561197961345963
76561197961345966
76561197961345969
76561197961345971
76561197961345974
76561197961345977
76561197961345978
76561197961345979
76561197961345980
76561197961345984
76561197961345985
76561197961345986
76561197961345988
76561197961345991
76561197961345993
76561197961345994
76561197961345995
76561197961345996
76561197961345998
76561197961345999
76561197961346000
76561197961346001
76561197961346003
76561197961346007
76561197961346008
76561197961346013
76561197961346014
76561197961346016
76561197961346020
76561197961346021
76561197961346022
76561197961346025
76561197961346026
76561197961346027
76561197961346028
76561197961346029
76561197961346030
76561197961346031
76561197961346033
76561197961346034
76561197961346035
76561197961346036
76561197961346038
76561197961346039
76561197961346045
76561197961346046
76561197961346052
76561197961346055
76561197961346061
76561197961346063
76561197961346067
76561197961346068
76561197961346072
76561197961346074
76561197961346075
76561197961346076
76561197961346078
76561197961346079
76561197961346080
76561197961346081
76561197961346082
76561197961346084
76561197961346085
76561197961346086
76561197961346089
76561197961346090
76561197961346091
76561197961346093
76561197961346095
76561197961346097
76561197961346099
76561197961346100
76561197961346101
76561197961346103
76561197961346104
76561197961346106
76561197961346107
76561197961346110
76561197961346113
76561197961346114
76561197961346116
76561197961346118
76561197961346120
76561197961346122
76561197961346123
76561197961346124
76561197961346126
76561197961346135
76561197961346136
76561197961346137
76561197961346139
76561197961346140
76561197961346142
76561197961346143
76561197961346145
76561197961346150
76561197961346155
76561197961346157
76561197961346158
76561197961346162
76561197961346164
76561197961346166
76561197961346168
76561197961346169
76561197961346170
76561197961346171
76561197961346172
76561197961346173
76561197961346175
76561197961346176
76561197961346180
76561197961346184
76561197961346188
76561197961346189
76561197961346198
76561197961346199
76561197961346201
76561197961346202
76561197961346204
76561197961346207
76561197961346209
76561197961346212
76561197961346213
76561197961346216
76561197961346219
76561197961346221
76561197961346222
76561197961346223
76561197961346224
76561197961346225
76561197961346227
76561197961346228
76561197961346229
76561197961346236
76561197961346237
76561197961346238
76561197961346240
76561197961346241
76561197961346246
76561197961346247
76561197961346248
76561197961346249
76561197961346250
76561197961346251
76561197961346255
76561197961346256
76561197961346258
76561197961346265
76561197961346266
76561197961346267
76561197961346268
76561197961346269
76561197961346270
76561197961346272
76561197961346275
76561197961346276
76561197961346277
76561197961346279
76561197961346280
76561197961346281
76561197961346282
76561197961346283
76561197961346285
76561197961346286
76561197961346287
76561197961346288
76561197961346290
76561197961346292
76561197961346294
76561197961346295
76561197961346296
76561197961346298
76561197961346300
76561197961346301
76561197961346302
76561197961346303
76561197961346304
76561197961346305
76561197961346306
76561197961346309
76561197961346310
76561197961346311
76561197961346313
76561197961346315
76561197961346318
76561197961346319
76561197961346320
76561197961346321
76561197961346322
76561197961346324
76561197961346326
76561197961346328
76561197961346329
76561197961346330
76561197961346331
76561197961346332
76561197961346333
76561197961346335
76561197961346336
76561197961346337
76561197961346348
76561197961346351
76561197961346356
76561197961346358
76561197961346360
76561197961346362
76561197961346363
76561197961346364
76561197961346368
76561197961346373
76561197961346375
76561197961346376
76561197961346378
76561197961346381
76561197961346382
76561197961346386
76561197961346390
76561197961346391
76561197961346392
76561197961346393
76561197961346394
76561197961346395
76561197961346396
76561197961346398
76561197961346399
76561197961346400
76561197961346405
76561197961346406
76561197961346407
76561197961346408
76561197961346411
76561197961346412
76561197961346413
76561197961346414
76561197961346415
76561197961346418
76561197961346423
76561197961346424
76561197961346426
76561197961346427
76561197961346430
76561197961346431
76561197961346433
76561197961346434
76561197961346436
76561197961346438
76561197961346439
76561197961346442
76561197961346444
76561197961346446
76561197961346447
76561197961346449
76561197961346450
76561197961346453
76561197961346454
76561197961346458
76561197961346459
76561197961346460
76561197961346461
76561197961346463
76561197961346464
76561197961346465
76561197961346466
76561197961346467
76561197961346468
76561197961346475
76561197961346476
76561197961346477
76561197961346480
76561197961346481
76561197961346482
76561197961346484
76561197961346486
76561197961346488
76561197961346490
76561197961346492
76561197961346495
76561197961346496
76561197961346498
76561197961346500
76561197961346503
76561197961346505
76561197961346506
76561197961346507
76561197961346509
76561197961346510
76561197961346511
76561197961346512
76561197961346514
76561197961346515
76561197961346516
76561197961346517
76561197961346519
76561197961346520
76561197961346521
76561197961346523
76561197961346524
76561197961346526
76561197961346529
76561197961346531
76561197961346532
76561197961346533
76561197961346534
76561197961346537
76561197961346538
76561197961346539
76561197961346544
