76561197961938514
76561197961938517
76561197961938518
76561197961938521
76561197961938531
76561197961938532
76561197961938533
76561197961938536
76561197961938537
76561197961938539
76561197961938543
76561197961938544
76561197961938545
76561197961938549
76561197961938551
76561197961938552
76561197961938553
76561197961938554
76561197961938560
76561197961938562
76561197961938566
76561197961938567
76561197961938568
76561197961938569
76561197961938570
76561197961938571
76561197961938572
76561197961938574
76561197961938575
76561197961938576
76561197961938577
76561197961938580
76561197961938581
76561197961938585
76561197961938586
76561197961938589
76561197961938590
76561197961938593
76561197961938595
76561197961938596
76561197961938597
76561197961938599
76561197961938600
76561197961938601
76561197961938606
76561197961938607
76561197961938609
76561197961938611
76561197961938612
76561197961938613
76561197961938614
76561197961938617
76561197961938619
76561197961938620
76561197961938621
76561197961938626
76561197961938631
76561197961938633
76561197961938635
76561197961938637
76561197961938639
76561197961938641
76561197961938643
76561197961938644
76561197961938645
76561197961938646
76561197961938647
76561197961938653
76561197961938655
76561197961938660
76561197961938668
76561197961938670
76561197961938674
76561197961938677
76561197961938680
76561197961938683
76561197961938684
76561197961938685
76561197961938686
76561197961938687
76561197961938688
76561197961938691
76561197961938694
76561197961938699
76561197961938701
76561197961938703
76561197961938704
76561197961938705
76561197961938706
76561197961938708
76561197961938710
76561197961938721
76561197961938722
76561197961938728
76561197961938732
76561197961938733
76561197961938737
76561197961938738
76561197961938739
76561197961938741
76561197961938744
76561197961938745
76561197961938748
76561197961938751
76561197961938752
76561197961938758
76561197961938759
76561197961938760
76561197961938761
76561197961938763
76561197961938767
76561197961938771
76561197961938772
76561197961938775
76561197961938777
76561197961938779
76561197961938780
76561197961938781
76561197961938783
76561197961938786
76561197961938787
76561197961938789
76561197961938791
76561197961938792
76561197961938794
76561197961938795
76561197961938800
76561197961938801
76561197961938803
76561197961938804
76561197961938805
76561197961938812
76561197961938816
76561197961938817
76561197961938822
76561197961938823
76561197961938825
76561197961938827
76561197961938829
76561197961938830
76561197961938835
76561197961938836
76561197961938837
76561197961938839
76561197961938840
76561197961938842
76561197961938843
76561197961938845
76561197961938846
76561197961938847
76561197961938848
76561197961938849
76561197961938851
76561197961938855
76561197961938856
76561197961938859
76561197961938861
76561197961938863
76561197961938866
76561197961938867
76561197961938868
76561197961938869
76561197961938872
76561197961938873
76561197961938874
76561197961938875
76561197961938876
76561197961938879
76561197961938880
76561197961938881
76561197961938884
76561197961938885
76561197961938886
76561197961938888
76561197961938890
76561197961938892
76561197961938894
76561197961938896
76561197961938901
76561197961938906
76561197961938907
76561197961938909
76561197961938911
76561197961938913
76561197961938919
76561197961938920
76561197961938924
76561197961938925
76561197961938926
76561197961938928
76561197961938933
76561197961938935
76561197961938944
76561197961938945
76561197961938947
76561197961938949
76561197961938950
76561197961938951
76561197961938953
76561197961938961
76561197961938965
76561197961938966
76561197961938967
76561197961938969
76561197961938973
76561197961938975
76561197961938976
76561197961938978
76561197961938979
76561197961938982
76561197961938983
76561197961938987
76561197961938988
76561197961938995
76561197961938998
76561197961938999
76561197961939004
76561197961939005
76561197961939008
76561197961939010
76561197961939011
76561197961939016
76561197961939017
76561197961939019
76561197961939020
76561197961939023
76561197961939025
76561197961939031
76561197961939035
76561197961939039
76561197961939040
76561197961939044
76561197961939046
76561197961939049
76561197961939051
76561197961939053
76561197961939055
76561197961939056
76561197961939057
76561197961939061
76561197961939063
76561197961939067
76561197961939072
76561197961939073
76561197961939078
76561197961939082
76561197961939083
76561197961939088
76561197961939090
76561197961939091
76561197961939092
76561197961939093
76561197961939094
76561197961939095
76561197961939099
76561197961939102
76561197961939103
76561197961939104
76561197961939106
76561197961939108
76561197961939109
76561197961939121
76561197961939123
76561197961939125
76561197961939126
76561197961939129
76561197961939130
76561197961939131
76561197961939134
76561197961939135
76561197961939137
76561197961939138
76561197961939141
76561197961939143
76561197961939147
76561197961939150
76561197961939155
76561197961939157
76561197961939158
76561197961939163
76561197961939164
76561197961939165
76561197961939169
76561197961939171
76561197961939175
76561197961939176
76561197961939180
76561197961939181
76561197961939183
76561197961939188
76561197961939189
76561197961939193
76561197961939196
76561197961939197
76561197961939199
76561197961939203
76561197961939209
76561197961939211
76561197961939213
76561197961939215
76561197961939216
76561197961939217
76561197961939219
76561197961939220
76561197961939222
76561197961939223
76561197961939226
76561197961939229
76561197961939230
76561197961939235
76561197961939238
76561197961939241
76561197961939243
76561197961939245
76561197961939246
76561197961939249
76561197961939250
76561197961939252
76561197961939253
76561197961939256
76561197961939258
76561197961939261
76561197961939262
76561197961939263
76561197961939265
76561197961939266
76561197961939268
76561197961939274
76561197961939275
76561197961939276
76561197961939277
76561197961939279
76561197961939280
76561197961939284
76561197961939290
76561197961939291
76561197961939293
76561197961939294
76561197961939296
76561197961939300
76561197961939301
76561197961939302
76561197961939305
76561197961939308
76561197961939309
76561197961939313
76561197961939316
76561197961939318
76561197961939319
76561197961939320
76561197961939323
76561197961939326
76561197961939328
76561197961939329
76561197961939330
76561197961939331
76561197961939332
76561197961939333
76561197961939334
76561197961939339
76561197961939343
76561197961939347
76561197961939348
76561197961939351
76561197961939352
76561197961939354
76561197961939356
76561197961939360
76561197961939363
76561197961939367
76561197961939368
76561197961939369
76561197961939372
76561197961939374
76561197961939378
76561197961939379
76561197961939380
76561197961939381
76561197961939382
76561197961939386
76561197961939388
76561197961939390
76561197961939394
76561197961939395
76561197961939401
76561197961939402
76561197961939407
76561197961939408
76561197961939410
76561197961939411
76561197961939414
76561197961939418
76561197961939421
76561197961939423
76561197961939429
76561197961939430
76561197961939433
76561197961939434
76561197961939437
76561197961939440
76561197961939444
76561197961939445
76561197961939448
76561197961939449
76561197961939450
76561197961939453
76561197961939456
76561197961939459
76561197961939460
76561197961939467
76561197961939468
76561197961939472
76561197961939474
76561197961939476
76561197961939477
76561197961939478
76561197961939484
76561197961939485
76561197961939487
76561197961939492
76561197961939494
76561197961939495
76561197961939496
76561197961939499
76561197961939501
76561197961939502
76561197961939503
76561197961939504
76561197961939511
76561197961939512
76561197961939513
76561197961939518
76561197961939521
76561197961939524
76561197961939528
76561197961939531
76561197961939532
76561197961939533
76561197961939536
76561197961939540
76561197961939541
76561197961939542
76561197961939545
76561197961939546
76561197961939548
76561197961939549
76561197961939564
76561197961939566
76561197961939571
76561197961939575
76561197961939578
76561197961939579
76561197961939582
76561197961939585
76561197961939587
76561197961939590
76561197961939591
76561197961939595
76561197961939597
76561197961939598
76561197961939600
76561197961939601
76561197961939603
76561197961939605
76561197961939612
76561197961939615
76561197961939621
76561197961939624
76561197961939625
76561197961939626
76561197961939627
76561197961939631
76561197961939634
76561197961939635
76561197961939636
76561197961939638
76561197961939639
76561197961939641
76561197961939646
76561197961939647
76561197961939649
76561197961939650
76561197961939651
76561197961939656
76561197961939657
76561197961939659
76561197961939660
76561197961939661
76561197961939662
76561197961939663
76561197961939664
76561197961939665
76561197961939666
76561197961939669
76561197961939670
76561197961939672
76561197961939674
76561197961939675
76561197961939678
76561197961939679
76561197961939680
76561197961939682
76561197961939683
76561197961939686
76561197961939694
76561197961939696
76561197961939697
76561197961939698
76561197961939701
76561197961939702
76561197961939703
76561197961939704
76561197961939707
76561197961939709
76561197961939711
76561197961939713
76561197961939714
76561197961939719
76561197961939721
76561197961939722
76561197961939724
76561197961939726
76561197961939728
76561197961939729
76561197961939738
76561197961939741
76561197961939744
76561197961939747
76561197961939748
76561197961939751
76561197961939752
76561197961939755
76561197961939757
76561197961939760
76561197961939763
76561197961939764
76561197961939768
76561197961939770
76561197961939771
76561197961939775
76561197961939777
76561197961939780
76561197961939782
76561197961939789
76561197961939791
76561197961939793
76561197961939795
76561197961939801
76561197961939803
76561197961939805
76561197961939806
76561197961939810
76561197961939812
76561197961939813
76561197961939815
76561197961939820
76561197961939821
76561197961939826
76561197961939827
76561197961939829
76561197961939831
76561197961939832
76561197961939833
76561197961939834
76561197961939835
76561197961939837
76561197961939841
76561197961939842
76561197961939843
76561197961939845
76561197961939856
76561197961939859
76561197961939860
76561197961939864
76561197961939867
76561197961939868
76561197961939869
76561197961939871
76561197961939873
76561197961939875
76561197961939876
76561197961939877
76561197961939881
76561197961939882
76561197961939883
76561197961939884
76561197961939892
76561197961939894
76561197961939895
76561197961939896
76561197961939897
76561197961939899
76561197961939901
76561197961939906
76561197961939907
76561197961939909
76561197961939911
76561197961939915
76561197961939919
76561197961939921
76561197961939924
76561197961939926
76561197961939927
76561197961939928
76561197961939929
76561197961939931
76561197961939932
76561197961939934
76561197961939935
76561197961939936
76561197961939937
76561197961939940
76561197961939943
76561197961939948
76561197961939961
76561197961939964
76561197961939967
76561197961939968
76561197961939971
76561197961939976
76561197961939981
76561197961939987
76561197961939990
76561197961939992
76561197961939994
76561197961939997
76561197961940003
76561197961940005
76561197961940006
76561197961940008
76561197961940010
76561197961940015
76561197961940020
76561197961940023
76561197961940028
76561197961940029
76561197961940031
76561197961940032
76561197961940033
76561197961940034
76561197961940036
76561197961940041
76561197961940044
76561197961940045
76561197961940051
76561197961940052
76561197961940054
76561197961940056
76561197961940058
76561197961940059
76561197961940063
76561197961940064
76561197961940065
76561197961940066
76561197961940067
76561197961940070
76561197961940072
76561197961940073
76561197961940074
76561197961940077
76561197961940080
76561197961940082
76561197961940083
76561197961940085
76561197961940087
76561197961940089
76561197961940090
76561197961940091
76561197961940095
76561197961940098
76561197961940101
76561197961940103
76561197961940108
76561197961940115
76561197961940119
76561197961940120
76561197961940122
76561197961940123
76561197961940125
76561197961940127
76561197961940131
76561197961940132
76561197961940133
76561197961940134
76561197961940138
76561197961940139
76561197961940141
76561197961940142
76561197961940150
76561197961940151
76561197961940155
76561197961940156
76561197961940158
76561197961940159
76561197961940164
76561197961940165
76561197961940168
76561197961940173
76561197961940178
76561197961940180
76561197961940183
76561197961940188
76561197961940192
76561197961940193
76561197961940195
76561197961940197
76561197961940202
76561197961940210
76561197961940212
76561197961940213
76561197961940216
76561197961940217
76561197961940219
76561197961940221
76561197961940224
76561197961940228
76561197961940231
76561197961940232
76561197961940233
76561197961940234
76561197961940235
76561197961940237
76561197961940239
76561197961940243
76561197961940245
76561197961940250
76561197961940253
76561197961940255
76561197961940256
76561197961940258
76561197961940259
76561197961940260
76561197961940261
76561197961940264
76561197961940266
76561197961940267
76561197961940268
76561197961940269
76561197961940270
76561197961940274
76561197961940276
76561197961940278
76561197961940281
76561197961940283
76561197961940284
76561197961940286
76561197961940287
76561197961940290
76561197961940291
76561197961940293
76561197961940294
76561197961940302
76561197961940305
76561197961940308
76561197961940309
76561197961940310
76561197961940311
76561197961940314
76561197961940317
76561197961940318
76561197961940320
76561197961940321
76561197961940326
76561197961940327
76561197961940333
76561197961940334
76561197961940335
76561197961940338
76561197961940344
76561197961940346
76561197961940347
76561197961940350
76561197961940353
76561197961940355
76561197961940358
76561197961940362
76561197961940363
76561197961940365
76561197961940369
76561197961940374
76561197961940377
76561197961940379
76561197961940387
76561197961940390
76561197961940395
76561197961940396
76561197961940397
76561197961940399
76561197961940407
76561197961940409
76561197961940415
76561197961940416
76561197961940417
76561197961940419
76561197961940420
76561197961940423
76561197961940425
76561197961940430
76561197961940435
76561197961940436
76561197961940439
76561197961940440
76561197961940444
76561197961940445
76561197961940446
76561197961940447
76561197961940448
76561197961940450
76561197961940451
76561197961940452
76561197961940453
76561197961940454
76561197961940456
76561197961940457
76561197961940458
76561197961940461
76561197961940464
76561197961940466
76561197961940469
76561197961940470
76561197961940472
76561197961940473
76561197961940475
76561197961940479
76561197961940481
76561197961940483
76561197961940484
76561197961940488
76561197961940489
76561197961940490
76561197961940491
76561197961940492
76561197961940496
76561197961940498
76561197961940500
76561197961940502
76561197961940505
76561197961940506
76561197961940507
76561197961940509
76561197961940511
76561197961940513
76561197961940516
76561197961940518
76561197961940519
76561197961940525
76561197961940527
76561197961940529
76561197961940530
76561197961940536
76561197961940537
76561197961940539
76561197961940540
76561197961940541
76561197961940543
76561197961940544
76561197961940545
76561197961940546
76561197961940548
76561197961940549
76561197961940552
76561197961940557
76561197961940558
76561197961940560
76561197961940564
76561197961940566
76561197961940571
76561197961940573
76561197961940574
76561197961940576
76561197961940584
76561197961940586
76561197961940587
76561197961940588
76561197961940596
76561197961940598
76561197961940601
76561197961940602
76561197961940603
76561197961940604
76561197961940606
76561197961940608
76561197961940610
76561197961940613
76561197961940616
76561197961940621
76561197961940622
76561197961940624
76561197961940625
76561197961940627
76561197961940629
76561197961940631
76561197961940633
76561197961940636
76561197961940643
76561197961940644
76561197961940647
76561197961940650
76561197961940651
76561197961940655
76561197961940657
76561197961940661
76561197961940662
76561197961940664
76561197961940670
76561197961940671
76561197961940674
76561197961940679
76561197961940681
76561197961940683
76561197961940685
76561197961940686
76561197961940690
76561197961940691
76561197961940692
76561197961940693
76561197961940696
76561197961940697
76561197961940698
76561197961940704
76561197961940707
76561197961940708
76561197961940709
76561197961940714
76561197961940717
76561197961940721
76561197961940722
76561197961940724
76561197961940725
76561197961940727
76561197961940730
76561197961940731
76561197961940733
76561197961940734
76561197961940735
76561197961940736
76561197961940742
76561197961940743
76561197961940744
76561197961940745
76561197961940747
76561197961940748
76561197961940749
76561197961940759
76561197961940761
76561197961940763
76561197961940764
76561197961940766
76561197961940773
76561197961940777
76561197961940778
76561197961940779
76561197961940780
76561197961940782
76561197961940783
76561197961940784
76561197961940785
76561197961940786
76561197961940788
76561197961940789
76561197961940791
76561197961940793
76561197961940795
76561197961940796
76561197961940797
76561197961940798
76561197961940800
76561197961940801
76561197961940802
76561197961940803
76561197961940806
76561197961940808
76561197961940809
76561197961940811
76561197961940812
76561197961940813
76561197961940814
76561197961940815
76561197961940817
76561197961940819
76561197961940822
76561197961940825
76561197961940826
76561197961940828
76561197961940830
76561197961940836
76561197961940839
76561197961940842
76561197961940843
76561197961940846
76561197961940856
76561197961940858
76561197961940864
76561197961940866
76561197961940868
76561197961940870
76561197961940872
76561197961940879
76561197961940886
76561197961940887
