76561197960534924
76561197960534925
76561197960534926
76561197960534927
76561197960534928
76561197960534930
76561197960534931
76561197960534932
76561197960534934
76561197960534936
76561197960534938
76561197960534940
76561197960534942
76561197960534944
76561197960534948
76561197960534949
76561197960534950
76561197960534951
76561197960534952
76561197960534954
76561197960534955
76561197960534956
76561197960534957
76561197960534958
76561197960534959
76561197960534960
76561197960534961
76561197960534964
76561197960534967
76561197960534968
76561197960534969
76561197960534971
76561197960534973
76561197960534974
76561197960534975
76561197960534976
76561197960534979
76561197960534981
76561197960534984
76561197960534985
76561197960534986
76561197960534988
76561197960534990
76561197960534991
76561197960534993
76561197960534994
76561197960534995
76561197960534996
76561197960534997
76561197960534998
76561197960534999
76561197960535000
76561197960535002
76561197960535003
76561197960535004
76561197960535005
76561197960535006
76561197960535007
76561197960535008
76561197960535010
76561197960535011
76561197960535012
76561197960535013
76561197960535014
76561197960535016
76561197960535017
76561197960535018
76561197960535019
76561197960535020
76561197960535022
76561197960535023
76561197960535024
76561197960535025
76561197960535028
76561197960535029
76561197960535030
76561197960535034
76561197960535035
76561197960535036
76561197960535037
76561197960535038
76561197960535039
76561197960535041
76561197960535042
76561197960535044
76561197960535045
76561197960535046
76561197960535047
76561197960535048
76561197960535049
76561197960535051
76561197960535053
76561197960535054
76561197960535055
76561197960535056
76561197960535057
76561197960535058
76561197960535060
76561197960535063
76561197960535064
76561197960535065
76561197960535066
76561197960535067
76561197960535068
76561197960535069
76561197960535070
76561197960535071
76561197960535072
76561197960535074
76561197960535076
76561197960535077
76561197960535078
76561197960535079
76561197960535082
76561197960535083
76561197960535085
76561197960535086
76561197960535087
76561197960535088
76561197960535089
76561197960535090
76561197960535091
76561197960535093
76561197960535095
76561197960535096
76561197960535097
76561197960535098
76561197960535099
76561197960535101
76561197960535102
76561197960535103
76561197960535105
76561197960535106
76561197960535107
76561197960535108
76561197960535109
76561197960535112
76561197960535113
76561197960535114
76561197960535115
76561197960535118
76561197960535121
76561197960535122
76561197960535124
76561197960535126
76561197960535127
76561197960535128
76561197960535129
76561197960535130
76561197960535131
76561197960535133
76561197960535134
76561197960535136
76561197960535138
76561197960535139
76561197960535141
76561197960535142
76561197960535143
76561197960535144
76561197960535145
76561197960535147
76561197960535148
76561197960535149
76561197960535151
76561197960535152
76561197960535154
76561197960535156
76561197960535157
76561197960535159
76561197960535160
76561197960535161
76561197960535162
76561197960535163
76561197960535165
76561197960535166
76561197960535167
76561197960535168
76561197960535171
76561197960535172
76561197960535175
76561197960535177
76561197960535179
76561197960535182
76561197960535183
76561197960535184
76561197960535187
76561197960535188
76561197960535190
76561197960535192
76561197960535194
76561197960535198
76561197960535200
76561197960535201
76561197960535202
76561197960535204
76561197960535205
76561197960535207
76561197960535208
76561197960535211
76561197960535212
76561197960535213
76561197960535214
76561197960535215
76561197960535217
76561197960535220
76561197960535224
76561197960535225
76561197960535226
76561197960535227
76561197960535228
76561197960535230
76561197960535231
76561197960535232
76561197960535236
76561197960535237
76561197960535238
76561197960535239
76561197960535240
76561197960535241
76561197960535242
76561197960535243
76561197960535245
76561197960535246
76561197960535247
76561197960535248
76561197960535250
76561197960535251
76561197960535256
76561197960535259
76561197960535261
76561197960535263
76561197960535264
76561197960535265
76561197960535266
76561197960535267
76561197960535268
76561197960535269
76561197960535270
76561197960535271
76561197960535272
76561197960535273
76561197960535274
76561197960535275
76561197960535276
76561197960535277
76561197960535278
76561197960535281
76561197960535282
76561197960535283
76561197960535284
76561197960535286
76561197960535287
76561197960535288
76561197960535290
76561197960535291
76561197960535292
76561197960535293
76561197960535296
76561197960535297
76561197960535299
76561197960535300
76561197960535301
76561197960535302
76561197960535303
76561197960535304
76561197960535305
76561197960535307
76561197960535308
76561197960535310
76561197960535311
76561197960535312
76561197960535313
76561197960535314
76561197960535315
76561197960535316
76561197960535317
76561197960535318
76561197960535319
76561197960535320
76561197960535321
76561197960535322
76561197960535325
76561197960535326
76561197960535328
76561197960535331
76561197960535333
76561197960535334
76561197960535335
76561197960535337
76561197960535338
76561197960535341
76561197960535342
76561197960535343
76561197960535346
76561197960535347
76561197960535348
76561197960535349
76561197960535350
76561197960535354
76561197960535355
76561197960535356
76561197960535357
76561197960535359
76561197960535360
76561197960535361
76561197960535362
76561197960535364
76561197960535367
76561197960535368
76561197960535369
76561197960535370
76561197960535371
76561197960535372
76561197960535374
76561197960535376
76561197960535377
76561197960535378
76561197960535379
76561197960535380
76561197960535382
76561197960535383
76561197960535384
76561197960535385
76561197960535386
76561197960535387
76561197960535388
76561197960535389
76561197960535391
76561197960535392
76561197960535393
76561197960535394
76561197960535395
76561197960535396
76561197960535397
76561197960535398
76561197960535399
76561197960535400
76561197960535402
76561197960535403
76561197960535405
76561197960535406
76561197960535407
76561197960535408
76561197960535409
76561197960535410
76561197960535411
76561197960535412
76561197960535413
76561197960535414
76561197960535416
76561197960535417
76561197960535418
76561197960535420
76561197960535422
76561197960535423
76561197960535424
76561197960535425
76561197960535426
76561197960535427
76561197960535429
76561197960535430
76561197960535433
76561197960535436
76561197960535437
76561197960535438
76561197960535442
76561197960535449
76561197960535450
76561197960535452
76561197960535453
76561197960535454
76561197960535455
76561197960535456
76561197960535458
76561197960535459
76561197960535461
76561197960535463
76561197960535465
76561197960535467
76561197960535468
76561197960535469
76561197960535470
76561197960535471
76561197960535472
76561197960535473
76561197960535474
76561197960535475
76561197960535476
76561197960535477
76561197960535479
76561197960535480
76561197960535481
76561197960535482
76561197960535484
76561197960535486
76561197960535488
76561197960535490
76561197960535491
76561197960535492
76561197960535496
76561197960535497
76561197960535498
76561197960535499
76561197960535500
76561197960535502
76561197960535504
76561197960535505
76561197960535506
76561197960535508
76561197960535509
76561197960535510
76561197960535511
76561197960535514
76561197960535516
76561197960535518
76561197960535520
76561197960535522
76561197960535523
76561197960535524
76561197960535526
76561197960535527
76561197960535529
76561197960535530
76561197960535531
76561197960535532
76561197960535533
76561197960535534
76561197960535536
76561197960535537
76561197960535538
76561197960535539
76561197960535540
76561197960535541
76561197960535542
76561197960535543
76561197960535544
76561197960535545
76561197960535546
76561197960535547
76561197960535548
76561197960535550
76561197960535552
76561197960535554
76561197960535556
76561197960535557
76561197960535558
76561197960535563
76561197960535566
76561197960535567
76561197960535568
76561197960535570
76561197960535571
76561197960535572
76561197960535576
76561197960535577
76561197960535580
76561197960535581
76561197960535582
76561197960535583
76561197960535584
76561197960535585
76561197960535586
76561197960535587
76561197960535588
76561197960535591
76561197960535593
76561197960535594
76561197960535595
76561197960535597
76561197960535599
76561197960535600
76561197960535602
76561197960535604
76561197960535607
76561197960535608
76561197960535609
76561197960535610
76561197960535612
76561197960535613
76561197960535614
76561197960535616
76561197960535618
76561197960535619
76561197960535620
76561197960535622
76561197960535623
76561197960535625
76561197960535626
76561197960535627
76561197960535628
76561197960535629
76561197960535631
76561197960535632
76561197960535633
76561197960535634
76561197960535638
76561197960535639
76561197960535642
76561197960535646
76561197960535647
76561197960535648
76561197960535649
76561197960535650
76561197960535651
76561197960535652
76561197960535653
76561197960535654
76561197960535656
76561197960535659
76561197960535660
76561197960535664
76561197960535667
76561197960535669
76561197960535670
76561197960535673
76561197960535674
76561197960535678
76561197960535679
76561197960535680
76561197960535681
76561197960535682
76561197960535684
76561197960535685
76561197960535688
76561197960535689
76561197960535690
76561197960535691
76561197960535692
76561197960535693
76561197960535694
76561197960535695
76561197960535696
76561197960535699
76561197960535700
76561197960535701
76561197960535702
76561197960535703
76561197960535704
76561197960535706
76561197960535707
76561197960535710
76561197960535711
76561197960535712
76561197960535714
76561197960535715
76561197960535716
76561197960535717
76561197960535718
76561197960535719
76561197960535720
76561197960535722
76561197960535726
76561197960535727
76561197960535730
76561197960535731
76561197960535732
76561197960535733
76561197960535736
76561197960535740
76561197960535741
76561197960535743
76561197960535745
76561197960535746
76561197960535752
76561197960535756
76561197960535757
76561197960535761
76561197960535762
76561197960535763
76561197960535765
76561197960535766
76561197960535767
76561197960535768
76561197960535769
76561197960535770
76561197960535772
76561197960535773
76561197960535774
76561197960535776
76561197960535778
76561197960535779
76561197960535781
76561197960535784
76561197960535785
76561197960535786
76561197960535787
76561197960535788
76561197960535790
76561197960535791
76561197960535792
76561197960535794
76561197960535795
76561197960535796
76561197960535797
76561197960535798
76561197960535799
76561197960535801
76561197960535803
76561197960535804
76561197960535806
76561197960535807
76561197960535808
76561197960535809
76561197960535811
76561197960535812
76561197960535813
76561197960535814
76561197960535815
76561197960535817
76561197960535818
76561197960535820
76561197960535824
76561197960535826
76561197960535827
76561197960535828
76561197960535829
76561197960535831
76561197960535833
76561197960535834
76561197960535835
76561197960535836
76561197960535839
76561197960535840
76561197960535841
76561197960535844
76561197960535845
76561197960535847
76561197960535848
76561197960535849
76561197960535850
76561197960535851
76561197960535852
76561197960535854
76561197960535855
76561197960535857
76561197960535858
76561197960535859
76561197960535860
76561197960535861
76561197960535862
76561197960535864
76561197960535868
76561197960535869
76561197960535870
76561197960535871
76561197960535872
76561197960535875
76561197960535876
76561197960535878
76561197960535880
76561197960535881
76561197960535882
76561197960535884
76561197960535885
76561197960535886
76561197960535889
76561197960535894
76561197960535895
76561197960535896
76561197960535898
76561197960535900
76561197960535902
76561197960535903
76561197960535905
76561197960535906
76561197960535907
76561197960535908
76561197960535909
76561197960535910
76561197960535911
76561197960535913
76561197960535914
76561197960535916
76561197960535917
76561197960535920
76561197960535921
76561197960535922
76561197960535923
76561197960535924
76561197960535926
76561197960535930
76561197960535935
76561197960535937
76561197960535938
76561197960535939
76561197960535942
76561197960535943
76561197960535947
76561197960535949
76561197960535950
76561197960535951
76561197960535953
76561197960535954
76561197960535955
76561197960535957
76561197960535959
76561197960535961
76561197960535962
76561197960535963
76561197960535964
76561197960535965
76561197960535967
76561197960535969
76561197960535971
76561197960535973
76561197960535974
76561197960535977
76561197960535978
76561197960535979
76561197960535980
76561197960535981
76561197960535983
76561197960535984
76561197960535985
76561197960535986
76561197960535987
76561197960535988
76561197960535989
76561197960535990
76561197960535991
76561197960535992
76561197960535993
76561197960535994
76561197960535996
76561197960535997
76561197960535998
76561197960535999
76561197960536000
76561197960536001
76561197960536003
76561197960536005
76561197960536006
76561197960536007
76561197960536008
76561197960536009
76561197960536010
76561197960536011
76561197960536012
76561197960536013
76561197960536014
76561197960536015
76561197960536016
76561197960536017
76561197960536018
76561197960536020
76561197960536021
76561197960536022
76561197960536024
76561197960536029
76561197960536033
76561197960536035
76561197960536039
76561197960536040
76561197960536042
76561197960536044
76561197960536047
76561197960536049
76561197960536050
76561197960536051
76561197960536053
76561197960536054
76561197960536055
76561197960536057
76561197960536058
76561197960536059
76561197960536060
76561197960536061
76561197960536062
76561197960536064
76561197960536066
76561197960536068
76561197960536069
76561197960536071
76561197960536072
76561197960536073
76561197960536076
76561197960536077
76561197960536078
76561197960536079
76561197960536080
76561197960536082
76561197960536083
76561197960536084
76561197960536085
76561197960536086
76561197960536087
76561197960536088
76561197960536090
76561197960536091
76561197960536092
76561197960536093
76561197960536094
76561197960536095
76561197960536096
76561197960536097
76561197960536100
76561197960536106
76561197960536107
76561197960536109
76561197960536110
76561197960536111
76561197960536112
76561197960536115
76561197960536116
76561197960536117
76561197960536118
76561197960536119
76561197960536120
76561197960536121
76561197960536122
76561197960536123
76561197960536125
76561197960536126
76561197960536127
76561197960536129
76561197960536130
76561197960536131
76561197960536132
76561197960536133
76561197960536134
76561197960536136
76561197960536137
76561197960536141
76561197960536142
76561197960536143
76561197960536144
76561197960536146
76561197960536147
76561197960536150
76561197960536151
76561197960536153
76561197960536155
76561197960536157
76561197960536159
76561197960536161
76561197960536162
76561197960536163
76561197960536167
76561197960536170
76561197960536171
76561197960536172
76561197960536173
76561197960536174
76561197960536176
76561197960536179
76561197960536180
76561197960536181
76561197960536182
76561197960536184
76561197960536186
76561197960536188
76561197960536190
76561197960536191
76561197960536193
76561197960536196
76561197960536197
76561197960536198
76561197960536199
76561197960536201
76561197960536203
76561197960536204
76561197960536207
76561197960536211
76561197960536214
76561197960536215
76561197960536216
76561197960536217
76561197960536218
76561197960536219
76561197960536220
76561197960536222
76561197960536225
76561197960536227
76561197960536228
76561197960536229
76561197960536231
76561197960536233
76561197960536235
76561197960536236
76561197960536237
76561197960536239
76561197960536242
76561197960536244
76561197960536245
76561197960536246
76561197960536247
76561197960536248
76561197960536250
76561197960536256
76561197960536258
76561197960536260
76561197960536261
76561197960536263
76561197960536265
76561197960536267
76561197960536268
76561197960536269
76561197960536271
76561197960536272
76561197960536274
76561197960536275
76561197960536279
76561197960536280
76561197960536281
76561197960536282
76561197960536286
76561197960536287
76561197960536288
76561197960536289
76561197960536291
76561197960536293
76561197960536294
76561197960536295
76561197960536297
76561197960536299
76561197960536300
76561197960536303
76561197960536304
76561197960536305
76561197960536306
76561197960536308
76561197960536311
76561197960536313
76561197960536314
76561197960536315
76561197960536317
76561197960536318
76561197960536320
76561197960536322
76561197960536324
76561197960536327
76561197960536329
76561197960536331
76561197960536332
76561197960536333
76561197960536334
76561197960536335
76561197960536336
76561197960536337
76561197960536338
76561197960536341
76561197960536342
76561197960536343
76561197960536344
76561197960536345
76561197960536346
76561197960536347
76561197960536348
76561197960536349
76561197960536351
76561197960536352
76561197960536354
76561197960536355
76561197960536357
76561197960536358
76561197960536359
76561197960536361
76561197960536363
76561197960536364
76561197960536365
76561197960536369
76561197960536371
76561197960536372
76561197960536373
76561197960536374
76561197960536375
76561197960536377
76561197960536378
76561197960536380
76561197960536381
76561197960536382
76561197960536383
76561197960536384
76561197960536385
76561197960536388
76561197960536389
76561197960536390
76561197960536391
76561197960536394
76561197960536395
76561197960536397
76561197960536398
76561197960536402
76561197960536403
76561197960536404
76561197960536407
76561197960536409
76561197960536410
76561197960536411
76561197960536412
76561197960536413
76561197960536414
76561197960536415
76561197960536417
76561197960536418
76561197960536419
76561197960536420
76561197960536421
76561197960536422
76561197960536425
