76561197960951958
76561197960951959
76561197960951960
76561197960951961
76561197960951965
76561197960951966
76561197960951967
76561197960951968
76561197960951969
76561197960951970
76561197960951972
76561197960951973
76561197960951974
76561197960951975
76561197960951976
76561197960951977
76561197960951979
76561197960951980
76561197960951981
76561197960951982
76561197960951983
76561197960951985
76561197960951986
76561197960951987
76561197960951988
76561197960951989
76561197960951990
76561197960951994
76561197960951995
76561197960951997
76561197960951998
76561197960952001
76561197960952003
76561197960952004
76561197960952005
76561197960952007
76561197960952008
76561197960952009
76561197960952010
76561197960952011
76561197960952012
76561197960952013
76561197960952014
76561197960952015
76561197960952016
76561197960952017
76561197960952018
76561197960952020
76561197960952022
76561197960952023
76561197960952024
76561197960952026
76561197960952029
76561197960952032
76561197960952034
76561197960952035
76561197960952037
76561197960952038
76561197960952039
76561197960952040
76561197960952042
76561197960952043
76561197960952045
76561197960952046
76561197960952050
76561197960952053
76561197960952054
76561197960952055
76561197960952057
76561197960952061
76561197960952063
76561197960952064
76561197960952065
76561197960952066
76561197960952067
76561197960952068
76561197960952070
76561197960952071
76561197960952072
76561197960952073
76561197960952074
76561197960952075
76561197960952077
76561197960952078
76561197960952080
76561197960952081
76561197960952082
76561197960952083
76561197960952085
76561197960952087
76561197960952088
76561197960952089
76561197960952090
76561197960952091
76561197960952092
76561197960952093
76561197960952094
76561197960952095
76561197960952096
76561197960952097
76561197960952098
76561197960952099
76561197960952101
76561197960952103
76561197960952104
76561197960952105
76561197960952106
76561197960952107
76561197960952113
76561197960952115
76561197960952116
76561197960952117
76561197960952118
76561197960952121
76561197960952122
76561197960952124
76561197960952125
76561197960952127
76561197960952128
76561197960952130
76561197960952131
76561197960952133
76561197960952134
76561197960952135
76561197960952137
76561197960952138
76561197960952139
76561197960952140
76561197960952141
76561197960952142
76561197960952144
76561197960952145
76561197960952146
76561197960952147
76561197960952148
76561197960952150
76561197960952153
76561197960952154
76561197960952155
76561197960952157
76561197960952158
76561197960952159
76561197960952160
76561197960952161
76561197960952162
76561197960952163
76561197960952164
76561197960952165
76561197960952167
76561197960952168
76561197960952172
76561197960952173
76561197960952175
76561197960952177
76561197960952178
76561197960952179
76561197960952180
76561197960952181
76561197960952182
76561197960952185
76561197960952186
76561197960952187
76561197960952188
76561197960952189
76561197960952190
76561197960952191
76561197960952192
76561197960952193
76561197960952197
76561197960952198
76561197960952199
76561197960952201
76561197960952202
76561197960952203
76561197960952204
76561197960952205
76561197960952207
76561197960952208
76561197960952209
76561197960952210
76561197960952212
76561197960952214
76561197960952215
76561197960952217
76561197960952219
76561197960952221
76561197960952222
76561197960952223
76561197960952225
76561197960952228
76561197960952230
76561197960952231
76561197960952232
76561197960952234
76561197960952237
76561197960952238
76561197960952239
76561197960952241
76561197960952242
76561197960952243
76561197960952245
76561197960952246
76561197960952247
76561197960952248
76561197960952249
76561197960952252
76561197960952253
76561197960952254
76561197960952256
76561197960952259
76561197960952260
76561197960952261
76561197960952262
76561197960952263
76561197960952264
76561197960952265
76561197960952266
76561197960952267
76561197960952269
76561197960952272
76561197960952273
76561197960952275
76561197960952276
76561197960952277
76561197960952278
76561197960952279
76561197960952280
76561197960952281
76561197960952282
76561197960952283
76561197960952284
76561197960952285
76561197960952286
76561197960952287
76561197960952289
76561197960952290
76561197960952291
76561197960952292
76561197960952293
76561197960952294
76561197960952295
76561197960952297
76561197960952298
76561197960952299
76561197960952302
76561197960952304
76561197960952305
76561197960952308
76561197960952309
76561197960952313
76561197960952314
76561197960952315
76561197960952317
76561197960952319
76561197960952320
76561197960952321
76561197960952322
76561197960952323
76561197960952324
76561197960952325
76561197960952326
76561197960952328
76561197960952329
76561197960952331
76561197960952332
76561197960952335
76561197960952336
76561197960952337
76561197960952338
76561197960952341
76561197960952342
76561197960952343
76561197960952344
76561197960952346
76561197960952349
76561197960952351
76561197960952352
76561197960952354
76561197960952355
76561197960952356
76561197960952357
76561197960952359
76561197960952360
76561197960952362
76561197960952363
76561197960952364
76561197960952365
76561197960952369
76561197960952371
76561197960952373
76561197960952374
76561197960952375
76561197960952378
76561197960952379
76561197960952380
76561197960952383
76561197960952384
76561197960952385
76561197960952386
76561197960952387
76561197960952388
76561197960952389
76561197960952392
76561197960952394
76561197960952395
76561197960952397
76561197960952398
76561197960952399
76561197960952400
76561197960952401
76561197960952402
76561197960952403
76561197960952405
76561197960952407
76561197960952408
76561197960952410
76561197960952412
76561197960952413
76561197960952415
76561197960952416
76561197960952417
76561197960952418
76561197960952421
76561197960952423
76561197960952424
76561197960952426
76561197960952427
76561197960952428
76561197960952429
76561197960952431
76561197960952432
76561197960952434
76561197960952435
76561197960952436
76561197960952439
76561197960952444
76561197960952445
76561197960952446
76561197960952448
76561197960952449
76561197960952450
76561197960952451
76561197960952452
76561197960952454
76561197960952455
76561197960952456
76561197960952457
76561197960952458
76561197960952459
76561197960952460
76561197960952461
76561197960952462
76561197960952464
76561197960952465
76561197960952466
76561197960952469
76561197960952471
76561197960952473
76561197960952474
76561197960952475
76561197960952477
76561197960952478
76561197960952479
76561197960952485
76561197960952486
76561197960952487
76561197960952488
76561197960952489
76561197960952490
76561197960952491
76561197960952492
76561197960952493
76561197960952498
76561197960952499
76561197960952502
76561197960952503
76561197960952504
76561197960952507
76561197960952508
76561197960952509
76561197960952510
76561197960952511
76561197960952513
76561197960952514
76561197960952515
76561197960952516
76561197960952517
76561197960952519
76561197960952520
76561197960952523
76561197960952527
76561197960952528
76561197960952529
76561197960952533
76561197960952534
76561197960952536
76561197960952537
76561197960952538
76561197960952539
76561197960952540
76561197960952542
76561197960952544
76561197960952545
76561197960952546
76561197960952547
76561197960952549
76561197960952550
76561197960952551
76561197960952552
76561197960952554
76561197960952557
76561197960952558
76561197960952560
76561197960952561
76561197960952562
76561197960952563
76561197960952565
76561197960952571
76561197960952574
76561197960952577
76561197960952578
76561197960952580
76561197960952584
76561197960952585
76561197960952587
76561197960952588
76561197960952590
76561197960952591
76561197960952592
76561197960952593
76561197960952595
76561197960952596
76561197960952599
76561197960952601
76561197960952603
76561197960952604
76561197960952606
76561197960952607
76561197960952612
76561197960952613
76561197960952617
76561197960952619
76561197960952621
76561197960952622
76561197960952623
76561197960952624
76561197960952627
76561197960952629
76561197960952630
76561197960952633
76561197960952635
76561197960952636
76561197960952638
76561197960952639
76561197960952641
76561197960952642
76561197960952644
76561197960952645
76561197960952648
76561197960952649
76561197960952650
76561197960952651
76561197960952652
76561197960952655
76561197960952657
76561197960952659
76561197960952660
76561197960952664
76561197960952665
76561197960952667
76561197960952669
76561197960952672
76561197960952674
76561197960952675
76561197960952677
76561197960952678
76561197960952679
76561197960952680
76561197960952681
76561197960952682
76561197960952684
76561197960952685
76561197960952688
76561197960952689
76561197960952690
76561197960952691
76561197960952692
76561197960952693
76561197960952695
76561197960952698
76561197960952703
76561197960952705
76561197960952707
76561197960952709
76561197960952710
76561197960952712
76561197960952713
76561197960952715
76561197960952716
76561197960952717
76561197960952718
76561197960952719
76561197960952722
76561197960952724
76561197960952725
76561197960952728
76561197960952729
76561197960952730
76561197960952731
76561197960952732
76561197960952736
76561197960952737
76561197960952739
76561197960952740
76561197960952741
76561197960952743
76561197960952748
76561197960952752
76561197960952753
76561197960952754
76561197960952755
76561197960952757
76561197960952758
76561197960952759
76561197960952760
76561197960952761
76561197960952762
76561197960952767
76561197960952770
76561197960952771
76561197960952773
76561197960952774
76561197960952775
76561197960952777
76561197960952778
76561197960952779
76561197960952780
76561197960952781
76561197960952784
76561197960952785
76561197960952786
76561197960952788
76561197960952789
76561197960952790
76561197960952791
76561197960952792
76561197960952793
76561197960952794
76561197960952797
76561197960952800
76561197960952801
76561197960952802
76561197960952803
76561197960952804
76561197960952805
76561197960952806
76561197960952807
76561197960952809
76561197960952811
76561197960952812
76561197960952813
76561197960952814
76561197960952815
76561197960952817
76561197960952821
76561197960952822
76561197960952824
76561197960952825
76561197960952826
76561197960952827
76561197960952828
76561197960952829
76561197960952831
76561197960952833
76561197960952834
76561197960952835
76561197960952836
76561197960952837
76561197960952839
76561197960952840
76561197960952842
76561197960952843
76561197960952844
76561197960952846
76561197960952848
76561197960952849
76561197960952850
76561197960952853
76561197960952854
76561197960952855
76561197960952856
76561197960952857
76561197960952859
76561197960952861
76561197960952862
76561197960952863
76561197960952864
76561197960952865
76561197960952866
76561197960952869
76561197960952872
76561197960952874
76561197960952876
76561197960952877
76561197960952878
76561197960952879
76561197960952881
76561197960952882
76561197960952883
76561197960952884
76561197960952885
76561197960952888
76561197960952889
76561197960952890
76561197960952891
76561197960952892
76561197960952893
76561197960952894
76561197960952895
76561197960952896
76561197960952897
76561197960952898
76561197960952902
76561197960952903
76561197960952904
76561197960952905
76561197960952907
76561197960952908
76561197960952909
76561197960952910
76561197960952913
76561197960952915
76561197960952918
76561197960952919
76561197960952920
76561197960952921
76561197960952922
76561197960952923
76561197960952924
76561197960952925
76561197960952926
76561197960952927
76561197960952928
76561197960952930
76561197960952932
76561197960952934
76561197960952936
76561197960952937
76561197960952938
76561197960952939
76561197960952941
76561197960952944
76561197960952946
76561197960952947
76561197960952948
76561197960952951
76561197960952952
76561197960952953
76561197960952954
76561197960952955
76561197960952956
76561197960952957
76561197960952958
76561197960952959
76561197960952960
76561197960952962
76561197960952963
76561197960952964
76561197960952965
76561197960952966
76561197960952967
76561197960952968
76561197960952969
76561197960952970
76561197960952972
76561197960952974
76561197960952975
76561197960952977
76561197960952978
76561197960952979
76561197960952980
76561197960952982
76561197960952984
76561197960952985
76561197960952987
76561197960952988
76561197960952990
76561197960952993
76561197960952994
76561197960952996
76561197960952997
76561197960953000
76561197960953002
76561197960953005
76561197960953006
76561197960953007
76561197960953009
76561197960953010
76561197960953011
76561197960953014
76561197960953016
76561197960953017
76561197960953019
76561197960953021
76561197960953023
76561197960953025
76561197960953026
76561197960953027
76561197960953031
76561197960953034
76561197960953035
76561197960953036
76561197960953037
76561197960953038
76561197960953039
76561197960953040
76561197960953041
76561197960953045
76561197960953046
76561197960953047
76561197960953048
76561197960953049
76561197960953050
76561197960953051
76561197960953052
76561197960953053
76561197960953054
76561197960953055
76561197960953056
76561197960953057
76561197960953059
76561197960953060
76561197960953061
76561197960953062
76561197960953063
76561197960953064
76561197960953065
76561197960953066
76561197960953067
76561197960953068
76561197960953069
76561197960953073
76561197960953075
76561197960953077
76561197960953079
76561197960953082
76561197960953084
76561197960953086
76561197960953087
76561197960953088
76561197960953090
76561197960953092
76561197960953093
76561197960953094
76561197960953095
76561197960953097
76561197960953098
76561197960953099
76561197960953101
76561197960953102
76561197960953103
76561197960953104
76561197960953105
76561197960953106
76561197960953107
76561197960953109
76561197960953110
76561197960953112
76561197960953114
76561197960953119
76561197960953121
76561197960953122
76561197960953123
76561197960953125
76561197960953126
76561197960953129
76561197960953130
76561197960953131
76561197960953132
76561197960953133
76561197960953134
76561197960953138
76561197960953139
76561197960953140
76561197960953141
76561197960953142
76561197960953143
76561197960953144
76561197960953146
76561197960953148
76561197960953151
76561197960953152
76561197960953153
76561197960953155
76561197960953156
76561197960953157
76561197960953158
76561197960953159
76561197960953160
76561197960953161
76561197960953162
76561197960953163
76561197960953164
76561197960953165
76561197960953166
76561197960953168
76561197960953170
76561197960953171
76561197960953172
76561197960953173
76561197960953175
76561197960953177
76561197960953178
76561197960953181
76561197960953183
76561197960953184
76561197960953185
76561197960953188
76561197960953190
76561197960953192
76561197960953193
76561197960953194
76561197960953195
76561197960953196
76561197960953197
76561197960953199
76561197960953200
76561197960953201
76561197960953203
76561197960953205
76561197960953206
76561197960953207
76561197960953209
76561197960953211
76561197960953212
76561197960953214
76561197960953216
76561197960953218
76561197960953219
76561197960953220
76561197960953224
76561197960953225
76561197960953226
76561197960953227
76561197960953229
76561197960953232
76561197960953234
76561197960953235
76561197960953239
76561197960953240
76561197960953241
76561197960953242
76561197960953243
76561197960953245
76561197960953246
76561197960953247
76561197960953249
76561197960953250
76561197960953251
76561197960953254
76561197960953255
76561197960953257
76561197960953259
76561197960953260
76561197960953261
76561197960953262
76561197960953264
76561197960953267
76561197960953268
76561197960953270
76561197960953271
76561197960953272
76561197960953273
76561197960953274
76561197960953276
76561197960953277
76561197960953278
76561197960953279
76561197960953281
76561197960953282
76561197960953283
76561197960953284
76561197960953285
76561197960953287
76561197960953288
76561197960953289
76561197960953290
76561197960953291
76561197960953292
76561197960953293
76561197960953297
76561197960953298
76561197960953299
76561197960953300
76561197960953301
76561197960953302
76561197960953305
76561197960953306
76561197960953307
76561197960953308
76561197960953309
76561197960953310
76561197960953311
76561197960953313
76561197960953314
76561197960953315
76561197960953317
76561197960953320
76561197960953321
76561197960953322
76561197960953323
76561197960953324
76561197960953325
76561197960953326
76561197960953328
76561197960953329
76561197960953330
76561197960953331
76561197960953333
76561197960953335
76561197960953336
76561197960953337
76561197960953338
76561197960953340
76561197960953341
76561197960953342
76561197960953343
76561197960953344
76561197960953345
76561197960953347
76561197960953348
76561197960953349
76561197960953351
76561197960953352
76561197960953354
76561197960953355
76561197960953356
76561197960953357
76561197960953358
76561197960953359
76561197960953360
76561197960953363
76561197960953364
76561197960953365
76561197960953367
76561197960953368
76561197960953371
76561197960953372
76561197960953373
76561197960953374
76561197960953377
76561197960953378
76561197960953379
76561197960953380
76561197960953381
76561197960953382
76561197960953384
76561197960953385
76561197960953386
76561197960953387
76561197960953389
76561197960953390
76561197960953391
76561197960953393
76561197960953394
76561197960953395
76561197960953396
76561197960953397
76561197960953398
76561197960953399
76561197960953401
76561197960953405
76561197960953407
76561197960953409
76561197960953411
76561197960953414
76561197960953415
76561197960953416
76561197960953417
76561197960953419
76561197960953420
76561197960953421
76561197960953422
76561197960953423
76561197960953424
76561197960953425
76561197960953426
76561197960953427
76561197960953428
76561197960953431
76561197960953434
76561197960953435
76561197960953438
76561197960953439
76561197960953441
76561197960953442
76561197960953443
76561197960953444
76561197960953446
76561197960953448
