76561197960732251
76561197960732255
76561197960732265
76561197960732266
76561197960732268
76561197960732269
76561197960732270
76561197960732271
76561197960732273
76561197960732274
76561197960732276
76561197960732277
76561197960732278
76561197960732279
76561197960732283
76561197960732286
76561197960732287
76561197960732292
76561197960732294
76561197960732309
76561197960732313
76561197960732321
76561197960732322
76561197960732323
76561197960732325
76561197960732333
76561197960732336
76561197960732341
76561197960732342
76561197960732343
76561197960732353
76561197960732356
76561197960732357
76561197960732359
76561197960732361
76561197960732364
76561197960732365
76561197960732366
76561197960732372
76561197960732374
76561197960732376
76561197960732379
76561197960732381
76561197960732385
76561197960732387
76561197960732388
76561197960732389
76561197960732396
76561197960732397
76561197960732398
76561197960732399
76561197960732400
76561197960732402
76561197960732410
76561197960732411
76561197960732416
76561197960732417
76561197960732423
76561197960732425
76561197960732431
76561197960732432
76561197960732433
76561197960732436
76561197960732437
76561197960732443
76561197960732444
76561197960732445
76561197960732446
76561197960732454
76561197960732455
76561197960732458
76561197960732462
76561197960732463
76561197960732465
76561197960732468
76561197960732474
76561197960732478
76561197960732479
76561197960732480
76561197960732487
76561197960732496
76561197960732499
76561197960732504
76561197960732510
76561197960732512
76561197960732513
76561197960732514
76561197960732515
76561197960732516
76561197960732518
76561197960732520
76561197960732527
76561197960732528
76561197960732534
76561197960732537
76561197960732538
76561197960732540
76561197960732541
76561197960732545
76561197960732549
76561197960732550
76561197960732552
76561197960732554
76561197960732556
76561197960732559
76561197960732560
76561197960732562
76561197960732566
76561197960732567
76561197960732569
76561197960732570
76561197960732574
76561197960732575
76561197960732576
76561197960732577
76561197960732582
76561197960732591
76561197960732593
76561197960732594
76561197960732598
76561197960732600
76561197960732602
76561197960732603
76561197960732604
76561197960732606
76561197960732609
76561197960732615
76561197960732617
76561197960732618
76561197960732622
76561197960732624
76561197960732628
76561197960732629
76561197960732630
76561197960732631
76561197960732634
76561197960732636
76561197960732639
76561197960732641
76561197960732644
76561197960732645
76561197960732646
76561197960732648
76561197960732649
76561197960732651
76561197960732652
76561197960732660
76561197960732664
76561197960732669
76561197960732671
76561197960732673
76561197960732678
76561197960732683
76561197960732685
76561197960732686
76561197960732687
76561197960732690
76561197960732691
76561197960732699
76561197960732701
76561197960732702
76561197960732705
76561197960732706
76561197960732707
76561197960732711
76561197960732712
76561197960732715
76561197960732718
76561197960732723
76561197960732725
76561197960732728
76561197960732730
76561197960732731
76561197960732733
76561197960732738
76561197960732743
76561197960732744
76561197960732745
76561197960732747
76561197960732754
76561197960732756
76561197960732758
76561197960732760
76561197960732762
76561197960732763
76561197960732764
76561197960732766
76561197960732768
76561197960732769
76561197960732771
76561197960732772
76561197960732775
76561197960732787
76561197960732788
76561197960732791
76561197960732792
76561197960732793
76561197960732802
76561197960732804
76561197960732806
76561197960732808
76561197960732811
76561197960732814
76561197960732815
76561197960732816
76561197960732817
76561197960732818
76561197960732824
76561197960732828
76561197960732830
76561197960732831
76561197960732832
76561197960732836
76561197960732837
76561197960732838
76561197960732839
76561197960732842
76561197960732852
76561197960732853
76561197960732854
76561197960732855
76561197960732856
76561197960732858
76561197960732862
76561197960732863
76561197960732866
76561197960732868
76561197960732870
76561197960732871
76561197960732874
76561197960732880
76561197960732882
76561197960732884
76561197960732885
76561197960732886
76561197960732892
76561197960732896
76561197960732901
76561197960732902
76561197960732903
76561197960732910
76561197960732912
76561197960732915
76561197960732918
76561197960732924
76561197960732926
76561197960732928
76561197960732933
76561197960732934
76561197960732935
76561197960732938
76561197960732940
76561197960732941
76561197960732942
76561197960732944
76561197960732946
76561197960732949
76561197960732951
76561197960732958
76561197960732961
76561197960732962
76561197960732966
76561197960732972
76561197960732974
76561197960732981
76561197960732983
76561197960732985
76561197960732987
76561197960732991
76561197960732993
76561197960732995
76561197960732998
76561197960732999
76561197960733000
76561197960733002
76561197960733003
76561197960733004
76561197960733006
76561197960733009
76561197960733010
76561197960733011
76561197960733012
76561197960733015
76561197960733018
76561197960733019
76561197960733022
76561197960733023
76561197960733025
76561197960733027
76561197960733033
76561197960733034
76561197960733035
76561197960733036
76561197960733039
76561197960733043
76561197960733045
76561197960733047
76561197960733049
76561197960733053
76561197960733057
76561197960733059
76561197960733061
76561197960733063
76561197960733064
76561197960733067
76561197960733069
76561197960733070
76561197960733077
76561197960733081
76561197960733084
76561197960733085
76561197960733088
76561197960733094
76561197960733096
76561197960733101
76561197960733102
76561197960733105
76561197960733107
76561197960733109
76561197960733111
76561197960733116
76561197960733128
76561197960733131
76561197960733160
76561197960733175
76561197960733181
76561197960733241
76561197960733246
76561197960733372
76561197960733454
76561197960733455
76561197960733506
76561197960733583
76561197960733588
76561197960733592
76561197960733593
76561197960733596
76561197960733599
76561197960733601
76561197960733603
76561197960733605
76561197960733609
76561197960733611
76561197960733615
76561197960733617
76561197960733618
76561197960733621
76561197960733628
76561197960733629
76561197960733633
76561197960733635
76561197960733636
76561197960733641
76561197960733644
76561197960733645
76561197960733646
76561197960733650
76561197960733651
76561197960733653
76561197960733658
76561197960733660
76561197960733662
76561197960733664
76561197960733666
76561197960733670
76561197960733671
76561197960733673
76561197960733681
76561197960733682
76561197960733686
76561197960733691
76561197960733693
76561197960733695
76561197960733696
76561197960733701
76561197960733708
76561197960733712
76561197960733718
76561197960733720
76561197960733728
76561197960733737
76561197960733738
76561197960733739
76561197960733741
76561197960733748
76561197960733750
76561197960733754
76561197960733755
76561197960733756
76561197960733759
76561197960733760
76561197960733770
76561197960733772
76561197960733773
76561197960733776
76561197960733777
76561197960733780
76561197960733782
76561197960733783
76561197960733789
76561197960733791
76561197960733794
76561197960733795
76561197960733796
76561197960733797
76561197960733800
76561197960733803
76561197960733806
76561197960733807
76561197960733810
76561197960733811
76561197960733813
76561197960733816
76561197960733818
76561197960733824
76561197960733825
76561197960733826
76561197960733828
76561197960733830
76561197960733832
76561197960733837
76561197960733839
76561197960733840
76561197960733848
76561197960733850
76561197960733851
76561197960733854
76561197960733855
76561197960733856
76561197960733857
76561197960733858
76561197960733861
76561197960733863
76561197960733865
76561197960733867
76561197960733870
76561197960733871
76561197960733873
76561197960733874
76561197960733876
76561197960733877
76561197960733885
76561197960733887
76561197960733888
76561197960733889
76561197960733896
76561197960733897
76561197960733899
76561197960733900
76561197960733904
76561197960733906
76561197960733908
76561197960733910
76561197960733912
76561197960733918
76561197960733921
76561197960733926
76561197960733929
76561197960733930
76561197960733931
76561197960733932
76561197960733933
76561197960733934
76561197960733941
76561197960733942
76561197960733946
76561197960733950
76561197960733951
76561197960733960
76561197960733963
76561197960733964
76561197960733967
76561197960733968
76561197960733969
76561197960733977
76561197960733978
76561197960733981
76561197960733983
76561197960733984
76561197960733985
76561197960733989
76561197960733991
76561197960733994
76561197960733995
76561197960733997
76561197960733998
76561197960734002
76561197960734004
76561197960734008
76561197960734010
76561197960734011
76561197960734012
76561197960734014
76561197960734015
76561197960734016
76561197960734021
76561197960734024
76561197960734026
76561197960734027
76561197960734028
76561197960734029
76561197960734032
76561197960734033
76561197960734041
76561197960734042
76561197960734045
76561197960734046
76561197960734047
76561197960734048
76561197960734053
76561197960734054
76561197960734057
76561197960734059
76561197960734062
76561197960734064
76561197960734065
76561197960734066
76561197960734068
76561197960734074
76561197960734076
76561197960734077
76561197960734079
76561197960734083
76561197960734086
76561197960734087
76561197960734088
76561197960734090
76561197960734092
76561197960734098
76561197960734099
76561197960734102
76561197960734106
76561197960734108
76561197960734113
76561197960734117
76561197960734118
76561197960734120
76561197960734121
76561197960734122
76561197960734126
76561197960734130
76561197960734131
76561197960734135
76561197960734136
76561197960734138
76561197960734144
76561197960734145
76561197960734149
76561197960734150
76561197960734154
76561197960734155
76561197960734156
76561197960734159
76561197960734161
76561197960734163
76561197960734164
76561197960734166
76561197960734171
76561197960734174
76561197960734176
76561197960734178
76561197960734186
76561197960734189
76561197960734190
76561197960734192
76561197960734196
76561197960734203
76561197960734207
76561197960734209
76561197960734211
76561197960734214
76561197960734215
76561197960734218
76561197960734226
76561197960734230
76561197960734231
76561197960734232
76561197960734235
76561197960734236
76561197960734237
76561197960734239
76561197960734244
76561197960734246
76561197960734247
76561197960734248
76561197960734250
76561197960734257
76561197960734264
76561197960734268
76561197960734270
76561197960734271
76561197960734272
76561197960734276
76561197960734278
76561197960734281
76561197960734286
76561197960734287
76561197960734289
76561197960734290
76561197960734294
76561197960734296
76561197960734297
76561197960734300
76561197960734305
76561197960734306
76561197960734307
76561197960734310
76561197960734311
76561197960734314
76561197960734315
76561197960734319
76561197960734326
76561197960734333
76561197960734334
76561197960734337
76561197960734338
76561197960734340
76561197960734342
76561197960734346
76561197960734349
76561197960734355
76561197960734356
76561197960734357
76561197960734360
76561197960734362
76561197960734364
76561197960734365
76561197960734366
76561197960734369
76561197960734374
76561197960734377
76561197960734382
76561197960734385
76561197960734389
76561197960734395
76561197960734402
76561197960734407
76561197960734408
76561197960734416
76561197960734419
76561197960734426
76561197960734432
76561197960734434
76561197960734435
76561197960734440
76561197960734442
76561197960734444
76561197960734450
76561197960734451
76561197960734452
76561197960734454
76561197960734455
76561197960734458
76561197960734459
76561197960734470
76561197960734471
76561197960734473
76561197960734477
76561197960734479
76561197960734487
76561197960734492
76561197960734495
76561197960734501
76561197960734503
76561197960734505
76561197960734506
76561197960734508
76561197960734509
76561197960734510
76561197960734515
76561197960734517
76561197960734518
76561197960734520
76561197960734521
76561197960734522
76561197960734527
76561197960734536
76561197960734540
76561197960734543
76561197960734546
76561197960734550
76561197960734553
76561197960734554
76561197960734559
76561197960734561
76561197960734562
76561197960734563
76561197960734565
76561197960734568
76561197960734569
76561197960734571
76561197960734574
76561197960734576
76561197960734577
76561197960734581
76561197960734585
76561197960734587
76561197960734588
76561197960734591
76561197960734592
76561197960734593
76561197960734597
76561197960734598
76561197960734600
76561197960734604
76561197960734605
76561197960734606
76561197960734610
76561197960734613
76561197960734618
76561197960734620
76561197960734622
76561197960734624
76561197960734626
76561197960734627
76561197960734628
76561197960734631
76561197960734633
76561197960734635
76561197960734636
76561197960734638
76561197960734640
76561197960734648
76561197960734652
76561197960734662
76561197960734664
76561197960734666
76561197960734667
76561197960734670
76561197960734671
76561197960734680
76561197960734681
76561197960734687
76561197960734689
76561197960734694
76561197960734696
76561197960734698
76561197960734699
76561197960734704
76561197960734707
76561197960734708
76561197960734710
76561197960734717
76561197960734721
76561197960734722
76561197960734728
76561197960734732
76561197960734735
76561197960734738
76561197960734740
76561197960734744
76561197960734748
76561197960734754
76561197960734757
76561197960734761
76561197960734762
76561197960734763
76561197960734769
76561197960734770
76561197960734772
76561197960734774
76561197960734777
76561197960734781
76561197960734784
76561197960734785
76561197960734788
76561197960734792
76561197960734797
76561197960734799
76561197960734809
76561197960734817
76561197960734826
76561197960734827
76561197960734828
76561197960734830
76561197960734832
76561197960734833
76561197960734834
76561197960734847
76561197960734851
76561197960734862
76561197960734867
76561197960734868
76561197960734871
76561197960734873
76561197960734878
76561197960734879
76561197960734886
76561197960734887
76561197960734888
76561197960734890
76561197960734891
76561197960734898
76561197960734907
76561197960734910
76561197960734916
76561197960734917
76561197960734918
76561197960734920
76561197960734921
76561197960734924
76561197960734931
76561197960734932
76561197960734935
76561197960734936
76561197960734940
76561197960734943
76561197960734944
76561197960734957
76561197960734961
76561197960734962
76561197960734964
76561197960734966
76561197960734968
76561197960734970
76561197960734976
76561197960734979
76561197960734981
76561197960734986
76561197960734991
76561197960734997
76561197960735003
76561197960735005
76561197960735010
76561197960735012
76561197960735013
76561197960735014
76561197960735015
76561197960735019
76561197960735020
76561197960735027
76561197960735030
76561197960735033
76561197960735036
76561197960735038
76561197960735048
76561197960735050
76561197960735051
76561197960735054
76561197960735057
76561197960735058
76561197960735060
76561197960735062
76561197960735063
76561197960735064
76561197960735065
76561197960735067
76561197960735068
76561197960735073
76561197960735076
76561197960735078
76561197960735083
76561197960735084
76561197960735086
76561197960735088
76561197960735090
76561197960735092
76561197960735101
76561197960735102
76561197960735107
76561197960735108
76561197960735109
76561197960735111
76561197960735112
76561197960735114
76561197960735115
76561197960735119
76561197960735126
76561197960735127
76561197960735128
76561197960735130
76561197960735132
76561197960735137
76561197960735139
76561197960735140
76561197960735141
76561197960735147
76561197960735149
76561197960735155
76561197960735157
76561197960735158
76561197960735159
76561197960735161
76561197960735163
76561197960735165
76561197960735167
76561197960735168
76561197960735170
76561197960735172
76561197960735178
76561197960735180
76561197960735183
76561197960735187
76561197960735192
76561197960735194
76561197960735195
76561197960735198
76561197960735202
76561197960735205
76561197960735207
76561197960735215
76561197960735219
76561197960735220
76561197960735227
76561197960735228
76561197960735230
76561197960735233
76561197960735237
76561197960735238
76561197960735243
76561197960735245
76561197960735246
76561197960735248
76561197960735251
76561197960735258
76561197960735260
76561197960735261
76561197960735262
76561197960735265
76561197960735267
76561197960735270
76561197960735271
76561197960735272
76561197960735273
76561197960735274
76561197960735276
76561197960735278
76561197960735279
76561197960735280
76561197960735284
76561197960735286
76561197960735291
76561197960735292
76561197960735293
76561197960735294
76561197960735295
76561197960735296
76561197960735298
76561197960735300
76561197960735301
76561197960735302
76561197960735303
76561197960735304
76561197960735306
76561197960735310
76561197960735314
76561197960735318
76561197960735319
76561197960735320
76561197960735321
76561197960735327
76561197960735328
76561197960735333
76561197960735339
76561197960735340
76561197960735341
76561197960735343
76561197960735345
76561197960735352
76561197960735353
76561197960735354
76561197960735356
76561197960735357
76561197960735359
76561197960735361
76561197960735363
76561197960735368
76561197960735371
76561197960735372
76561197960735380
76561197960735386
76561197960735388
76561197960735392
76561197960735397
76561197960735400
76561197960735401
76561197960735406
76561197960735410
76561197960735420
76561197960735423
76561197960735427
76561197960735428
76561197960735430
76561197960735434
76561197960735435
76561197960735438
76561197960735440
76561197960735441
76561197960735442
76561197960735443
76561197960735446
76561197960735447
76561197960735448
76561197960735449
76561197960735454
76561197960735461
76561197960735466
76561197960735472
76561197960735473
76561197960735474
