76561197960269967
76561197960269968
76561197960269969
76561197960269970
76561197960269971
76561197960269972
76561197960269973
76561197960269974
76561197960269975
76561197960269976
76561197960269977
76561197960269978
76561197960269979
76561197960269980
76561197960269981
76561197960269982
76561197960269983
76561197960269984
76561197960269985
76561197960269986
76561197960269987
76561197960269988
76561197960269990
76561197960269992
76561197960269993
76561197960269994
76561197960269995
76561197960269996
76561197960269997
76561197960269998
76561197960269999
76561197960270000
76561197960270001
76561197960270002
76561197960270003
76561197960270004
76561197960270005
76561197960270006
76561197960270007
76561197960270008
76561197960270009
76561197960270010
76561197960270011
76561197960270012
76561197960270013
76561197960270014
76561197960270015
76561197960270016
76561197960270017
76561197960270018
76561197960270019
76561197960270020
76561197960270021
76561197960270022
76561197960270023
76561197960270024
76561197960270025
76561197960270026
76561197960270027
76561197960270028
76561197960270029
76561197960270030
76561197960270031
76561197960270032
76561197960270033
76561197960270034
76561197960270035
76561197960270036
76561197960270037
76561197960270038
76561197960270039
76561197960270040
76561197960270041
76561197960270042
76561197960270043
76561197960270044
76561197960270045
76561197960270046
76561197960270047
76561197960270048
76561197960270049
76561197960270050
76561197960270051
76561197960270052
76561197960270053
76561197960270054
76561197960270055
76561197960270056
76561197960270057
76561197960270058
76561197960270059
76561197960270060
76561197960270061
76561197960270062
76561197960270063
76561197960270064
76561197960270065
76561197960270066
76561197960270067
76561197960270068
76561197960270069
76561197960270070
76561197960270071
76561197960270072
76561197960270073
76561197960270074
76561197960270075
76561197960270076
76561197960270077
76561197960270078
76561197960270079
76561197960270080
76561197960270081
76561197960270082
76561197960270083
76561197960270084
76561197960270085
76561197960270086
76561197960270087
76561197960270088
76561197960270089
76561197960270090
76561197960270091
76561197960270092
76561197960270093
76561197960270094
76561197960270095
76561197960270096
76561197960270097
76561197960270098
76561197960270099
76561197960270100
76561197960270101
76561197960270102
76561197960270103
76561197960270104
76561197960270105
76561197960270106
76561197960270107
76561197960270108
76561197960270109
76561197960270110
76561197960270111
76561197960270112
76561197960270113
76561197960270114
76561197960270115
76561197960270116
76561197960270117
76561197960270118
76561197960270119
76561197960270120
76561197960270121
76561197960270122
76561197960270123
76561197960270124
76561197960270125
76561197960270126
76561197960270127
76561197960270128
76561197960270129
76561197960270130
76561197960270131
76561197960270132
76561197960270133
76561197960270134
76561197960270135
76561197960270136
76561197960270137
76561197960270138
76561197960270139
76561197960270140
76561197960270141
76561197960270142
76561197960270143
76561197960270144
76561197960270145
76561197960270146
76561197960270147
76561197960270148
76561197960270149
76561197960270150
76561197960270151
76561197960270152
76561197960270153
76561197960270154
76561197960270155
76561197960270156
76561197960270157
76561197960270158
76561197960270159
76561197960270160
76561197960270161
76561197960270162
76561197960270163
76561197960270164
76561197960270165
76561197960270166
76561197960270167
76561197960270168
76561197960270169
76561197960270170
76561197960270171
76561197960270172
76561197960270173
76561197960270174
76561197960270175
76561197960270176
76561197960270177
76561197960270178
76561197960270179
76561197960270180
76561197960270181
76561197960270182
76561197960270183
76561197960270184
76561197960270185
76561197960270186
76561197960270187
76561197960270188
76561197960270189
76561197960270190
76561197960270191
76561197960270192
76561197960270193
76561197960270194
76561197960270195
76561197960270196
76561197960270197
76561197960270198
76561197960270199
76561197960270200
76561197960270201
76561197960270202
76561197960270203
76561197960270205
76561197960270206
76561197960270207
76561197960270208
76561197960270209
76561197960270210
76561197960270211
76561197960270212
76561197960270213
76561197960270214
76561197960270215
76561197960270216
76561197960270217
76561197960270218
76561197960270219
76561197960270220
76561197960270221
76561197960270222
76561197960270223
76561197960270224
76561197960270225
76561197960270226
76561197960270227
76561197960270228
76561197960270229
76561197960270230
76561197960270231
76561197960270232
76561197960270233
76561197960270234
76561197960270235
76561197960270236
76561197960270237
76561197960270238
76561197960270239
76561197960270240
76561197960270241
76561197960270242
76561197960270243
76561197960270244
76561197960270245
76561197960270246
76561197960270247
76561197960270248
76561197960270249
76561197960270250
76561197960270251
76561197960270252
76561197960270253
76561197960270254
76561197960270255
76561197960270256
76561197960270257
76561197960270258
76561197960270259
76561197960270260
76561197960270261
76561197960270262
76561197960270263
76561197960270264
76561197960270265
76561197960270266
76561197960270267
76561197960270268
76561197960270269
76561197960270270
76561197960270271
76561197960270272
76561197960270273
76561197960270274
76561197960270275
76561197960270276
76561197960270277
76561197960270278
76561197960270279
76561197960270280
76561197960270281
76561197960270282
76561197960270283
76561197960270284
76561197960270285
76561197960270286
76561197960270287
76561197960270288
76561197960270289
76561197960270290
76561197960270291
76561197960270292
76561197960270293
76561197960270294
76561197960270295
76561197960270296
76561197960270297
76561197960270298
76561197960270299
76561197960270300
76561197960270301
76561197960270302
76561197960270303
76561197960270304
76561197960270305
76561197960270306
76561197960270307
76561197960270308
76561197960270309
76561197960270310
76561197960270311
76561197960270312
76561197960270313
76561197960270314
76561197960270315
76561197960270316
76561197960270317
76561197960270318
76561197960270319
76561197960270320
76561197960270321
76561197960270322
76561197960270323
76561197960270324
76561197960270325
76561197960270326
76561197960270327
76561197960270328
76561197960270329
76561197960270330
76561197960270331
76561197960270332
76561197960270333
76561197960270334
76561197960270335
76561197960270336
76561197960270337
76561197960270338
76561197960270339
76561197960270340
76561197960270341
76561197960270342
76561197960270343
76561197960270344
76561197960270345
76561197960270346
76561197960270347
76561197960270348
76561197960270349
76561197960270350
76561197960270351
76561197960270352
76561197960270353
76561197960270354
76561197960270355
76561197960270356
76561197960270357
76561197960270358
76561197960270359
76561197960270360
76561197960270361
76561197960270362
76561197960270363
76561197960270364
76561197960270365
76561197960270366
76561197960270367
76561197960270368
76561197960270369
76561197960270370
76561197960270371
76561197960270372
76561197960270373
76561197960270374
76561197960270375
76561197960270376
76561197960270377
76561197960270378
76561197960270379
76561197960270380
76561197960270381
76561197960270382
76561197960270383
76561197960270384
76561197960270385
76561197960270386
76561197960270387
76561197960270388
76561197960270389
76561197960270390
76561197960270391
76561197960270392
76561197960270393
76561197960270394
76561197960270396
76561197960270397
76561197960270398
76561197960270399
76561197960270400
76561197960270401
76561197960270402
76561197960270403
76561197960270404
76561197960270405
76561197960270406
76561197960270407
76561197960270408
76561197960270409
76561197960270410
76561197960270411
76561197960270412
76561197960270413
76561197960270414
76561197960270415
76561197960270416
76561197960270417
76561197960270418
76561197960270419
76561197960270420
76561197960270421
76561197960270422
76561197960270423
76561197960270424
76561197960270425
76561197960270426
76561197960270427
76561197960270428
76561197960270429
76561197960270430
76561197960270431
76561197960270432
76561197960270433
76561197960270434
76561197960270435
76561197960270436
76561197960270437
76561197960270438
76561197960270439
76561197960270440
76561197960270441
76561197960270442
76561197960270443
76561197960270444
76561197960270445
76561197960270446
76561197960270447
76561197960270448
76561197960270449
76561197960270450
76561197960270451
76561197960270452
76561197960270453
76561197960270454
76561197960270455
76561197960270456
76561197960270457
76561197960270458
76561197960270459
76561197960270460
76561197960270461
76561197960270462
76561197960270463
76561197960270464
76561197960270465
76561197960270466
76561197960270467
76561197960270468
76561197960270469
76561197960270470
76561197960270471
76561197960270472
76561197960270473
76561197960270474
76561197960270475
76561197960270476
76561197960270477
76561197960270478
76561197960270479
76561197960270480
76561197960270481
76561197960270483
76561197960270484
76561197960270485
76561197960270489
76561197960270494
76561197960270501
76561197960270524
76561197960270525
76561197960270526
76561197960270527
76561197960270528
76561197960270529
76561197960270530
76561197960270531
76561197960270532
76561197960270533
76561197960270534
76561197960270535
76561197960270536
76561197960270537
76561197960270538
76561197960270539
76561197960270540
76561197960270541
76561197960270542
76561197960270543
76561197960270544
76561197960270545
76561197960270546
76561197960270547
76561197960270548
76561197960270549
76561197960270550
76561197960270551
76561197960270552
76561197960270553
76561197960270554
76561197960270555
76561197960270556
76561197960270557
76561197960270558
76561197960270559
76561197960270560
76561197960270561
76561197960270562
76561197960270563
76561197960270564
76561197960270565
76561197960270566
76561197960270567
76561197960270568
76561197960270570
76561197960270571
76561197960270572
76561197960270573
76561197960270574
76561197960270575
76561197960270576
76561197960270577
76561197960270578
76561197960270579
76561197960270580
76561197960270581
76561197960270582
76561197960270583
76561197960270584
76561197960270585
76561197960270586
76561197960270587
76561197960270588
76561197960270589
76561197960270590
76561197960270591
76561197960270592
76561197960270593
76561197960270594
76561197960270595
76561197960270596
76561197960270597
76561197960270598
76561197960270599
76561197960270600
76561197960270601
76561197960270602
76561197960270603
76561197960270604
76561197960270605
76561197960270606
76561197960270607
76561197960270608
76561197960270609
76561197960270610
76561197960270611
76561197960270612
76561197960270613
76561197960270614
76561197960270615
76561197960270616
76561197960270617
76561197960270618
76561197960270619
76561197960270620
76561197960270621
76561197960270622
76561197960270623
76561197960270624
76561197960270625
76561197960270626
76561197960270627
76561197960270628
76561197960270629
76561197960270630
76561197960270631
76561197960270632
76561197960270633
76561197960270634
76561197960270635
76561197960270638
76561197960270640
76561197960270641
76561197960270642
76561197960270643
76561197960270644
76561197960270645
76561197960270646
76561197960270647
76561197960270648
76561197960270649
76561197960270650
76561197960270651
76561197960270652
76561197960270653
76561197960270654
76561197960270655
76561197960270656
76561197960270657
76561197960270659
76561197960270660
76561197960270661
76561197960270662
76561197960270663
76561197960270664
76561197960270665
76561197960270666
76561197960270667
76561197960270668
76561197960270669
76561197960270671
76561197960270672
76561197960270673
76561197960270674
76561197960270675
76561197960270676
76561197960270677
76561197960270678
76561197960270679
76561197960270680
76561197960270681
76561197960270682
76561197960270683
76561197960270684
76561197960270685
76561197960270686
76561197960270687
76561197960270688
76561197960270689
76561197960270690
76561197960270691
76561197960270692
76561197960270693
76561197960270694
76561197960270695
76561197960270696
76561197960270697
76561197960270698
76561197960270699
76561197960270700
76561197960270701
76561197960270702
76561197960270703
76561197960270704
76561197960270705
76561197960270706
76561197960270707
76561197960270708
76561197960270709
76561197960270710
76561197960270711
76561197960270712
76561197960270713
76561197960270714
76561197960270715
76561197960270716
76561197960270717
76561197960270718
76561197960270719
76561197960270720
76561197960270721
76561197960270722
76561197960270723
76561197960270724
76561197960270725
76561197960270726
76561197960270727
76561197960270728
76561197960270729
76561197960270730
76561197960270731
76561197960270732
76561197960270733
76561197960270734
76561197960270735
76561197960270736
76561197960270737
76561197960270738
76561197960270739
76561197960270740
76561197960270741
76561197960270742
76561197960270743
76561197960270744
76561197960270745
76561197960270746
76561197960270747
76561197960270748
76561197960270749
76561197960270750
76561197960270751
76561197960270752
76561197960270753
76561197960270754
76561197960270755
76561197960270756
76561197960270757
76561197960270758
76561197960270759
76561197960270760
76561197960270761
76561197960270762
76561197960270763
76561197960270764
76561197960270765
76561197960270766
76561197960270767
76561197960270768
76561197960270769
76561197960270770
76561197960270771
76561197960270772
76561197960270773
76561197960270774
76561197960270775
76561197960270776
76561197960270777
76561197960270778
76561197960270779
76561197960270780
76561197960270781
76561197960270782
76561197960270783
76561197960270784
76561197960270785
76561197960270786
76561197960270787
76561197960270788
76561197960270789
76561197960270790
76561197960270791
76561197960270792
76561197960270793
76561197960270794
76561197960270795
76561197960270796
76561197960270797
76561197960270798
76561197960270800
76561197960270801
76561197960270802
76561197960270803
76561197960270804
76561197960270805
76561197960270806
76561197960270807
76561197960270808
76561197960270809
76561197960270810
76561197960270811
76561197960270812
76561197960270813
76561197960270814
76561197960270815
76561197960270816
76561197960270817
76561197960270818
76561197960270819
76561197960270820
76561197960270821
76561197960270822
76561197960270823
76561197960270824
76561197960270825
76561197960270826
76561197960270827
76561197960270828
76561197960270829
76561197960270830
76561197960270831
76561197960270832
76561197960270833
76561197960270834
76561197960270835
76561197960270836
76561197960270837
76561197960270838
76561197960270839
76561197960270840
76561197960270841
76561197960270842
76561197960270843
76561197960270844
76561197960270845
76561197960270846
76561197960270847
76561197960270849
76561197960270850
76561197960270851
76561197960270852
76561197960270853
76561197960270854
76561197960270855
76561197960270856
76561197960270857
76561197960270858
76561197960270859
76561197960270860
76561197960270861
76561197960270862
76561197960270863
76561197960270864
76561197960270865
76561197960270866
76561197960270867
76561197960270868
76561197960270869
76561197960270870
76561197960270871
76561197960270872
76561197960270873
76561197960270875
76561197960270876
76561197960270877
76561197960270878
76561197960270879
76561197960270880
76561197960270881
76561197960270882
76561197960270883
76561197960270884
76561197960270885
76561197960270886
76561197960270887
76561197960270888
76561197960270889
76561197960270890
76561197960270891
76561197960270892
76561197960270893
76561197960270894
76561197960270895
76561197960270896
76561197960270897
76561197960270898
76561197960270899
76561197960270900
76561197960270901
76561197960270902
76561197960270903
76561197960270904
76561197960270905
76561197960270906
76561197960270907
76561197960270908
76561197960270909
76561197960270910
76561197960270911
76561197960270912
76561197960270913
76561197960270914
76561197960270915
76561197960270916
76561197960270917
76561197960270918
76561197960270919
76561197960270920
76561197960270921
76561197960270923
76561197960270924
76561197960270925
76561197960270926
76561197960270927
76561197960270928
76561197960270929
76561197960270930
76561197960270931
76561197960270932
76561197960270933
76561197960270934
76561197960270935
76561197960270936
76561197960270937
76561197960270938
76561197960270939
76561197960270940
76561197960270941
76561197960270942
76561197960270943
76561197960270944
76561197960270945
76561197960270946
76561197960270947
76561197960270948
76561197960270949
76561197960270950
76561197960270951
76561197960270952
76561197960270953
76561197960270954
76561197960270955
76561197960270956
76561197960270957
76561197960270958
76561197960270959
76561197960270960
76561197960270961
76561197960270962
76561197960270963
76561197960270964
76561197960270965
76561197960270966
76561197960270967
76561197960270968
76561197960270969
76561197960270970
76561197960270971
76561197960270972
76561197960270973
76561197960270974
76561197960270975
76561197960270976
76561197960270977
76561197960270978
76561197960270979
76561197960270980
76561197960270981
76561197960270983
76561197960270984
76561197960270985
76561197960270986
76561197960270987
76561197960270988
76561197960270989
76561197960270990
76561197960270991
76561197960270992
76561197960270993
76561197960270994
76561197960270995
76561197960270996
76561197960270998
76561197960270999
76561197960271000
76561197960271001
76561197960271002
76561197960271003
76561197960271004
76561197960271005
76561197960271006
76561197960271007
76561197960271008
76561197960271009
76561197960271011
76561197960271013
76561197960271014
76561197960271015
76561197960271016
76561197960271017
76561197960271018
76561197960271019
76561197960271020
