76561197961116141
76561197961116144
76561197961116145
76561197961116146
76561197961116149
76561197961116150
76561197961116152
76561197961116154
76561197961116155
76561197961116158
76561197961116159
76561197961116161
76561197961116163
76561197961116164
76561197961116167
76561197961116169
76561197961116177
76561197961116178
76561197961116179
76561197961116184
76561197961116185
76561197961116187
76561197961116191
76561197961116193
76561197961116195
76561197961116198
76561197961116199
76561197961116200
76561197961116203
76561197961116204
76561197961116205
76561197961116206
76561197961116207
76561197961116208
76561197961116209
76561197961116211
76561197961116212
76561197961116213
76561197961116214
76561197961116217
76561197961116219
76561197961116220
76561197961116222
76561197961116223
76561197961116224
76561197961116227
76561197961116230
76561197961116233
76561197961116234
76561197961116239
76561197961116241
76561197961116242
76561197961116244
76561197961116250
76561197961116252
76561197961116256
76561197961116257
76561197961116258
76561197961116259
76561197961116260
76561197961116261
76561197961116262
76561197961116263
76561197961116266
76561197961116268
76561197961116269
76561197961116270
76561197961116271
76561197961116272
76561197961116273
76561197961116280
76561197961116281
76561197961116283
76561197961116284
76561197961116285
76561197961116286
76561197961116293
76561197961116294
76561197961116295
76561197961116296
76561197961116297
76561197961116298
76561197961116300
76561197961116301
76561197961116302
76561197961116304
76561197961116305
76561197961116307
76561197961116309
76561197961116311
76561197961116315
76561197961116316
76561197961116317
76561197961116319
76561197961116321
76561197961116324
76561197961116325
76561197961116326
76561197961116327
76561197961116328
76561197961116329
76561197961116331
76561197961116334
76561197961116335
76561197961116336
76561197961116339
76561197961116340
76561197961116341
76561197961116342
76561197961116346
76561197961116347
76561197961116350
76561197961116352
76561197961116353
76561197961116354
76561197961116355
76561197961116357
76561197961116358
76561197961116359
76561197961116360
76561197961116361
76561197961116363
76561197961116364
76561197961116366
76561197961116367
76561197961116368
76561197961116369
76561197961116370
76561197961116372
76561197961116373
76561197961116374
76561197961116376
76561197961116379
76561197961116381
76561197961116383
76561197961116384
76561197961116386
76561197961116387
76561197961116389
76561197961116390
76561197961116391
76561197961116392
76561197961116393
76561197961116396
76561197961116399
76561197961116400
76561197961116401
76561197961116406
76561197961116407
76561197961116410
76561197961116412
76561197961116413
76561197961116414
76561197961116415
76561197961116416
76561197961116417
76561197961116418
76561197961116420
76561197961116423
76561197961116426
76561197961116427
76561197961116428
76561197961116431
76561197961116432
76561197961116433
76561197961116434
76561197961116435
76561197961116437
76561197961116439
76561197961116440
76561197961116442
76561197961116443
76561197961116444
76561197961116446
76561197961116448
76561197961116450
76561197961116453
76561197961116454
76561197961116457
76561197961116461
76561197961116463
76561197961116464
76561197961116465
76561197961116466
76561197961116468
76561197961116469
76561197961116470
76561197961116472
76561197961116474
76561197961116477
76561197961116481
76561197961116484
76561197961116485
76561197961116488
76561197961116490
76561197961116491
76561197961116493
76561197961116495
76561197961116496
76561197961116497
76561197961116500
76561197961116501
76561197961116508
76561197961116509
76561197961116511
76561197961116513
76561197961116514
76561197961116515
76561197961116516
76561197961116517
76561197961116518
76561197961116519
76561197961116520
76561197961116521
76561197961116522
76561197961116525
76561197961116528
76561197961116531
76561197961116535
76561197961116536
76561197961116537
76561197961116538
76561197961116539
76561197961116540
76561197961116546
76561197961116548
76561197961116549
76561197961116550
76561197961116551
76561197961116552
76561197961116554
76561197961116557
76561197961116558
76561197961116559
76561197961116560
76561197961116562
76561197961116566
76561197961116567
76561197961116570
76561197961116571
76561197961116573
76561197961116574
76561197961116575
76561197961116576
76561197961116577
76561197961116580
76561197961116581
76561197961116582
76561197961116584
76561197961116585
76561197961116587
76561197961116592
76561197961116594
76561197961116595
76561197961116599
76561197961116600
76561197961116601
76561197961116602
76561197961116603
76561197961116606
76561197961116607
76561197961116608
76561197961116609
76561197961116610
76561197961116611
76561197961116612
76561197961116613
76561197961116615
76561197961116617
76561197961116618
76561197961116619
76561197961116622
76561197961116624
76561197961116625
76561197961116628
76561197961116630
76561197961116632
76561197961116633
76561197961116634
76561197961116639
76561197961116642
76561197961116643
76561197961116644
76561197961116651
76561197961116652
76561197961116654
76561197961116659
76561197961116662
76561197961116663
76561197961116665
76561197961116669
76561197961116670
76561197961116671
76561197961116672
76561197961116674
76561197961116680
76561197961116681
76561197961116683
76561197961116684
76561197961116685
76561197961116686
76561197961116688
76561197961116690
76561197961116691
76561197961116693
76561197961116701
76561197961116702
76561197961116704
76561197961116705
76561197961116706
76561197961116708
76561197961116710
76561197961116711
76561197961116712
76561197961116713
76561197961116716
76561197961116717
76561197961116720
76561197961116722
76561197961116723
76561197961116725
76561197961116726
76561197961116727
76561197961116729
76561197961116733
76561197961116734
76561197961116735
76561197961116738
76561197961116740
76561197961116741
76561197961116742
76561197961116743
76561197961116744
76561197961116745
76561197961116748
76561197961116750
76561197961116751
76561197961116752
76561197961116753
76561197961116756
76561197961116758
76561197961116759
76561197961116763
76561197961116767
76561197961116769
76561197961116772
76561197961116774
76561197961116776
76561197961116778
76561197961116780
76561197961116782
76561197961116783
76561197961116784
76561197961116785
76561197961116787
76561197961116789
76561197961116790
76561197961116791
76561197961116794
76561197961116795
76561197961116796
76561197961116797
76561197961116798
76561197961116799
76561197961116800
76561197961116801
76561197961116804
76561197961116806
76561197961116808
76561197961116809
76561197961116810
76561197961116812
76561197961116813
76561197961116815
76561197961116818
76561197961116819
76561197961116821
76561197961116823
76561197961116824
76561197961116828
76561197961116829
76561197961116830
76561197961116831
76561197961116832
76561197961116834
76561197961116836
76561197961116839
76561197961116843
76561197961116844
76561197961116846
76561197961116852
76561197961116857
76561197961116858
76561197961116862
76561197961116864
76561197961116867
76561197961116870
76561197961116874
76561197961116875
76561197961116876
76561197961116880
76561197961116881
76561197961116882
76561197961116883
76561197961116884
76561197961116886
76561197961116894
76561197961116895
76561197961116898
76561197961116901
76561197961116903
76561197961116906
76561197961116908
76561197961116911
76561197961116912
76561197961116916
76561197961116919
76561197961116920
76561197961116921
76561197961116922
76561197961116927
76561197961116932
76561197961116933
76561197961116934
76561197961116937
76561197961116939
76561197961116941
76561197961116943
76561197961116944
76561197961116945
76561197961116951
76561197961116952
76561197961116953
76561197961116954
76561197961116955
76561197961116958
76561197961116960
76561197961116961
76561197961116964
76561197961116967
76561197961116969
76561197961116970
76561197961116972
76561197961116973
76561197961116974
76561197961116976
76561197961116979
76561197961116981
76561197961116982
76561197961116983
76561197961116986
76561197961116988
76561197961116991
76561197961116992
76561197961116993
76561197961116995
76561197961116996
76561197961116997
76561197961116999
76561197961117001
76561197961117003
76561197961117004
76561197961117007
76561197961117008
76561197961117009
76561197961117012
76561197961117013
76561197961117015
76561197961117016
76561197961117017
76561197961117018
76561197961117020
76561197961117022
76561197961117023
76561197961117024
76561197961117027
76561197961117028
76561197961117029
76561197961117032
76561197961117036
76561197961117040
76561197961117042
76561197961117044
76561197961117045
76561197961117046
76561197961117048
76561197961117051
76561197961117052
76561197961117053
76561197961117054
76561197961117055
76561197961117056
76561197961117059
76561197961117060
76561197961117061
76561197961117062
76561197961117065
76561197961117068
76561197961117069
76561197961117071
76561197961117072
76561197961117073
76561197961117074
76561197961117075
76561197961117077
76561197961117078
76561197961117085
76561197961117086
76561197961117087
76561197961117092
76561197961117093
76561197961117094
76561197961117095
76561197961117096
76561197961117097
76561197961117098
76561197961117099
76561197961117102
76561197961117103
76561197961117104
76561197961117106
76561197961117108
76561197961117113
76561197961117115
76561197961117117
76561197961117119
76561197961117121
76561197961117123
76561197961117128
76561197961117130
76561197961117132
76561197961117134
76561197961117135
76561197961117138
76561197961117139
76561197961117140
76561197961117141
76561197961117142
76561197961117143
76561197961117147
76561197961117149
76561197961117153
76561197961117156
76561197961117158
76561197961117160
76561197961117164
76561197961117165
76561197961117166
76561197961117169
76561197961117170
76561197961117173
76561197961117177
76561197961117180
76561197961117182
76561197961117184
76561197961117187
76561197961117188
76561197961117189
76561197961117192
76561197961117195
76561197961117196
76561197961117197
76561197961117198
76561197961117199
76561197961117201
76561197961117204
76561197961117210
76561197961117211
76561197961117212
76561197961117214
76561197961117215
76561197961117216
76561197961117218
76561197961117221
76561197961117222
76561197961117223
76561197961117224
76561197961117226
76561197961117227
76561197961117228
76561197961117231
76561197961117233
76561197961117235
76561197961117239
76561197961117240
76561197961117241
76561197961117244
76561197961117247
76561197961117255
76561197961117256
76561197961117258
76561197961117259
76561197961117261
76561197961117262
76561197961117264
76561197961117265
76561197961117266
76561197961117267
76561197961117269
76561197961117270
76561197961117271
76561197961117272
76561197961117273
76561197961117276
76561197961117277
76561197961117279
76561197961117280
76561197961117282
76561197961117284
76561197961117288
76561197961117289
76561197961117291
76561197961117295
76561197961117296
76561197961117297
76561197961117298
76561197961117299
76561197961117300
76561197961117302
76561197961117303
76561197961117305
76561197961117306
76561197961117307
76561197961117308
76561197961117309
76561197961117310
76561197961117314
76561197961117316
76561197961117318
76561197961117319
76561197961117322
76561197961117325
76561197961117328
76561197961117329
76561197961117330
76561197961117334
76561197961117335
76561197961117337
76561197961117339
76561197961117340
76561197961117341
76561197961117342
76561197961117343
76561197961117345
76561197961117346
76561197961117347
76561197961117350
76561197961117352
76561197961117353
76561197961117354
76561197961117355
76561197961117356
76561197961117358
76561197961117359
76561197961117360
76561197961117361
76561197961117365
76561197961117368
76561197961117369
76561197961117370
76561197961117372
76561197961117373
76561197961117375
76561197961117377
76561197961117379
76561197961117381
76561197961117382
76561197961117383
76561197961117385
76561197961117386
76561197961117389
76561197961117390
76561197961117391
76561197961117392
76561197961117393
76561197961117395
76561197961117399
76561197961117400
76561197961117402
76561197961117404
76561197961117405
76561197961117407
76561197961117408
76561197961117409
76561197961117410
76561197961117415
76561197961117417
76561197961117420
76561197961117421
76561197961117423
76561197961117427
76561197961117429
76561197961117430
76561197961117441
76561197961117446
76561197961117448
76561197961117449
76561197961117451
76561197961117453
76561197961117454
76561197961117455
76561197961117456
76561197961117457
76561197961117458
76561197961117461
76561197961117464
76561197961117467
76561197961117469
76561197961117470
76561197961117471
76561197961117477
76561197961117478
76561197961117480
76561197961117482
76561197961117483
76561197961117486
76561197961117488
76561197961117489
76561197961117490
76561197961117491
76561197961117493
76561197961117494
76561197961117498
76561197961117499
76561197961117500
76561197961117501
76561197961117502
76561197961117503
76561197961117504
76561197961117505
76561197961117506
76561197961117508
76561197961117511
76561197961117512
76561197961117514
76561197961117517
76561197961117518
76561197961117520
76561197961117523
76561197961117526
76561197961117528
76561197961117531
76561197961117532
76561197961117537
76561197961117539
76561197961117540
76561197961117541
76561197961117542
76561197961117543
76561197961117544
76561197961117547
76561197961117548
76561197961117552
76561197961117553
76561197961117557
76561197961117559
76561197961117560
76561197961117561
76561197961117562
76561197961117563
76561197961117564
76561197961117566
76561197961117567
76561197961117569
76561197961117571
76561197961117572
76561197961117573
76561197961117576
76561197961117577
76561197961117578
76561197961117579
76561197961117580
76561197961117581
76561197961117582
76561197961117584
76561197961117585
76561197961117586
76561197961117587
76561197961117588
76561197961117591
76561197961117593
76561197961117597
76561197961117598
76561197961117600
76561197961117601
76561197961117602
76561197961117606
76561197961117611
76561197961117613
76561197961117618
76561197961117620
76561197961117622
76561197961117623
76561197961117624
76561197961117629
76561197961117630
76561197961117632
76561197961117633
76561197961117636
76561197961117639
76561197961117640
76561197961117641
76561197961117642
76561197961117645
76561197961117646
76561197961117649
76561197961117650
76561197961117651
76561197961117652
76561197961117653
76561197961117654
76561197961117656
76561197961117657
76561197961117659
76561197961117660
76561197961117661
76561197961117662
76561197961117663
76561197961117664
76561197961117665
76561197961117670
76561197961117671
76561197961117674
76561197961117675
76561197961117677
76561197961117678
76561197961117680
76561197961117684
76561197961117685
76561197961117686
76561197961117688
76561197961117689
76561197961117692
76561197961117695
76561197961117698
76561197961117701
76561197961117702
76561197961117703
76561197961117704
76561197961117707
76561197961117708
76561197961117709
76561197961117711
76561197961117712
76561197961117715
76561197961117718
76561197961117720
76561197961117724
76561197961117726
76561197961117730
76561197961117732
76561197961117733
76561197961117736
76561197961117737
76561197961117738
76561197961117739
76561197961117742
76561197961117743
76561197961117747
76561197961117748
76561197961117749
76561197961117750
76561197961117751
76561197961117752
76561197961117754
76561197961117755
76561197961117756
76561197961117760
76561197961117764
76561197961117765
76561197961117766
76561197961117769
76561197961117771
76561197961117772
76561197961117773
76561197961117777
76561197961117780
76561197961117782
76561197961117784
76561197961117785
76561197961117789
76561197961117794
76561197961117796
76561197961117798
76561197961117799
76561197961117800
76561197961117801
76561197961117802
76561197961117804
76561197961117806
76561197961117807
76561197961117809
76561197961117810
76561197961117811
76561197961117813
76561197961117815
76561197961117817
76561197961117820
76561197961117824
76561197961117829
76561197961117831
76561197961117832
76561197961117833
76561197961117835
76561197961117836
76561197961117838
76561197961117840
76561197961117842
76561197961117844
76561197961117846
76561197961117848
76561197961117850
76561197961117852
76561197961117853
76561197961117854
76561197961117855
76561197961117857
76561197961117858
76561197961117862
76561197961117864
76561197961117865
76561197961117866
76561197961117867
76561197961117868
76561197961117869
76561197961117872
76561197961117873
76561197961117874
76561197961117876
76561197961117879
76561197961117881
76561197961117882
76561197961117885
76561197961117886
76561197961117888
76561197961117889
76561197961117892
76561197961117894
76561197961117896
76561197961117899
76561197961117900
76561197961117901
76561197961117902
76561197961117903
76561197961117905
76561197961117906
76561197961117909
76561197961117916
76561197961117918
76561197961117919
76561197961117924
76561197961117925
76561197961117926
76561197961117927
76561197961117928
76561197961117929
76561197961117932
76561197961117933
76561197961117934
76561197961117935
76561197961117937
76561197961117938
76561197961117941
76561197961117942
76561197961117944
76561197961117947
76561197961117949
76561197961117950
76561197961117955
76561197961117956
76561197961117957
76561197961117958
76561197961117960
76561197961117962
76561197961117963
76561197961117964
76561197961117965
76561197961117968
76561197961117969
76561197961117970
76561197961117972
76561197961117978
76561197961117979
76561197961117980
76561197961117982
76561197961117984
76561197961117985
76561197961117989
76561197961117990
76561197961117991
76561197961117993
76561197961117994
76561197961117996
76561197961117999
76561197961118001
76561197961118003
76561197961118005
76561197961118007
76561197961118008
76561197961118009
