76561197960942127
76561197960942128
76561197960942129
76561197960942130
76561197960942131
76561197960942133
76561197960942134
76561197960942135
76561197960942136
76561197960942137
76561197960942139
76561197960942140
76561197960942141
76561197960942143
76561197960942146
76561197960942147
76561197960942151
76561197960942152
76561197960942153
76561197960942154
76561197960942156
76561197960942157
76561197960942158
76561197960942159
76561197960942160
76561197960942161
76561197960942162
76561197960942163
76561197960942164
76561197960942165
76561197960942166
76561197960942168
76561197960942169
76561197960942171
76561197960942172
76561197960942173
76561197960942174
76561197960942175
76561197960942176
76561197960942177
76561197960942178
76561197960942180
76561197960942181
76561197960942182
76561197960942183
76561197960942184
76561197960942185
76561197960942186
76561197960942187
76561197960942188
76561197960942189
76561197960942190
76561197960942191
76561197960942192
76561197960942193
76561197960942194
76561197960942196
76561197960942197
76561197960942198
76561197960942199
76561197960942200
76561197960942201
76561197960942202
76561197960942203
76561197960942204
76561197960942205
76561197960942206
76561197960942207
76561197960942208
76561197960942209
76561197960942210
76561197960942211
76561197960942212
76561197960942213
76561197960942215
76561197960942216
76561197960942220
76561197960942221
76561197960942225
76561197960942227
76561197960942228
76561197960942229
76561197960942230
76561197960942231
76561197960942233
76561197960942234
76561197960942235
76561197960942236
76561197960942238
76561197960942239
76561197960942241
76561197960942242
76561197960942243
76561197960942244
76561197960942248
76561197960942249
76561197960942251
76561197960942252
76561197960942255
76561197960942256
76561197960942258
76561197960942259
76561197960942260
76561197960942261
76561197960942262
76561197960942263
76561197960942265
76561197960942266
76561197960942267
76561197960942268
76561197960942270
76561197960942271
76561197960942272
76561197960942274
76561197960942275
76561197960942276
76561197960942278
76561197960942281
76561197960942282
76561197960942283
76561197960942284
76561197960942286
76561197960942287
76561197960942288
76561197960942290
76561197960942291
76561197960942292
76561197960942293
76561197960942296
76561197960942297
76561197960942298
76561197960942301
76561197960942302
76561197960942303
76561197960942305
76561197960942306
76561197960942307
76561197960942308
76561197960942309
76561197960942311
76561197960942312
76561197960942313
76561197960942316
76561197960942317
76561197960942318
76561197960942319
76561197960942320
76561197960942321
76561197960942322
76561197960942323
76561197960942324
76561197960942325
76561197960942326
76561197960942327
76561197960942328
76561197960942330
76561197960942331
76561197960942332
76561197960942333
76561197960942335
76561197960942337
76561197960942338
76561197960942340
76561197960942341
76561197960942342
76561197960942343
76561197960942344
76561197960942346
76561197960942347
76561197960942348
76561197960942349
76561197960942350
76561197960942351
76561197960942352
76561197960942353
76561197960942354
76561197960942355
76561197960942357
76561197960942358
76561197960942359
76561197960942361
76561197960942362
76561197960942363
76561197960942364
76561197960942366
76561197960942367
76561197960942371
76561197960942372
76561197960942373
76561197960942374
76561197960942376
76561197960942378
76561197960942379
76561197960942380
76561197960942381
76561197960942383
76561197960942384
76561197960942385
76561197960942386
76561197960942387
76561197960942389
76561197960942390
76561197960942391
76561197960942392
76561197960942393
76561197960942394
76561197960942395
76561197960942399
76561197960942400
76561197960942402
76561197960942403
76561197960942404
76561197960942407
76561197960942408
76561197960942409
76561197960942410
76561197960942411
76561197960942412
76561197960942413
76561197960942414
76561197960942417
76561197960942419
76561197960942420
76561197960942421
76561197960942422
76561197960942423
76561197960942424
76561197960942426
76561197960942427
76561197960942428
76561197960942430
76561197960942432
76561197960942434
76561197960942435
76561197960942436
76561197960942437
76561197960942438
76561197960942440
76561197960942441
76561197960942442
76561197960942443
76561197960942446
76561197960942448
76561197960942449
76561197960942450
76561197960942451
76561197960942452
76561197960942453
76561197960942454
76561197960942456
76561197960942457
76561197960942458
76561197960942459
76561197960942460
76561197960942462
76561197960942463
76561197960942464
76561197960942465
76561197960942469
76561197960942470
76561197960942471
76561197960942472
76561197960942473
76561197960942475
76561197960942476
76561197960942477
76561197960942478
76561197960942479
76561197960942480
76561197960942481
76561197960942483
76561197960942484
76561197960942485
76561197960942486
76561197960942487
76561197960942488
76561197960942489
76561197960942490
76561197960942491
76561197960942492
76561197960942493
76561197960942494
76561197960942495
76561197960942497
76561197960942500
76561197960942501
76561197960942502
76561197960942503
76561197960942504
76561197960942505
76561197960942506
76561197960942508
76561197960942509
76561197960942510
76561197960942511
76561197960942512
76561197960942513
76561197960942515
76561197960942517
76561197960942518
76561197960942519
76561197960942520
76561197960942521
76561197960942522
76561197960942523
76561197960942524
76561197960942525
76561197960942526
76561197960942527
76561197960942528
76561197960942529
76561197960942530
76561197960942532
76561197960942533
76561197960942534
76561197960942535
76561197960942537
76561197960942538
76561197960942539
76561197960942541
76561197960942542
76561197960942543
76561197960942545
76561197960942547
76561197960942549
76561197960942550
76561197960942551
76561197960942552
76561197960942554
76561197960942555
76561197960942556
76561197960942557
76561197960942558
76561197960942560
76561197960942561
76561197960942562
76561197960942563
76561197960942566
76561197960942567
76561197960942568
76561197960942569
76561197960942570
76561197960942572
76561197960942573
76561197960942575
76561197960942576
76561197960942577
76561197960942578
76561197960942579
76561197960942580
76561197960942581
76561197960942582
76561197960942583
76561197960942585
76561197960942587
76561197960942588
76561197960942589
76561197960942593
76561197960942594
76561197960942595
76561197960942596
76561197960942597
76561197960942598
76561197960942599
76561197960942600
76561197960942603
76561197960942605
76561197960942606
76561197960942607
76561197960942609
76561197960942610
76561197960942611
76561197960942612
76561197960942613
76561197960942614
76561197960942615
76561197960942616
76561197960942617
76561197960942618
76561197960942620
76561197960942621
76561197960942622
76561197960942623
76561197960942624
76561197960942625
76561197960942627
76561197960942628
76561197960942629
76561197960942630
76561197960942631
76561197960942632
76561197960942633
76561197960942634
76561197960942636
76561197960942638
76561197960942639
76561197960942640
76561197960942641
76561197960942642
76561197960942643
76561197960942645
76561197960942647
76561197960942649
76561197960942650
76561197960942651
76561197960942652
76561197960942654
76561197960942655
76561197960942656
76561197960942657
76561197960942658
76561197960942659
76561197960942660
76561197960942661
76561197960942662
76561197960942663
76561197960942664
76561197960942665
76561197960942666
76561197960942667
76561197960942668
76561197960942670
76561197960942671
76561197960942672
76561197960942674
76561197960942675
76561197960942676
76561197960942677
76561197960942681
76561197960942682
76561197960942684
76561197960942685
76561197960942688
76561197960942689
76561197960942690
76561197960942691
76561197960942692
76561197960942694
76561197960942696
76561197960942697
76561197960942698
76561197960942699
76561197960942701
76561197960942702
76561197960942703
76561197960942705
76561197960942706
76561197960942707
76561197960942708
76561197960942709
76561197960942710
76561197960942711
76561197960942712
76561197960942715
76561197960942717
76561197960942721
76561197960942722
76561197960942723
76561197960942724
76561197960942725
76561197960942726
76561197960942728
76561197960942729
76561197960942730
76561197960942731
76561197960942732
76561197960942733
76561197960942736
76561197960942737
76561197960942738
76561197960942739
76561197960942740
76561197960942741
76561197960942743
76561197960942745
76561197960942747
76561197960942749
76561197960942750
76561197960942752
76561197960942753
76561197960942754
76561197960942755
76561197960942757
76561197960942758
76561197960942759
76561197960942760
76561197960942762
76561197960942763
76561197960942765
76561197960942767
76561197960942768
76561197960942769
76561197960942770
76561197960942771
76561197960942772
76561197960942775
76561197960942776
76561197960942777
76561197960942778
76561197960942780
76561197960942781
76561197960942782
76561197960942783
76561197960942784
76561197960942785
76561197960942786
76561197960942789
76561197960942790
76561197960942795
76561197960942796
76561197960942798
76561197960942799
76561197960942801
76561197960942802
76561197960942803
76561197960942804
76561197960942805
76561197960942806
76561197960942810
76561197960942811
76561197960942812
76561197960942813
76561197960942814
76561197960942818
76561197960942819
76561197960942821
76561197960942822
76561197960942823
76561197960942824
76561197960942825
76561197960942826
76561197960942827
76561197960942828
76561197960942829
76561197960942830
76561197960942833
76561197960942834
76561197960942835
76561197960942837
76561197960942840
76561197960942841
76561197960942842
76561197960942843
76561197960942844
76561197960942845
76561197960942846
76561197960942848
76561197960942849
76561197960942850
76561197960942851
76561197960942854
76561197960942855
76561197960942856
76561197960942857
76561197960942858
76561197960942859
76561197960942861
76561197960942862
76561197960942864
76561197960942865
76561197960942867
76561197960942868
76561197960942874
76561197960942876
76561197960942877
76561197960942878
76561197960942879
76561197960942880
76561197960942881
76561197960942882
76561197960942883
76561197960942884
76561197960942885
76561197960942886
76561197960942888
76561197960942889
76561197960942890
76561197960942891
76561197960942892
76561197960942894
76561197960942895
76561197960942896
76561197960942897
76561197960942898
76561197960942900
76561197960942901
76561197960942902
76561197960942905
76561197960942906
76561197960942907
76561197960942908
76561197960942909
76561197960942910
76561197960942912
76561197960942913
76561197960942914
76561197960942915
76561197960942916
76561197960942917
76561197960942918
76561197960942919
76561197960942921
76561197960942922
76561197960942923
76561197960942924
76561197960942925
76561197960942926
76561197960942927
76561197960942928
76561197960942929
76561197960942930
76561197960942931
76561197960942932
76561197960942933
76561197960942934
76561197960942935
76561197960942936
76561197960942937
76561197960942939
76561197960942941
76561197960942942
76561197960942943
76561197960942944
76561197960942945
76561197960942946
76561197960942947
76561197960942948
76561197960942949
76561197960942950
76561197960942951
76561197960942953
76561197960942954
76561197960942955
76561197960942956
76561197960942957
76561197960942959
76561197960942960
76561197960942961
76561197960942962
76561197960942963
76561197960942964
76561197960942965
76561197960942966
76561197960942968
76561197960942969
76561197960942970
76561197960942971
76561197960942972
76561197960942974
76561197960942975
76561197960942976
76561197960942977
76561197960942979
76561197960942980
76561197960942982
76561197960942985
76561197960942987
76561197960942988
76561197960942990
76561197960942991
76561197960942992
76561197960942994
76561197960942995
76561197960942996
76561197960942997
76561197960942998
76561197960942999
76561197960943002
76561197960943003
76561197960943004
76561197960943005
76561197960943006
76561197960943007
76561197960943008
76561197960943009
76561197960943010
76561197960943011
76561197960943012
76561197960943014
76561197960943015
76561197960943018
76561197960943019
76561197960943020
76561197960943021
76561197960943024
76561197960943026
76561197960943027
76561197960943030
76561197960943032
76561197960943036
76561197960943038
76561197960943040
76561197960943041
76561197960943042
76561197960943044
76561197960943045
76561197960943047
76561197960943048
76561197960943049
76561197960943050
76561197960943051
76561197960943052
76561197960943053
76561197960943054
76561197960943056
76561197960943057
76561197960943058
76561197960943060
76561197960943061
76561197960943063
76561197960943064
76561197960943065
76561197960943067
76561197960943068
76561197960943070
76561197960943071
76561197960943073
76561197960943075
76561197960943078
76561197960943080
76561197960943081
76561197960943082
76561197960943084
76561197960943086
76561197960943087
76561197960943088
76561197960943089
76561197960943090
76561197960943091
76561197960943094
76561197960943097
76561197960943098
76561197960943100
76561197960943101
76561197960943102
76561197960943104
76561197960943106
76561197960943108
76561197960943109
76561197960943110
76561197960943111
76561197960943114
76561197960943117
76561197960943118
76561197960943119
76561197960943120
76561197960943121
76561197960943122
76561197960943123
76561197960943124
76561197960943125
76561197960943126
76561197960943127
76561197960943128
76561197960943129
76561197960943130
76561197960943131
76561197960943132
76561197960943133
76561197960943135
76561197960943136
76561197960943137
76561197960943138
76561197960943139
76561197960943141
76561197960943142
76561197960943145
76561197960943146
76561197960943147
76561197960943148
76561197960943149
76561197960943150
76561197960943151
76561197960943152
76561197960943153
76561197960943154
76561197960943155
76561197960943156
76561197960943157
76561197960943158
76561197960943159
76561197960943160
76561197960943161
76561197960943162
76561197960943164
76561197960943165
76561197960943166
76561197960943167
76561197960943169
76561197960943172
76561197960943173
76561197960943174
76561197960943175
76561197960943176
76561197960943177
76561197960943179
76561197960943180
76561197960943181
76561197960943183
76561197960943184
76561197960943185
76561197960943186
76561197960943187
76561197960943190
76561197960943191
76561197960943192
76561197960943193
76561197960943195
76561197960943196
76561197960943197
76561197960943199
76561197960943202
76561197960943204
76561197960943205
76561197960943206
76561197960943207
76561197960943210
76561197960943211
76561197960943212
76561197960943214
76561197960943215
76561197960943216
76561197960943217
76561197960943218
76561197960943220
76561197960943221
76561197960943224
76561197960943225
76561197960943228
76561197960943229
76561197960943230
76561197960943231
76561197960943232
76561197960943233
76561197960943234
76561197960943238
76561197960943239
76561197960943240
76561197960943241
76561197960943242
76561197960943243
76561197960943244
76561197960943245
76561197960943246
76561197960943247
76561197960943248
76561197960943249
76561197960943251
76561197960943252
76561197960943253
76561197960943255
76561197960943257
76561197960943258
76561197960943262
76561197960943263
76561197960943265
76561197960943266
76561197960943267
76561197960943268
76561197960943269
76561197960943270
76561197960943271
76561197960943273
76561197960943275
76561197960943277
76561197960943278
76561197960943280
76561197960943281
76561197960943284
76561197960943285
76561197960943286
76561197960943289
76561197960943291
76561197960943292
76561197960943295
76561197960943297
76561197960943299
76561197960943300
76561197960943301
76561197960943302
76561197960943303
76561197960943304
76561197960943305
76561197960943306
76561197960943307
76561197960943308
76561197960943312
76561197960943313
76561197960943314
76561197960943316
76561197960943318
76561197960943319
76561197960943322
76561197960943323
76561197960943324
76561197960943327
76561197960943329
76561197960943330
76561197960943333
76561197960943334
76561197960943335
76561197960943336
76561197960943337
76561197960943338
76561197960943339
76561197960943340
76561197960943341
76561197960943343
76561197960943344
76561197960943345
76561197960943346
76561197960943347
76561197960943349
76561197960943351
76561197960943353
76561197960943354
76561197960943355
76561197960943356
76561197960943357
76561197960943359
76561197960943360
76561197960943361
76561197960943362
76561197960943363
76561197960943364
76561197960943366
76561197960943367
76561197960943368
76561197960943369
76561197960943371
76561197960943373
76561197960943374
76561197960943375
76561197960943376
76561197960943378
76561197960943379
76561197960943380
76561197960943381
76561197960943384
76561197960943385
76561197960943386
76561197960943387
76561197960943388
76561197960943389
76561197960943390
76561197960943391
76561197960943392
76561197960943393
76561197960943395
76561197960943396
76561197960943397
76561197960943398
76561197960943399
76561197960943402
76561197960943403
76561197960943404
76561197960943405
76561197960943406
76561197960943408
76561197960943409
76561197960943410
76561197960943411
76561197960943412
76561197960943413
76561197960943414
76561197960943415
76561197960943417
76561197960943419
76561197960943420
76561197960943421
76561197960943423
76561197960943424
76561197960943428
76561197960943429
76561197960943430
76561197960943431
76561197960943433
76561197960943434
76561197960943435
76561197960943436
76561197960943437
76561197960943438
76561197960943439
76561197960943442
76561197960943443
76561197960943444
76561197960943445
76561197960943446
76561197960943448
76561197960943450
76561197960943451
76561197960943452
76561197960943453
76561197960943454
76561197960943455
76561197960943456
76561197960943457
76561197960943458
76561197960943459
76561197960943460
