76561197960944838
76561197960944839
76561197960944842
76561197960944843
76561197960944845
76561197960944847
76561197960944849
76561197960944850
76561197960944851
76561197960944852
76561197960944853
76561197960944854
76561197960944855
76561197960944856
76561197960944857
76561197960944859
76561197960944862
76561197960944863
76561197960944864
76561197960944866
76561197960944868
76561197960944871
76561197960944873
76561197960944874
76561197960944875
76561197960944876
76561197960944879
76561197960944880
76561197960944881
76561197960944882
76561197960944883
76561197960944884
76561197960944885
76561197960944886
76561197960944887
76561197960944888
76561197960944889
76561197960944890
76561197960944891
76561197960944892
76561197960944893
76561197960944895
76561197960944896
76561197960944897
76561197960944898
76561197960944900
76561197960944902
76561197960944903
76561197960944904
76561197960944905
76561197960944907
76561197960944910
76561197960944911
76561197960944912
76561197960944913
76561197960944914
76561197960944915
76561197960944917
76561197960944918
76561197960944919
76561197960944920
76561197960944921
76561197960944925
76561197960944926
76561197960944927
76561197960944928
76561197960944929
76561197960944930
76561197960944932
76561197960944933
76561197960944934
76561197960944935
76561197960944936
76561197960944937
76561197960944938
76561197960944939
76561197960944941
76561197960944942
76561197960944943
76561197960944948
76561197960944949
76561197960944953
76561197960944954
76561197960944957
76561197960944958
76561197960944959
76561197960944961
76561197960944963
76561197960944965
76561197960944966
76561197960944967
76561197960944968
76561197960944969
76561197960944970
76561197960944971
76561197960944972
76561197960944973
76561197960944974
76561197960944975
76561197960944976
76561197960944977
76561197960944979
76561197960944980
76561197960944981
76561197960944982
76561197960944983
76561197960944985
76561197960944986
76561197960944987
76561197960944988
76561197960944990
76561197960944991
76561197960944992
76561197960944993
76561197960944994
76561197960944995
76561197960944996
76561197960944998
76561197960945001
76561197960945003
76561197960945004
76561197960945005
76561197960945006
76561197960945007
76561197960945008
76561197960945009
76561197960945010
76561197960945011
76561197960945013
76561197960945014
76561197960945017
76561197960945018
76561197960945019
76561197960945020
76561197960945021
76561197960945023
76561197960945024
76561197960945025
76561197960945026
76561197960945027
76561197960945029
76561197960945030
76561197960945034
76561197960945035
76561197960945036
76561197960945037
76561197960945038
76561197960945039
76561197960945040
76561197960945041
76561197960945042
76561197960945043
76561197960945044
76561197960945045
76561197960945046
76561197960945048
76561197960945049
76561197960945050
76561197960945051
76561197960945052
76561197960945053
76561197960945054
76561197960945055
76561197960945056
76561197960945058
76561197960945059
76561197960945060
76561197960945061
76561197960945063
76561197960945064
76561197960945065
76561197960945068
76561197960945069
76561197960945070
76561197960945071
76561197960945075
76561197960945076
76561197960945077
76561197960945078
76561197960945080
76561197960945082
76561197960945083
76561197960945084
76561197960945087
76561197960945088
76561197960945089
76561197960945090
76561197960945093
76561197960945096
76561197960945097
76561197960945098
76561197960945100
76561197960945101
76561197960945102
76561197960945103
76561197960945104
76561197960945105
76561197960945106
76561197960945107
76561197960945108
76561197960945109
76561197960945110
76561197960945111
76561197960945112
76561197960945113
76561197960945114
76561197960945115
76561197960945119
76561197960945121
76561197960945124
76561197960945126
76561197960945127
76561197960945128
76561197960945129
76561197960945130
76561197960945131
76561197960945132
76561197960945133
76561197960945135
76561197960945136
76561197960945137
76561197960945138
76561197960945139
76561197960945141
76561197960945142
76561197960945143
76561197960945145
76561197960945147
76561197960945150
76561197960945151
76561197960945152
76561197960945153
76561197960945155
76561197960945156
76561197960945157
76561197960945159
76561197960945161
76561197960945163
76561197960945164
76561197960945166
76561197960945167
76561197960945168
76561197960945169
76561197960945170
76561197960945171
76561197960945172
76561197960945174
76561197960945175
76561197960945177
76561197960945179
76561197960945181
76561197960945182
76561197960945183
76561197960945184
76561197960945185
76561197960945186
76561197960945187
76561197960945188
76561197960945189
76561197960945190
76561197960945192
76561197960945193
76561197960945194
76561197960945195
76561197960945196
76561197960945197
76561197960945198
76561197960945201
76561197960945202
76561197960945204
76561197960945206
76561197960945207
76561197960945208
76561197960945209
76561197960945210
76561197960945211
76561197960945213
76561197960945214
76561197960945215
76561197960945219
76561197960945220
76561197960945221
76561197960945222
76561197960945223
76561197960945225
76561197960945226
76561197960945227
76561197960945229
76561197960945230
76561197960945233
76561197960945234
76561197960945235
76561197960945238
76561197960945239
76561197960945240
76561197960945241
76561197960945244
76561197960945245
76561197960945246
76561197960945247
76561197960945248
76561197960945249
76561197960945251
76561197960945253
76561197960945254
76561197960945255
76561197960945256
76561197960945257
76561197960945258
76561197960945259
76561197960945261
76561197960945262
76561197960945264
76561197960945265
76561197960945267
76561197960945268
76561197960945269
76561197960945270
76561197960945271
76561197960945273
76561197960945274
76561197960945275
76561197960945278
76561197960945279
76561197960945281
76561197960945282
76561197960945285
76561197960945286
76561197960945287
76561197960945290
76561197960945292
76561197960945293
76561197960945294
76561197960945296
76561197960945299
76561197960945300
76561197960945301
76561197960945302
76561197960945305
76561197960945306
76561197960945308
76561197960945310
76561197960945313
76561197960945314
76561197960945315
76561197960945316
76561197960945317
76561197960945318
76561197960945319
76561197960945322
76561197960945324
76561197960945326
76561197960945327
76561197960945328
76561197960945329
76561197960945330
76561197960945331
76561197960945333
76561197960945334
76561197960945335
76561197960945336
76561197960945337
76561197960945340
76561197960945341
76561197960945343
76561197960945345
76561197960945346
76561197960945347
76561197960945349
76561197960945351
76561197960945353
76561197960945355
76561197960945356
76561197960945357
76561197960945358
76561197960945359
76561197960945361
76561197960945362
76561197960945363
76561197960945364
76561197960945366
76561197960945367
76561197960945368
76561197960945369
76561197960945370
76561197960945371
76561197960945373
76561197960945374
76561197960945376
76561197960945377
76561197960945379
76561197960945380
76561197960945381
76561197960945382
76561197960945383
76561197960945384
76561197960945386
76561197960945388
76561197960945390
76561197960945391
76561197960945392
76561197960945393
76561197960945394
76561197960945395
76561197960945397
76561197960945400
76561197960945401
76561197960945402
76561197960945404
76561197960945405
76561197960945406
76561197960945407
76561197960945409
76561197960945410
76561197960945411
76561197960945413
76561197960945414
76561197960945415
76561197960945416
76561197960945417
76561197960945419
76561197960945420
76561197960945421
76561197960945422
76561197960945423
76561197960945425
76561197960945426
76561197960945427
76561197960945430
76561197960945431
76561197960945432
76561197960945433
76561197960945434
76561197960945435
76561197960945436
76561197960945437
76561197960945438
76561197960945439
76561197960945440
76561197960945441
76561197960945442
76561197960945443
76561197960945444
76561197960945446
76561197960945447
76561197960945448
76561197960945449
76561197960945450
76561197960945451
76561197960945452
76561197960945453
76561197960945454
76561197960945455
76561197960945459
76561197960945460
76561197960945461
76561197960945462
76561197960945463
76561197960945464
76561197960945465
76561197960945466
76561197960945467
76561197960945468
76561197960945469
76561197960945471
76561197960945473
76561197960945474
76561197960945476
76561197960945478
76561197960945480
76561197960945481
76561197960945482
76561197960945485
76561197960945486
76561197960945487
76561197960945488
76561197960945489
76561197960945490
76561197960945491
76561197960945495
76561197960945496
76561197960945497
76561197960945498
76561197960945499
76561197960945502
76561197960945503
76561197960945504
76561197960945505
76561197960945506
76561197960945507
76561197960945508
76561197960945509
76561197960945510
76561197960945511
76561197960945513
76561197960945514
76561197960945516
76561197960945517
76561197960945518
76561197960945519
76561197960945521
76561197960945523
76561197960945525
76561197960945526
76561197960945527
76561197960945529
76561197960945530
76561197960945531
76561197960945532
76561197960945534
76561197960945535
76561197960945538
76561197960945539
76561197960945540
76561197960945541
76561197960945543
76561197960945544
76561197960945545
76561197960945547
76561197960945548
76561197960945549
76561197960945550
76561197960945551
76561197960945555
76561197960945556
76561197960945557
76561197960945558
76561197960945559
76561197960945560
76561197960945561
76561197960945562
76561197960945563
76561197960945564
76561197960945565
76561197960945567
76561197960945568
76561197960945569
76561197960945571
76561197960945572
76561197960945574
76561197960945575
76561197960945576
76561197960945578
76561197960945579
76561197960945580
76561197960945582
76561197960945584
76561197960945585
76561197960945586
76561197960945587
76561197960945588
76561197960945589
76561197960945590
76561197960945591
76561197960945592
76561197960945593
76561197960945595
76561197960945596
76561197960945597
76561197960945598
76561197960945599
76561197960945600
76561197960945601
76561197960945602
76561197960945604
76561197960945605
76561197960945606
76561197960945608
76561197960945610
76561197960945612
76561197960945613
76561197960945614
76561197960945615
76561197960945616
76561197960945617
76561197960945618
76561197960945619
76561197960945620
76561197960945621
76561197960945622
76561197960945626
76561197960945627
76561197960945628
76561197960945629
76561197960945630
76561197960945631
76561197960945632
76561197960945633
76561197960945634
76561197960945636
76561197960945637
76561197960945638
76561197960945641
76561197960945642
76561197960945645
76561197960945646
76561197960945647
76561197960945648
76561197960945649
76561197960945651
76561197960945652
76561197960945654
76561197960945656
76561197960945658
76561197960945659
76561197960945662
76561197960945663
76561197960945664
76561197960945665
76561197960945666
76561197960945668
76561197960945670
76561197960945671
76561197960945672
76561197960945673
76561197960945674
76561197960945675
76561197960945676
76561197960945677
76561197960945678
76561197960945681
76561197960945682
76561197960945683
76561197960945684
76561197960945685
76561197960945686
76561197960945688
76561197960945689
76561197960945691
76561197960945692
76561197960945693
76561197960945694
76561197960945695
76561197960945698
76561197960945699
76561197960945700
76561197960945701
76561197960945702
76561197960945703
76561197960945704
76561197960945706
76561197960945707
76561197960945708
76561197960945709
76561197960945710
76561197960945711
76561197960945712
76561197960945713
76561197960945714
76561197960945715
76561197960945716
76561197960945717
76561197960945721
76561197960945722
76561197960945723
76561197960945725
76561197960945726
76561197960945727
76561197960945728
76561197960945729
76561197960945730
76561197960945731
76561197960945733
76561197960945734
76561197960945736
76561197960945738
76561197960945740
76561197960945742
76561197960945744
76561197960945749
76561197960945750
76561197960945751
76561197960945752
76561197960945753
76561197960945754
76561197960945757
76561197960945758
76561197960945759
76561197960945760
76561197960945761
76561197960945763
76561197960945764
76561197960945765
76561197960945766
76561197960945767
76561197960945768
76561197960945769
76561197960945770
76561197960945771
76561197960945772
76561197960945773
76561197960945774
76561197960945775
76561197960945776
76561197960945778
76561197960945779
76561197960945780
76561197960945781
76561197960945782
76561197960945783
76561197960945785
76561197960945787
76561197960945791
76561197960945794
76561197960945796
76561197960945797
76561197960945798
76561197960945799
76561197960945800
76561197960945801
76561197960945802
76561197960945803
76561197960945804
76561197960945806
76561197960945807
76561197960945808
76561197960945809
76561197960945811
76561197960945813
76561197960945817
76561197960945818
76561197960945819
76561197960945820
76561197960945821
76561197960945822
76561197960945824
76561197960945825
76561197960945826
76561197960945827
76561197960945829
76561197960945831
76561197960945832
76561197960945833
76561197960945835
76561197960945836
76561197960945837
76561197960945838
76561197960945839
76561197960945840
76561197960945842
76561197960945844
76561197960945845
76561197960945847
76561197960945848
76561197960945849
76561197960945850
76561197960945851
76561197960945852
76561197960945853
76561197960945854
76561197960945855
76561197960945857
76561197960945859
76561197960945860
76561197960945861
76561197960945863
76561197960945864
76561197960945866
76561197960945867
76561197960945871
76561197960945872
76561197960945873
76561197960945875
76561197960945876
76561197960945877
76561197960945878
76561197960945879
76561197960945880
76561197960945881
76561197960945882
76561197960945883
76561197960945886
76561197960945888
76561197960945890
76561197960945891
76561197960945892
76561197960945893
76561197960945895
76561197960945896
76561197960945897
76561197960945899
76561197960945900
76561197960945901
76561197960945902
76561197960945903
76561197960945904
76561197960945905
76561197960945906
76561197960945907
76561197960945909
76561197960945910
76561197960945911
76561197960945912
76561197960945913
76561197960945916
76561197960945917
76561197960945918
76561197960945919
76561197960945921
76561197960945922
76561197960945923
76561197960945925
76561197960945926
76561197960945927
76561197960945929
76561197960945930
76561197960945931
76561197960945934
76561197960945935
76561197960945937
76561197960945938
76561197960945939
76561197960945940
76561197960945941
76561197960945942
76561197960945943
76561197960945944
76561197960945945
76561197960945946
76561197960945947
76561197960945949
76561197960945951
76561197960945952
76561197960945953
76561197960945955
76561197960945956
76561197960945957
76561197960945959
76561197960945960
76561197960945961
76561197960945962
76561197960945963
76561197960945964
76561197960945965
76561197960945966
76561197960945967
76561197960945968
76561197960945969
76561197960945970
76561197960945974
76561197960945975
76561197960945976
76561197960945977
76561197960945978
76561197960945979
76561197960945981
76561197960945982
76561197960945983
76561197960945984
76561197960945986
76561197960945987
76561197960945988
76561197960945989
76561197960945990
76561197960945992
76561197960945993
76561197960945994
76561197960945998
76561197960945999
76561197960946000
76561197960946001
76561197960946002
76561197960946003
76561197960946004
76561197960946005
76561197960946007
76561197960946009
76561197960946011
76561197960946012
76561197960946013
76561197960946015
76561197960946017
76561197960946018
76561197960946019
76561197960946021
76561197960946023
76561197960946024
76561197960946025
76561197960946026
76561197960946027
76561197960946028
76561197960946029
76561197960946030
76561197960946032
76561197960946033
76561197960946034
76561197960946036
76561197960946041
76561197960946042
76561197960946043
76561197960946046
76561197960946047
76561197960946048
76561197960946049
76561197960946051
76561197960946052
76561197960946053
76561197960946055
76561197960946056
76561197960946057
76561197960946058
76561197960946059
76561197960946062
76561197960946063
76561197960946064
76561197960946065
76561197960946068
76561197960946070
76561197960946071
76561197960946072
76561197960946073
76561197960946074
76561197960946076
76561197960946077
76561197960946078
76561197960946085
76561197960946086
76561197960946087
76561197960946088
76561197960946089
76561197960946091
76561197960946093
76561197960946096
76561197960946099
76561197960946100
76561197960946101
76561197960946102
76561197960946103
76561197960946105
76561197960946106
76561197960946107
76561197960946108
76561197960946109
76561197960946110
76561197960946111
76561197960946113
76561197960946114
76561197960946118
76561197960946119
76561197960946120
76561197960946122
76561197960946123
76561197960946124
76561197960946125
76561197960946126
76561197960946127
76561197960946128
76561197960946129
76561197960946130
76561197960946132
76561197960946135
76561197960946137
76561197960946138
76561197960946140
76561197960946141
76561197960946143
76561197960946145
76561197960946146
76561197960946147
76561197960946148
76561197960946149
76561197960946150
76561197960946151
76561197960946152
76561197960946153
76561197960946154
76561197960946155
76561197960946156
76561197960946157
76561197960946159
76561197960946160
76561197960946161
76561197960946162
76561197960946164
76561197960946165
76561197960946168
76561197960946169
76561197960946170
76561197960946171
76561197960946172
76561197960946173
76561197960946175
76561197960946176
76561197960946178
76561197960946179
76561197960946180
76561197960946181
76561197960946182
76561197960946183
76561197960946184
76561197960946186
76561197960946187
76561197960946188
76561197960946189
76561197960946190
76561197960946191
76561197960946192
76561197960946193
76561197960946194
76561197960946196
