76561197961092901
76561197961092903
76561197961092905
76561197961092907
76561197961092908
76561197961092911
76561197961092912
76561197961092913
76561197961092916
76561197961092917
76561197961092918
76561197961092919
76561197961092920
76561197961092921
76561197961092922
76561197961092923
76561197961092924
76561197961092925
76561197961092927
76561197961092928
76561197961092929
76561197961092930
76561197961092933
76561197961092934
76561197961092935
76561197961092936
76561197961092937
76561197961092938
76561197961092941
76561197961092942
76561197961092943
76561197961092944
76561197961092946
76561197961092947
76561197961092948
76561197961092949
76561197961092951
76561197961092952
76561197961092953
76561197961092954
76561197961092955
76561197961092956
76561197961092957
76561197961092958
76561197961092959
76561197961092961
76561197961092964
76561197961092965
76561197961092966
76561197961092968
76561197961092971
76561197961092973
76561197961092974
76561197961092975
76561197961092977
76561197961092978
76561197961092979
76561197961092980
76561197961092981
76561197961092982
76561197961092983
76561197961092984
76561197961092985
76561197961092986
76561197961092988
76561197961092989
76561197961092990
76561197961092991
76561197961092992
76561197961092993
76561197961092994
76561197961092995
76561197961092996
76561197961092998
76561197961093003
76561197961093004
76561197961093007
76561197961093009
76561197961093010
76561197961093011
76561197961093012
76561197961093014
76561197961093020
76561197961093022
76561197961093023
76561197961093024
76561197961093025
76561197961093026
76561197961093027
76561197961093028
76561197961093029
76561197961093030
76561197961093031
76561197961093033
76561197961093035
76561197961093038
76561197961093039
76561197961093040
76561197961093042
76561197961093043
76561197961093046
76561197961093047
76561197961093048
76561197961093049
76561197961093050
76561197961093054
76561197961093055
76561197961093056
76561197961093058
76561197961093059
76561197961093060
76561197961093062
76561197961093063
76561197961093066
76561197961093067
76561197961093068
76561197961093070
76561197961093071
76561197961093073
76561197961093074
76561197961093075
76561197961093076
76561197961093077
76561197961093078
76561197961093079
76561197961093080
76561197961093082
76561197961093084
76561197961093085
76561197961093086
76561197961093087
76561197961093089
76561197961093092
76561197961093097
76561197961093099
76561197961093100
76561197961093101
76561197961093103
76561197961093104
76561197961093105
76561197961093106
76561197961093107
76561197961093108
76561197961093109
76561197961093110
76561197961093111
76561197961093112
76561197961093113
76561197961093114
76561197961093117
76561197961093119
76561197961093120
76561197961093121
76561197961093122
76561197961093123
76561197961093124
76561197961093126
76561197961093127
76561197961093128
76561197961093129
76561197961093130
76561197961093132
76561197961093133
76561197961093134
76561197961093136
76561197961093137
76561197961093139
76561197961093141
76561197961093143
76561197961093144
76561197961093145
76561197961093148
76561197961093149
76561197961093150
76561197961093153
76561197961093154
76561197961093156
76561197961093157
76561197961093158
76561197961093159
76561197961093160
76561197961093161
76561197961093164
76561197961093165
76561197961093167
76561197961093168
76561197961093171
76561197961093172
76561197961093173
76561197961093174
76561197961093175
76561197961093176
76561197961093177
76561197961093179
76561197961093180
76561197961093181
76561197961093182
76561197961093183
76561197961093185
76561197961093188
76561197961093191
76561197961093193
76561197961093195
76561197961093196
76561197961093199
76561197961093200
76561197961093201
76561197961093202
76561197961093203
76561197961093204
76561197961093205
76561197961093206
76561197961093207
76561197961093208
76561197961093209
76561197961093210
76561197961093211
76561197961093212
76561197961093214
76561197961093215
76561197961093219
76561197961093221
76561197961093224
76561197961093226
76561197961093227
76561197961093228
76561197961093230
76561197961093232
76561197961093233
76561197961093234
76561197961093235
76561197961093237
76561197961093239
76561197961093241
76561197961093242
76561197961093245
76561197961093246
76561197961093248
76561197961093249
76561197961093250
76561197961093252
76561197961093253
76561197961093254
76561197961093255
76561197961093256
76561197961093257
76561197961093262
76561197961093263
76561197961093264
76561197961093265
76561197961093266
76561197961093267
76561197961093269
76561197961093270
76561197961093271
76561197961093272
76561197961093273
76561197961093274
76561197961093275
76561197961093276
76561197961093277
76561197961093278
76561197961093281
76561197961093282
76561197961093284
76561197961093285
76561197961093286
76561197961093287
76561197961093291
76561197961093292
76561197961093293
76561197961093297
76561197961093298
76561197961093299
76561197961093300
76561197961093302
76561197961093304
76561197961093305
76561197961093306
76561197961093307
76561197961093308
76561197961093309
76561197961093310
76561197961093311
76561197961093313
76561197961093315
76561197961093318
76561197961093319
76561197961093320
76561197961093321
76561197961093323
76561197961093325
76561197961093326
76561197961093328
76561197961093329
76561197961093332
76561197961093336
76561197961093337
76561197961093339
76561197961093341
76561197961093343
76561197961093344
76561197961093345
76561197961093347
76561197961093349
76561197961093350
76561197961093351
76561197961093352
76561197961093354
76561197961093355
76561197961093357
76561197961093358
76561197961093359
76561197961093360
76561197961093363
76561197961093364
76561197961093365
76561197961093366
76561197961093368
76561197961093373
76561197961093374
76561197961093376
76561197961093377
76561197961093378
76561197961093379
76561197961093380
76561197961093383
76561197961093384
76561197961093386
76561197961093387
76561197961093388
76561197961093389
76561197961093390
76561197961093391
76561197961093393
76561197961093394
76561197961093396
76561197961093397
76561197961093398
76561197961093399
76561197961093400
76561197961093401
76561197961093403
76561197961093405
76561197961093406
76561197961093407
76561197961093409
76561197961093412
76561197961093413
76561197961093415
76561197961093417
76561197961093421
76561197961093422
76561197961093423
76561197961093424
76561197961093425
76561197961093426
76561197961093428
76561197961093430
76561197961093431
76561197961093432
76561197961093433
76561197961093434
76561197961093435
76561197961093437
76561197961093438
76561197961093439
76561197961093440
76561197961093442
76561197961093444
76561197961093447
76561197961093448
76561197961093450
76561197961093451
76561197961093452
76561197961093453
76561197961093454
76561197961093455
76561197961093457
76561197961093459
76561197961093460
76561197961093461
76561197961093462
76561197961093465
76561197961093466
76561197961093467
76561197961093468
76561197961093469
76561197961093471
76561197961093472
76561197961093474
76561197961093476
76561197961093477
76561197961093478
76561197961093479
76561197961093480
76561197961093482
76561197961093483
76561197961093485
76561197961093486
76561197961093489
76561197961093492
76561197961093493
76561197961093494
76561197961093496
76561197961093500
76561197961093501
76561197961093505
76561197961093506
76561197961093507
76561197961093508
76561197961093509
76561197961093510
76561197961093511
76561197961093512
76561197961093516
76561197961093517
76561197961093520
76561197961093523
76561197961093525
76561197961093530
76561197961093531
76561197961093532
76561197961093533
76561197961093534
76561197961093535
76561197961093536
76561197961093537
76561197961093539
76561197961093540
76561197961093541
76561197961093542
76561197961093543
76561197961093545
76561197961093548
76561197961093549
76561197961093552
76561197961093553
76561197961093554
76561197961093557
76561197961093558
76561197961093559
76561197961093560
76561197961093561
76561197961093562
76561197961093563
76561197961093565
76561197961093566
76561197961093569
76561197961093570
76561197961093571
76561197961093572
76561197961093573
76561197961093574
76561197961093575
76561197961093576
76561197961093578
76561197961093581
76561197961093583
76561197961093584
76561197961093585
76561197961093586
76561197961093587
76561197961093588
76561197961093590
76561197961093591
76561197961093592
76561197961093594
76561197961093596
76561197961093597
76561197961093598
76561197961093599
76561197961093601
76561197961093602
76561197961093603
76561197961093604
76561197961093605
76561197961093606
76561197961093607
76561197961093608
76561197961093609
76561197961093613
76561197961093614
76561197961093615
76561197961093616
76561197961093617
76561197961093618
76561197961093619
76561197961093620
76561197961093621
76561197961093622
76561197961093625
76561197961093626
76561197961093628
76561197961093629
76561197961093630
76561197961093632
76561197961093634
76561197961093635
76561197961093636
76561197961093637
76561197961093638
76561197961093639
76561197961093640
76561197961093641
76561197961093642
76561197961093643
76561197961093645
76561197961093648
76561197961093649
76561197961093650
76561197961093653
76561197961093654
76561197961093655
76561197961093656
76561197961093657
76561197961093659
76561197961093660
76561197961093662
76561197961093663
76561197961093664
76561197961093665
76561197961093667
76561197961093669
76561197961093670
76561197961093671
76561197961093673
76561197961093674
76561197961093675
76561197961093676
76561197961093678
76561197961093681
76561197961093684
76561197961093686
76561197961093687
76561197961093689
76561197961093690
76561197961093691
76561197961093692
76561197961093693
76561197961093694
76561197961093695
76561197961093696
76561197961093697
76561197961093698
76561197961093699
76561197961093700
76561197961093701
76561197961093702
76561197961093704
76561197961093705
76561197961093706
76561197961093708
76561197961093710
76561197961093711
76561197961093713
76561197961093714
76561197961093715
76561197961093716
76561197961093717
76561197961093719
76561197961093722
76561197961093723
76561197961093726
76561197961093727
76561197961093728
76561197961093730
76561197961093731
76561197961093734
76561197961093735
76561197961093736
76561197961093737
76561197961093739
76561197961093740
76561197961093741
76561197961093742
76561197961093743
76561197961093744
76561197961093746
76561197961093748
76561197961093750
76561197961093754
76561197961093755
76561197961093758
76561197961093760
76561197961093761
76561197961093763
76561197961093764
76561197961093765
76561197961093766
76561197961093767
76561197961093768
76561197961093769
76561197961093770
76561197961093773
76561197961093774
76561197961093775
76561197961093777
76561197961093778
76561197961093780
76561197961093781
76561197961093782
76561197961093783
76561197961093785
76561197961093787
76561197961093788
76561197961093789
76561197961093790
76561197961093791
76561197961093792
76561197961093793
76561197961093794
76561197961093795
76561197961093796
76561197961093798
76561197961093799
76561197961093800
76561197961093801
76561197961093802
76561197961093803
76561197961093804
76561197961093805
76561197961093806
76561197961093807
76561197961093808
76561197961093809
76561197961093810
76561197961093811
76561197961093817
76561197961093819
76561197961093820
76561197961093821
76561197961093823
76561197961093824
76561197961093825
76561197961093828
76561197961093829
76561197961093832
76561197961093833
76561197961093835
76561197961093836
76561197961093837
76561197961093838
76561197961093839
76561197961093840
76561197961093841
76561197961093843
76561197961093844
76561197961093846
76561197961093849
76561197961093850
76561197961093852
76561197961093853
76561197961093854
76561197961093855
76561197961093856
76561197961093857
76561197961093858
76561197961093859
76561197961093860
76561197961093861
76561197961093862
76561197961093863
76561197961093864
76561197961093865
76561197961093866
76561197961093867
76561197961093868
76561197961093869
76561197961093870
76561197961093871
76561197961093872
76561197961093873
76561197961093875
76561197961093876
76561197961093877
76561197961093878
76561197961093879
76561197961093880
76561197961093881
76561197961093883
76561197961093885
76561197961093887
76561197961093889
76561197961093891
76561197961093893
76561197961093894
76561197961093896
76561197961093897
76561197961093898
76561197961093899
76561197961093900
76561197961093901
76561197961093902
76561197961093903
76561197961093904
76561197961093905
76561197961093906
76561197961093907
76561197961093908
76561197961093909
76561197961093913
76561197961093914
76561197961093915
76561197961093917
76561197961093919
76561197961093920
76561197961093923
76561197961093925
76561197961093927
76561197961093929
76561197961093930
76561197961093931
76561197961093932
76561197961093933
76561197961093934
76561197961093935
76561197961093937
76561197961093938
76561197961093939
76561197961093941
76561197961093943
76561197961093946
76561197961093947
76561197961093948
76561197961093953
76561197961093954
76561197961093955
76561197961093956
76561197961093957
76561197961093958
76561197961093959
76561197961093960
76561197961093961
76561197961093962
76561197961093963
76561197961093964
76561197961093965
76561197961093966
76561197961093969
76561197961093971
76561197961093972
76561197961093973
76561197961093976
76561197961093977
76561197961093978
76561197961093979
76561197961093980
76561197961093981
76561197961093982
76561197961093983
76561197961093984
76561197961093985
76561197961093986
76561197961093988
76561197961093990
76561197961093991
76561197961093993
76561197961093995
76561197961093996
76561197961093997
76561197961094000
76561197961094002
76561197961094003
76561197961094004
76561197961094005
76561197961094006
76561197961094007
76561197961094008
76561197961094009
76561197961094010
76561197961094011
76561197961094012
76561197961094013
76561197961094014
76561197961094016
76561197961094020
76561197961094021
76561197961094022
76561197961094023
76561197961094024
76561197961094026
76561197961094027
76561197961094028
76561197961094030
76561197961094031
76561197961094032
76561197961094033
76561197961094034
76561197961094035
76561197961094036
76561197961094037
76561197961094038
76561197961094039
76561197961094040
76561197961094041
76561197961094042
76561197961094043
76561197961094044
76561197961094045
76561197961094046
76561197961094047
76561197961094048
76561197961094049
76561197961094050
76561197961094052
76561197961094053
76561197961094054
76561197961094055
76561197961094056
76561197961094058
76561197961094059
76561197961094060
76561197961094061
76561197961094064
76561197961094065
76561197961094067
76561197961094068
76561197961094070
76561197961094071
76561197961094072
76561197961094073
76561197961094074
76561197961094076
76561197961094077
76561197961094079
76561197961094080
76561197961094081
76561197961094082
76561197961094083
76561197961094086
76561197961094087
76561197961094089
76561197961094091
76561197961094094
76561197961094097
76561197961094098
76561197961094099
76561197961094100
76561197961094103
76561197961094104
76561197961094107
76561197961094108
76561197961094109
76561197961094113
76561197961094114
76561197961094115
76561197961094116
76561197961094119
76561197961094120
76561197961094121
76561197961094122
76561197961094123
76561197961094124
76561197961094125
76561197961094126
76561197961094127
76561197961094128
76561197961094129
76561197961094131
76561197961094133
76561197961094134
76561197961094135
76561197961094137
76561197961094138
76561197961094139
76561197961094140
76561197961094142
76561197961094143
76561197961094144
76561197961094145
76561197961094146
76561197961094148
76561197961094151
76561197961094152
76561197961094153
76561197961094156
76561197961094157
76561197961094158
76561197961094160
76561197961094162
76561197961094163
76561197961094164
76561197961094165
76561197961094166
76561197961094168
76561197961094169
76561197961094170
76561197961094171
76561197961094172
76561197961094173
76561197961094175
76561197961094176
76561197961094177
76561197961094179
76561197961094180
76561197961094182
76561197961094185
76561197961094187
76561197961094188
76561197961094189
76561197961094190
76561197961094192
76561197961094193
76561197961094194
76561197961094195
76561197961094196
76561197961094198
76561197961094199
76561197961094202
76561197961094203
76561197961094206
76561197961094207
76561197961094208
76561197961094209
76561197961094210
76561197961094211
76561197961094213
76561197961094215
76561197961094216
76561197961094217
76561197961094220
76561197961094224
76561197961094226
76561197961094228
76561197961094231
76561197961094232
76561197961094235
76561197961094236
76561197961094237
76561197961094238
76561197961094239
76561197961094240
76561197961094241
76561197961094242
76561197961094243
76561197961094244
76561197961094246
76561197961094247
76561197961094250
76561197961094251
76561197961094253
76561197961094254
76561197961094257
76561197961094258
76561197961094259
76561197961094260
76561197961094261
76561197961094263
76561197961094265
76561197961094266
76561197961094267
76561197961094268
76561197961094270
76561197961094273
76561197961094274
76561197961094275
76561197961094276
76561197961094277
76561197961094278
76561197961094279
76561197961094283
76561197961094285
76561197961094287
76561197961094288
76561197961094289
76561197961094291
76561197961094292
76561197961094293
76561197961094296
76561197961094297
76561197961094298
76561197961094299
76561197961094300
76561197961094302
76561197961094303
76561197961094304
76561197961094307
76561197961094308
76561197961094309
76561197961094311
76561197961094313
76561197961094315
76561197961094316
76561197961094318
76561197961094319
76561197961094320
76561197961094322
76561197961094323
76561197961094324
76561197961094325
76561197961094327
76561197961094329
76561197961094330
76561197961094332
76561197961094333
76561197961094336
76561197961094337
76561197961094339
76561197961094342
