76561197960503139
76561197960503140
76561197960503141
76561197960503142
76561197960503143
76561197960503144
76561197960503146
76561197960503147
76561197960503148
76561197960503149
76561197960503151
76561197960503152
76561197960503153
76561197960503154
76561197960503155
76561197960503157
76561197960503159
76561197960503161
76561197960503162
76561197960503164
76561197960503165
76561197960503166
76561197960503168
76561197960503169
76561197960503170
76561197960503171
76561197960503172
76561197960503173
76561197960503174
76561197960503175
76561197960503177
76561197960503178
76561197960503179
76561197960503180
76561197960503181
76561197960503182
76561197960503183
76561197960503185
76561197960503186
76561197960503189
76561197960503190
76561197960503191
76561197960503192
76561197960503194
76561197960503195
76561197960503199
76561197960503200
76561197960503201
76561197960503203
76561197960503204
76561197960503206
76561197960503207
76561197960503209
76561197960503212
76561197960503213
76561197960503214
76561197960503215
76561197960503216
76561197960503219
76561197960503222
76561197960503223
76561197960503224
76561197960503225
76561197960503227
76561197960503228
76561197960503229
76561197960503230
76561197960503232
76561197960503233
76561197960503234
76561197960503235
76561197960503236
76561197960503237
76561197960503238
76561197960503240
76561197960503242
76561197960503244
76561197960503247
76561197960503248
76561197960503249
76561197960503252
76561197960503253
76561197960503255
76561197960503256
76561197960503257
76561197960503258
76561197960503262
76561197960503263
76561197960503264
76561197960503265
76561197960503266
76561197960503267
76561197960503269
76561197960503270
76561197960503271
76561197960503272
76561197960503273
76561197960503274
76561197960503275
76561197960503276
76561197960503277
76561197960503278
76561197960503279
76561197960503280
76561197960503281
76561197960503282
76561197960503283
76561197960503284
76561197960503285
76561197960503287
76561197960503289
76561197960503290
76561197960503291
76561197960503292
76561197960503295
76561197960503297
76561197960503298
76561197960503299
76561197960503302
76561197960503303
76561197960503304
76561197960503306
76561197960503308
76561197960503309
76561197960503310
76561197960503311
76561197960503312
76561197960503313
76561197960503316
76561197960503318
76561197960503319
76561197960503321
76561197960503322
76561197960503323
76561197960503324
76561197960503326
76561197960503328
76561197960503329
76561197960503330
76561197960503332
76561197960503334
76561197960503335
76561197960503337
76561197960503339
76561197960503340
76561197960503341
76561197960503342
76561197960503343
76561197960503344
76561197960503346
76561197960503348
76561197960503349
76561197960503350
76561197960503351
76561197960503353
76561197960503356
76561197960503357
76561197960503359
76561197960503360
76561197960503362
76561197960503363
76561197960503364
76561197960503365
76561197960503366
76561197960503367
76561197960503368
76561197960503369
76561197960503371
76561197960503372
76561197960503373
76561197960503374
76561197960503375
76561197960503376
76561197960503378
76561197960503379
76561197960503380
76561197960503381
76561197960503383
76561197960503384
76561197960503385
76561197960503386
76561197960503387
76561197960503390
76561197960503392
76561197960503394
76561197960503395
76561197960503396
76561197960503398
76561197960503399
76561197960503400
76561197960503402
76561197960503403
76561197960503407
76561197960503408
76561197960503409
76561197960503411
76561197960503412
76561197960503414
76561197960503416
76561197960503418
76561197960503419
76561197960503420
76561197960503422
76561197960503425
76561197960503428
76561197960503429
76561197960503430
76561197960503432
76561197960503433
76561197960503434
76561197960503436
76561197960503437
76561197960503438
76561197960503439
76561197960503440
76561197960503441
76561197960503442
76561197960503443
76561197960503444
76561197960503446
76561197960503447
76561197960503448
76561197960503449
76561197960503452
76561197960503453
76561197960503454
76561197960503455
76561197960503457
76561197960503458
76561197960503459
76561197960503460
76561197960503461
76561197960503462
76561197960503466
76561197960503467
76561197960503468
76561197960503469
76561197960503470
76561197960503471
76561197960503472
76561197960503473
76561197960503475
76561197960503476
76561197960503480
76561197960503481
76561197960503483
76561197960503485
76561197960503486
76561197960503487
76561197960503488
76561197960503489
76561197960503490
76561197960503491
76561197960503494
76561197960503497
76561197960503498
76561197960503499
76561197960503501
76561197960503503
76561197960503504
76561197960503505
76561197960503506
76561197960503508
76561197960503509
76561197960503511
76561197960503512
76561197960503513
76561197960503514
76561197960503515
76561197960503517
76561197960503521
76561197960503522
76561197960503524
76561197960503525
76561197960503527
76561197960503528
76561197960503529
76561197960503530
76561197960503531
76561197960503533
76561197960503534
76561197960503537
76561197960503538
76561197960503540
76561197960503541
76561197960503542
76561197960503543
76561197960503544
76561197960503545
76561197960503546
76561197960503547
76561197960503550
76561197960503551
76561197960503553
76561197960503554
76561197960503555
76561197960503556
76561197960503557
76561197960503558
76561197960503559
76561197960503561
76561197960503562
76561197960503564
76561197960503565
76561197960503566
76561197960503568
76561197960503570
76561197960503571
76561197960503572
76561197960503574
76561197960503577
76561197960503579
76561197960503580
76561197960503587
76561197960503588
76561197960503589
76561197960503590
76561197960503591
76561197960503592
76561197960503593
76561197960503595
76561197960503596
76561197960503598
76561197960503599
76561197960503601
76561197960503602
76561197960503603
76561197960503606
76561197960503608
76561197960503609
76561197960503610
76561197960503612
76561197960503613
76561197960503614
76561197960503616
76561197960503618
76561197960503619
76561197960503620
76561197960503621
76561197960503624
76561197960503626
76561197960503627
76561197960503628
76561197960503629
76561197960503630
76561197960503631
76561197960503632
76561197960503634
76561197960503635
76561197960503636
76561197960503637
76561197960503638
76561197960503640
76561197960503642
76561197960503643
76561197960503644
76561197960503646
76561197960503647
76561197960503648
76561197960503649
76561197960503650
76561197960503652
76561197960503654
76561197960503656
76561197960503658
76561197960503661
76561197960503662
76561197960503666
76561197960503667
76561197960503668
76561197960503669
76561197960503673
76561197960503675
76561197960503677
76561197960503678
76561197960503680
76561197960503681
76561197960503682
76561197960503683
76561197960503684
76561197960503688
76561197960503689
76561197960503690
76561197960503691
76561197960503692
76561197960503693
76561197960503695
76561197960503696
76561197960503697
76561197960503698
76561197960503699
76561197960503700
76561197960503702
76561197960503705
76561197960503706
76561197960503707
76561197960503708
76561197960503709
76561197960503710
76561197960503711
76561197960503712
76561197960503713
76561197960503714
76561197960503715
76561197960503716
76561197960503718
76561197960503719
76561197960503720
76561197960503721
76561197960503722
76561197960503724
76561197960503725
76561197960503726
76561197960503727
76561197960503729
76561197960503731
76561197960503732
76561197960503733
76561197960503734
76561197960503735
76561197960503736
76561197960503737
76561197960503738
76561197960503739
76561197960503740
76561197960503741
76561197960503742
76561197960503746
76561197960503747
76561197960503748
76561197960503750
76561197960503751
76561197960503752
76561197960503756
76561197960503757
76561197960503758
76561197960503759
76561197960503760
76561197960503761
76561197960503762
76561197960503763
76561197960503765
76561197960503766
76561197960503767
76561197960503768
76561197960503769
76561197960503770
76561197960503771
76561197960503772
76561197960503773
76561197960503774
76561197960503775
76561197960503777
76561197960503778
76561197960503779
76561197960503780
76561197960503783
76561197960503784
76561197960503785
76561197960503788
76561197960503790
76561197960503791
76561197960503792
76561197960503793
76561197960503794
76561197960503795
76561197960503798
76561197960503799
76561197960503801
76561197960503802
76561197960503804
76561197960503807
76561197960503809
76561197960503810
76561197960503811
76561197960503812
76561197960503813
76561197960503814
76561197960503815
76561197960503816
76561197960503817
76561197960503819
76561197960503821
76561197960503822
76561197960503823
76561197960503825
76561197960503826
76561197960503828
76561197960503829
76561197960503830
76561197960503831
76561197960503832
76561197960503834
76561197960503835
76561197960503836
76561197960503837
76561197960503838
76561197960503839
76561197960503840
76561197960503841
76561197960503843
76561197960503844
76561197960503845
76561197960503846
76561197960503847
76561197960503848
76561197960503849
76561197960503850
76561197960503851
76561197960503852
76561197960503853
76561197960503854
76561197960503856
76561197960503857
76561197960503858
76561197960503859
76561197960503861
76561197960503862
76561197960503864
76561197960503865
76561197960503867
76561197960503868
76561197960503869
76561197960503870
76561197960503871
76561197960503872
76561197960503873
76561197960503874
76561197960503876
76561197960503877
76561197960503878
76561197960503879
76561197960503881
76561197960503882
76561197960503884
76561197960503885
76561197960503886
76561197960503887
76561197960503888
76561197960503889
76561197960503890
76561197960503891
76561197960503893
76561197960503894
76561197960503895
76561197960503897
76561197960503898
76561197960503901
76561197960503902
76561197960503903
76561197960503904
76561197960503906
76561197960503908
76561197960503911
76561197960503912
76561197960503913
76561197960503915
76561197960503918
76561197960503919
76561197960503920
76561197960503921
76561197960503924
76561197960503925
76561197960503926
76561197960503927
76561197960503928
76561197960503930
76561197960503931
76561197960503933
76561197960503934
76561197960503936
76561197960503938
76561197960503940
76561197960503941
76561197960503942
76561197960503944
76561197960503945
76561197960503946
76561197960503947
76561197960503948
76561197960503950
76561197960503951
76561197960503953
76561197960503955
76561197960503956
76561197960503957
76561197960503958
76561197960503959
76561197960503960
76561197960503961
76561197960503962
76561197960503963
76561197960503964
76561197960503966
76561197960503967
76561197960503968
76561197960503969
76561197960503970
76561197960503971
76561197960503972
76561197960503973
76561197960503974
76561197960503975
76561197960503976
76561197960503977
76561197960503978
76561197960503981
76561197960503982
76561197960503983
76561197960503984
76561197960503985
76561197960503986
76561197960503988
76561197960503989
76561197960503991
76561197960503992
76561197960503993
76561197960503994
76561197960503995
76561197960503998
76561197960503999
76561197960504000
76561197960504001
76561197960504002
76561197960504003
76561197960504004
76561197960504006
76561197960504007
76561197960504009
76561197960504010
76561197960504011
76561197960504013
76561197960504014
76561197960504017
76561197960504018
76561197960504020
76561197960504021
76561197960504023
76561197960504024
76561197960504028
76561197960504029
76561197960504031
76561197960504033
76561197960504035
76561197960504036
76561197960504037
76561197960504038
76561197960504039
76561197960504040
76561197960504043
76561197960504044
76561197960504045
76561197960504046
76561197960504047
76561197960504048
76561197960504049
76561197960504050
76561197960504051
76561197960504052
76561197960504053
76561197960504054
76561197960504056
76561197960504058
76561197960504059
76561197960504062
76561197960504063
76561197960504064
76561197960504066
76561197960504067
76561197960504069
76561197960504070
76561197960504071
76561197960504072
76561197960504073
76561197960504074
76561197960504075
76561197960504076
76561197960504078
76561197960504079
76561197960504080
76561197960504081
76561197960504083
76561197960504085
76561197960504086
76561197960504088
76561197960504090
76561197960504091
76561197960504093
76561197960504096
76561197960504097
76561197960504098
76561197960504099
76561197960504100
76561197960504102
76561197960504103
76561197960504104
76561197960504105
76561197960504106
76561197960504108
76561197960504109
76561197960504110
76561197960504111
76561197960504112
76561197960504114
76561197960504115
76561197960504116
76561197960504117
76561197960504118
76561197960504121
76561197960504123
76561197960504126
76561197960504127
76561197960504130
76561197960504131
76561197960504132
76561197960504134
76561197960504135
76561197960504137
76561197960504138
76561197960504141
76561197960504142
76561197960504143
76561197960504144
76561197960504147
76561197960504150
76561197960504151
76561197960504152
76561197960504153
76561197960504154
76561197960504157
76561197960504159
76561197960504162
76561197960504163
76561197960504164
76561197960504165
76561197960504166
76561197960504167
76561197960504168
76561197960504169
76561197960504170
76561197960504172
76561197960504173
76561197960504177
76561197960504178
76561197960504179
76561197960504180
76561197960504181
76561197960504182
76561197960504184
76561197960504185
76561197960504187
76561197960504188
76561197960504190
76561197960504191
76561197960504193
76561197960504194
76561197960504195
76561197960504197
76561197960504198
76561197960504200
76561197960504204
76561197960504205
76561197960504206
76561197960504209
76561197960504210
76561197960504211
76561197960504212
76561197960504213
76561197960504214
76561197960504215
76561197960504216
76561197960504217
76561197960504218
76561197960504219
76561197960504220
76561197960504221
76561197960504222
76561197960504224
76561197960504226
76561197960504227
76561197960504230
76561197960504231
76561197960504232
76561197960504233
76561197960504235
76561197960504236
76561197960504237
76561197960504238
76561197960504239
76561197960504240
76561197960504243
76561197960504244
76561197960504245
76561197960504246
76561197960504247
76561197960504248
76561197960504249
76561197960504252
76561197960504254
76561197960504257
76561197960504258
76561197960504260
76561197960504261
76561197960504264
76561197960504265
76561197960504266
76561197960504269
76561197960504271
76561197960504272
76561197960504276
76561197960504277
76561197960504278
76561197960504279
76561197960504280
76561197960504281
76561197960504282
76561197960504285
76561197960504287
76561197960504289
76561197960504290
76561197960504291
76561197960504292
76561197960504293
76561197960504295
76561197960504296
76561197960504297
76561197960504300
76561197960504301
76561197960504302
76561197960504307
76561197960504309
76561197960504310
76561197960504313
76561197960504314
76561197960504316
76561197960504317
76561197960504319
76561197960504320
76561197960504322
76561197960504323
76561197960504326
76561197960504327
76561197960504329
76561197960504330
76561197960504331
76561197960504332
76561197960504333
76561197960504335
76561197960504337
76561197960504339
76561197960504340
76561197960504341
76561197960504342
76561197960504346
76561197960504347
76561197960504348
76561197960504350
76561197960504351
76561197960504352
76561197960504353
76561197960504355
76561197960504356
76561197960504359
76561197960504360
76561197960504361
76561197960504362
76561197960504363
76561197960504365
76561197960504366
76561197960504367
76561197960504369
76561197960504370
76561197960504371
76561197960504372
76561197960504374
76561197960504377
76561197960504379
76561197960504381
76561197960504382
76561197960504384
76561197960504386
76561197960504387
76561197960504388
76561197960504390
76561197960504391
76561197960504392
76561197960504394
76561197960504395
76561197960504397
76561197960504398
76561197960504399
76561197960504400
76561197960504401
76561197960504402
76561197960504403
76561197960504405
76561197960504406
76561197960504407
76561197960504410
76561197960504411
76561197960504415
76561197960504416
76561197960504417
76561197960504418
76561197960504420
76561197960504421
76561197960504422
76561197960504423
76561197960504424
76561197960504425
76561197960504426
76561197960504427
76561197960504428
76561197960504429
76561197960504430
76561197960504432
76561197960504433
76561197960504435
76561197960504436
76561197960504437
76561197960504438
76561197960504440
76561197960504441
76561197960504443
76561197960504444
76561197960504445
76561197960504447
76561197960504448
76561197960504451
76561197960504452
76561197960504453
76561197960504454
76561197960504455
76561197960504456
76561197960504457
76561197960504458
76561197960504459
76561197960504461
76561197960504462
76561197960504463
76561197960504464
76561197960504465
76561197960504466
76561197960504467
76561197960504468
76561197960504469
76561197960504471
76561197960504472
76561197960504473
76561197960504474
76561197960504476
76561197960504477
76561197960504478
76561197960504479
76561197960504482
76561197960504483
76561197960504485
76561197960504488
76561197960504489
76561197960504492
76561197960504493
76561197960504497
76561197960504499
76561197960504500
76561197960504501
76561197960504502
76561197960504503
76561197960504506
76561197960504508
76561197960504510
76561197960504511
76561197960504512
76561197960504514
76561197960504515
76561197960504517
76561197960504518
76561197960504519
76561197960504520
76561197960504521
76561197960504522
76561197960504523
76561197960504524
76561197960504526
76561197960504527
76561197960504529
76561197960504530
76561197960504531
76561197960504532
76561197960504533
76561197960504534
76561197960504535
76561197960504538
76561197960504540
76561197960504541
76561197960504542
76561197960504543
76561197960504544
76561197960504545
76561197960504547
76561197960504551
