76561197960530675
76561197960530676
76561197960530677
76561197960530679
76561197960530680
76561197960530681
76561197960530682
76561197960530685
76561197960530686
76561197960530687
76561197960530688
76561197960530689
76561197960530691
76561197960530692
76561197960530693
76561197960530694
76561197960530695
76561197960530696
76561197960530699
76561197960530700
76561197960530701
76561197960530702
76561197960530703
76561197960530704
76561197960530705
76561197960530708
76561197960530710
76561197960530711
76561197960530713
76561197960530714
76561197960530715
76561197960530716
76561197960530717
76561197960530719
76561197960530720
76561197960530721
76561197960530723
76561197960530725
76561197960530726
76561197960530727
76561197960530728
76561197960530729
76561197960530731
76561197960530732
76561197960530733
76561197960530734
76561197960530735
76561197960530737
76561197960530739
76561197960530740
76561197960530741
76561197960530744
76561197960530745
76561197960530746
76561197960530747
76561197960530748
76561197960530749
76561197960530753
76561197960530754
76561197960530756
76561197960530758
76561197960530759
76561197960530760
76561197960530761
76561197960530763
76561197960530764
76561197960530765
76561197960530766
76561197960530767
76561197960530769
76561197960530770
76561197960530772
76561197960530774
76561197960530775
76561197960530776
76561197960530778
76561197960530783
76561197960530784
76561197960530786
76561197960530788
76561197960530789
76561197960530791
76561197960530792
76561197960530793
76561197960530794
76561197960530795
76561197960530797
76561197960530799
76561197960530800
76561197960530801
76561197960530802
76561197960530803
76561197960530804
76561197960530805
76561197960530806
76561197960530808
76561197960530811
76561197960530814
76561197960530816
76561197960530817
76561197960530818
76561197960530819
76561197960530821
76561197960530822
76561197960530823
76561197960530824
76561197960530825
76561197960530827
76561197960530828
76561197960530829
76561197960530830
76561197960530831
76561197960530832
76561197960530834
76561197960530835
76561197960530837
76561197960530839
76561197960530840
76561197960530841
76561197960530845
76561197960530847
76561197960530848
76561197960530849
76561197960530851
76561197960530852
76561197960530853
76561197960530856
76561197960530857
76561197960530858
76561197960530860
76561197960530861
76561197960530862
76561197960530863
76561197960530865
76561197960530866
76561197960530868
76561197960530869
76561197960530871
76561197960530872
76561197960530873
76561197960530874
76561197960530876
76561197960530877
76561197960530878
76561197960530879
76561197960530880
76561197960530881
76561197960530883
76561197960530884
76561197960530885
76561197960530886
76561197960530888
76561197960530889
76561197960530891
76561197960530892
76561197960530893
76561197960530894
76561197960530895
76561197960530896
76561197960530897
76561197960530898
76561197960530899
76561197960530900
76561197960530902
76561197960530903
76561197960530904
76561197960530910
76561197960530911
76561197960530914
76561197960530916
76561197960530917
76561197960530919
76561197960530921
76561197960530922
76561197960530924
76561197960530926
76561197960530927
76561197960530928
76561197960530930
76561197960530931
76561197960530933
76561197960530936
76561197960530939
76561197960530941
76561197960530943
76561197960530944
76561197960530945
76561197960530947
76561197960530948
76561197960530949
76561197960530951
76561197960530952
76561197960530953
76561197960530956
76561197960530957
76561197960530958
76561197960530959
76561197960530960
76561197960530961
76561197960530963
76561197960530964
76561197960530965
76561197960530967
76561197960530969
76561197960530971
76561197960530972
76561197960530974
76561197960530975
76561197960530977
76561197960530978
76561197960530980
76561197960530981
76561197960530984
76561197960530988
76561197960530992
76561197960530993
76561197960530995
76561197960530996
76561197960530997
76561197960530998
76561197960530999
76561197960531001
76561197960531002
76561197960531003
76561197960531004
76561197960531005
76561197960531006
76561197960531007
76561197960531008
76561197960531009
76561197960531010
76561197960531012
76561197960531013
76561197960531014
76561197960531015
76561197960531016
76561197960531017
76561197960531019
76561197960531020
76561197960531021
76561197960531022
76561197960531023
76561197960531026
76561197960531027
76561197960531028
76561197960531030
76561197960531031
76561197960531032
76561197960531033
76561197960531034
76561197960531035
76561197960531036
76561197960531037
76561197960531038
76561197960531040
76561197960531041
76561197960531042
76561197960531043
76561197960531046
76561197960531047
76561197960531048
76561197960531049
76561197960531050
76561197960531052
76561197960531053
76561197960531054
76561197960531058
76561197960531059
76561197960531061
76561197960531062
76561197960531063
76561197960531065
76561197960531066
76561197960531067
76561197960531069
76561197960531071
76561197960531072
76561197960531073
76561197960531074
76561197960531075
76561197960531076
76561197960531078
76561197960531079
76561197960531080
76561197960531081
76561197960531082
76561197960531083
76561197960531084
76561197960531085
76561197960531088
76561197960531089
76561197960531090
76561197960531092
76561197960531093
76561197960531096
76561197960531097
76561197960531098
76561197960531099
76561197960531101
76561197960531102
76561197960531104
76561197960531105
76561197960531106
76561197960531107
76561197960531108
76561197960531109
76561197960531110
76561197960531111
76561197960531112
76561197960531113
76561197960531114
76561197960531117
76561197960531118
76561197960531119
76561197960531122
76561197960531124
76561197960531125
76561197960531127
76561197960531128
76561197960531129
76561197960531130
76561197960531131
76561197960531132
76561197960531135
76561197960531136
76561197960531138
76561197960531139
76561197960531140
76561197960531141
76561197960531142
76561197960531143
76561197960531146
76561197960531147
76561197960531150
76561197960531151
76561197960531152
76561197960531153
76561197960531154
76561197960531155
76561197960531156
76561197960531159
76561197960531160
76561197960531161
76561197960531162
76561197960531163
76561197960531164
76561197960531167
76561197960531168
76561197960531172
76561197960531173
76561197960531174
76561197960531175
76561197960531176
76561197960531177
76561197960531178
76561197960531179
76561197960531180
76561197960531181
76561197960531182
76561197960531183
76561197960531184
76561197960531186
76561197960531187
76561197960531188
76561197960531189
76561197960531191
76561197960531192
76561197960531193
76561197960531195
76561197960531196
76561197960531197
76561197960531198
76561197960531199
76561197960531201
76561197960531202
76561197960531203
76561197960531204
76561197960531205
76561197960531206
76561197960531207
76561197960531208
76561197960531209
76561197960531212
76561197960531214
76561197960531215
76561197960531217
76561197960531219
76561197960531220
76561197960531221
76561197960531222
76561197960531223
76561197960531224
76561197960531225
76561197960531226
76561197960531227
76561197960531229
76561197960531230
76561197960531231
76561197960531232
76561197960531234
76561197960531235
76561197960531236
76561197960531237
76561197960531238
76561197960531239
76561197960531241
76561197960531242
76561197960531243
76561197960531244
76561197960531245
76561197960531246
76561197960531248
76561197960531250
76561197960531251
76561197960531252
76561197960531253
76561197960531254
76561197960531255
76561197960531256
76561197960531258
76561197960531259
76561197960531260
76561197960531261
76561197960531264
76561197960531265
76561197960531266
76561197960531268
76561197960531270
76561197960531273
76561197960531274
76561197960531276
76561197960531278
76561197960531279
76561197960531281
76561197960531282
76561197960531283
76561197960531285
76561197960531286
76561197960531288
76561197960531290
76561197960531291
76561197960531292
76561197960531293
76561197960531294
76561197960531295
76561197960531296
76561197960531297
76561197960531298
76561197960531299
76561197960531300
76561197960531302
76561197960531303
76561197960531304
76561197960531305
76561197960531306
76561197960531307
76561197960531310
76561197960531311
76561197960531313
76561197960531315
76561197960531318
76561197960531319
76561197960531320
76561197960531321
76561197960531322
76561197960531323
76561197960531324
76561197960531327
76561197960531328
76561197960531329
76561197960531330
76561197960531331
76561197960531333
76561197960531334
76561197960531335
76561197960531336
76561197960531337
76561197960531338
76561197960531340
76561197960531342
76561197960531344
76561197960531345
76561197960531347
76561197960531348
76561197960531350
76561197960531352
76561197960531354
76561197960531355
76561197960531356
76561197960531359
76561197960531360
76561197960531361
76561197960531362
76561197960531364
76561197960531365
76561197960531366
76561197960531367
76561197960531368
76561197960531369
76561197960531370
76561197960531371
76561197960531372
76561197960531373
76561197960531374
76561197960531375
76561197960531376
76561197960531377
76561197960531378
76561197960531379
76561197960531380
76561197960531381
76561197960531382
76561197960531384
76561197960531385
76561197960531386
76561197960531388
76561197960531389
76561197960531391
76561197960531392
76561197960531393
76561197960531394
76561197960531395
76561197960531396
76561197960531397
76561197960531398
76561197960531399
76561197960531400
76561197960531401
76561197960531402
76561197960531403
76561197960531404
76561197960531406
76561197960531407
76561197960531410
76561197960531411
76561197960531412
76561197960531413
76561197960531414
76561197960531415
76561197960531416
76561197960531417
76561197960531419
76561197960531421
76561197960531423
76561197960531425
76561197960531426
76561197960531427
76561197960531428
76561197960531429
76561197960531430
76561197960531431
76561197960531432
76561197960531434
76561197960531435
76561197960531436
76561197960531438
76561197960531442
76561197960531443
76561197960531444
76561197960531445
76561197960531449
76561197960531451
76561197960531452
76561197960531453
76561197960531454
76561197960531455
76561197960531456
76561197960531457
76561197960531458
76561197960531459
76561197960531460
76561197960531461
76561197960531465
76561197960531466
76561197960531467
76561197960531468
76561197960531470
76561197960531475
76561197960531476
76561197960531477
76561197960531478
76561197960531479
76561197960531480
76561197960531481
76561197960531482
76561197960531483
76561197960531485
76561197960531486
76561197960531487
76561197960531488
76561197960531489
76561197960531491
76561197960531492
76561197960531493
76561197960531494
76561197960531497
76561197960531498
76561197960531499
76561197960531501
76561197960531502
76561197960531505
76561197960531507
76561197960531508
76561197960531509
76561197960531511
76561197960531513
76561197960531514
76561197960531515
76561197960531518
76561197960531520
76561197960531521
76561197960531522
76561197960531523
76561197960531524
76561197960531525
76561197960531526
76561197960531528
76561197960531529
76561197960531530
76561197960531532
76561197960531533
76561197960531534
76561197960531535
76561197960531536
76561197960531537
76561197960531538
76561197960531539
76561197960531540
76561197960531541
76561197960531542
76561197960531543
76561197960531546
76561197960531547
76561197960531548
76561197960531549
76561197960531550
76561197960531551
76561197960531552
76561197960531553
76561197960531554
76561197960531555
76561197960531556
76561197960531557
76561197960531558
76561197960531560
76561197960531563
76561197960531566
76561197960531567
76561197960531569
76561197960531570
76561197960531571
76561197960531572
76561197960531573
76561197960531574
76561197960531576
76561197960531578
76561197960531579
76561197960531580
76561197960531581
76561197960531582
76561197960531583
76561197960531584
76561197960531586
76561197960531587
76561197960531588
76561197960531589
76561197960531592
76561197960531593
76561197960531594
76561197960531595
76561197960531596
76561197960531597
76561197960531598
76561197960531599
76561197960531601
76561197960531602
76561197960531603
76561197960531605
76561197960531606
76561197960531607
76561197960531609
76561197960531612
76561197960531613
76561197960531614
76561197960531615
76561197960531616
76561197960531618
76561197960531619
76561197960531620
76561197960531621
76561197960531622
76561197960531623
76561197960531625
76561197960531626
76561197960531627
76561197960531628
76561197960531629
76561197960531630
76561197960531631
76561197960531632
76561197960531633
76561197960531634
76561197960531635
76561197960531636
76561197960531637
76561197960531638
76561197960531640
76561197960531641
76561197960531642
76561197960531644
76561197960531648
76561197960531649
76561197960531650
76561197960531653
76561197960531654
76561197960531655
76561197960531656
76561197960531657
76561197960531658
76561197960531659
76561197960531660
76561197960531662
76561197960531668
76561197960531669
76561197960531670
76561197960531672
76561197960531673
76561197960531676
76561197960531679
76561197960531681
76561197960531682
76561197960531684
76561197960531685
76561197960531686
76561197960531687
76561197960531688
76561197960531690
76561197960531691
76561197960531692
76561197960531693
76561197960531694
76561197960531695
76561197960531696
76561197960531697
76561197960531698
76561197960531702
76561197960531703
76561197960531704
76561197960531709
76561197960531711
76561197960531715
76561197960531716
76561197960531717
76561197960531718
76561197960531719
76561197960531722
76561197960531723
76561197960531724
76561197960531726
76561197960531727
76561197960531728
76561197960531730
76561197960531731
76561197960531732
76561197960531733
76561197960531734
76561197960531736
76561197960531738
76561197960531740
76561197960531742
76561197960531743
76561197960531744
76561197960531747
76561197960531748
76561197960531749
76561197960531750
76561197960531752
76561197960531753
76561197960531755
76561197960531756
76561197960531757
76561197960531759
76561197960531760
76561197960531761
76561197960531762
76561197960531764
76561197960531765
76561197960531768
76561197960531769
76561197960531770
76561197960531771
76561197960531772
76561197960531773
76561197960531774
76561197960531775
76561197960531776
76561197960531778
76561197960531779
76561197960531780
76561197960531781
76561197960531782
76561197960531783
76561197960531785
76561197960531786
76561197960531787
76561197960531788
76561197960531789
76561197960531790
76561197960531791
76561197960531792
76561197960531793
76561197960531794
76561197960531795
76561197960531796
76561197960531797
76561197960531798
76561197960531801
76561197960531802
76561197960531803
76561197960531805
76561197960531807
76561197960531808
76561197960531809
76561197960531810
76561197960531811
76561197960531812
76561197960531813
76561197960531814
76561197960531815
76561197960531816
76561197960531817
76561197960531818
76561197960531819
76561197960531820
76561197960531821
76561197960531824
76561197960531825
76561197960531827
76561197960531828
76561197960531829
76561197960531830
76561197960531831
76561197960531832
76561197960531833
76561197960531834
76561197960531835
76561197960531837
76561197960531838
76561197960531840
76561197960531842
76561197960531845
76561197960531846
76561197960531847
76561197960531849
76561197960531850
76561197960531854
76561197960531856
76561197960531857
76561197960531859
76561197960531860
76561197960531861
76561197960531862
76561197960531863
76561197960531864
76561197960531865
76561197960531866
76561197960531868
76561197960531869
76561197960531870
76561197960531871
76561197960531873
76561197960531874
76561197960531875
76561197960531876
76561197960531877
76561197960531881
76561197960531882
76561197960531884
76561197960531885
76561197960531886
76561197960531887
76561197960531889
76561197960531890
76561197960531891
76561197960531893
76561197960531894
76561197960531895
76561197960531896
76561197960531897
76561197960531898
76561197960531900
76561197960531901
76561197960531902
76561197960531903
76561197960531904
76561197960531905
76561197960531906
76561197960531907
76561197960531908
76561197960531909
76561197960531912
76561197960531913
76561197960531914
76561197960531915
76561197960531916
76561197960531918
76561197960531920
76561197960531921
76561197960531922
76561197960531924
76561197960531926
76561197960531927
76561197960531928
76561197960531929
76561197960531930
76561197960531933
76561197960531935
76561197960531936
76561197960531939
76561197960531943
76561197960531944
76561197960531945
76561197960531947
76561197960531949
76561197960531950
76561197960531951
76561197960531953
76561197960531954
76561197960531956
76561197960531957
76561197960531958
76561197960531959
76561197960531960
76561197960531961
76561197960531962
76561197960531964
76561197960531965
76561197960531966
76561197960531967
76561197960531970
76561197960531972
76561197960531973
76561197960531974
76561197960531977
76561197960531978
76561197960531980
76561197960531981
76561197960531982
76561197960531983
76561197960531984
76561197960531985
76561197960531986
76561197960531987
76561197960531989
76561197960531990
76561197960531992
76561197960531993
76561197960531995
76561197960531996
76561197960531998
76561197960531999
76561197960532000
76561197960532002
76561197960532003
76561197960532004
76561197960532005
76561197960532006
76561197960532007
76561197960532008
76561197960532009
76561197960532010
76561197960532012
76561197960532013
76561197960532015
76561197960532017
76561197960532019
76561197960532020
76561197960532022
76561197960532023
76561197960532024
76561197960532025
76561197960532026
76561197960532027
76561197960532028
76561197960532029
76561197960532030
76561197960532031
76561197960532032
76561197960532034
76561197960532036
76561197960532037
76561197960532039
76561197960532040
76561197960532045
76561197960532047
76561197960532048
76561197960532049
76561197960532050
76561197960532051
76561197960532052
