76561197961290571
76561197961290574
76561197961290576
76561197961290577
76561197961290578
76561197961290581
76561197961290583
76561197961290584
76561197961290586
76561197961290587
76561197961290589
76561197961290590
76561197961290593
76561197961290595
76561197961290598
76561197961290601
76561197961290603
76561197961290604
76561197961290605
76561197961290606
76561197961290610
76561197961290614
76561197961290620
76561197961290621
76561197961290622
76561197961290624
76561197961290626
76561197961290630
76561197961290631
76561197961290632
76561197961290634
76561197961290635
76561197961290637
76561197961290638
76561197961290639
76561197961290643
76561197961290648
76561197961290649
76561197961290651
76561197961290652
76561197961290653
76561197961290654
76561197961290655
76561197961290657
76561197961290658
76561197961290660
76561197961290663
76561197961290664
76561197961290665
76561197961290669
76561197961290670
76561197961290673
76561197961290675
76561197961290678
76561197961290679
76561197961290682
76561197961290684
76561197961290687
76561197961290690
76561197961290694
76561197961290695
76561197961290696
76561197961290697
76561197961290700
76561197961290702
76561197961290703
76561197961290706
76561197961290707
76561197961290709
76561197961290720
76561197961290721
76561197961290724
76561197961290729
76561197961290731
76561197961290733
76561197961290739
76561197961290740
76561197961290744
76561197961290745
76561197961290746
76561197961290747
76561197961290749
76561197961290751
76561197961290752
76561197961290753
76561197961290755
76561197961290757
76561197961290758
76561197961290759
76561197961290761
76561197961290762
76561197961290765
76561197961290766
76561197961290769
76561197961290770
76561197961290771
76561197961290772
76561197961290775
76561197961290777
76561197961290778
76561197961290779
76561197961290782
76561197961290784
76561197961290785
76561197961290787
76561197961290796
76561197961290797
76561197961290800
76561197961290801
76561197961290802
76561197961290803
76561197961290804
76561197961290805
76561197961290806
76561197961290809
76561197961290814
76561197961290815
76561197961290818
76561197961290819
76561197961290822
76561197961290826
76561197961290831
76561197961290834
76561197961290835
76561197961290836
76561197961290841
76561197961290844
76561197961290845
76561197961290846
76561197961290847
76561197961290849
76561197961290852
76561197961290854
76561197961290856
76561197961290857
76561197961290858
76561197961290859
76561197961290860
76561197961290861
76561197961290869
76561197961290870
76561197961290871
76561197961290872
76561197961290873
76561197961290874
76561197961290875
76561197961290876
76561197961290877
76561197961290878
76561197961290879
76561197961290881
76561197961290882
76561197961290883
76561197961290884
76561197961290892
76561197961290893
76561197961290894
76561197961290895
76561197961290896
76561197961290897
76561197961290900
76561197961290901
76561197961290903
76561197961290904
76561197961290905
76561197961290906
76561197961290909
76561197961290912
76561197961290914
76561197961290917
76561197961290918
76561197961290921
76561197961290922
76561197961290926
76561197961290927
76561197961290928
76561197961290930
76561197961290935
76561197961290936
76561197961290938
76561197961290941
76561197961290943
76561197961290944
76561197961290951
76561197961290953
76561197961290955
76561197961290958
76561197961290960
76561197961290961
76561197961290965
76561197961290969
76561197961290970
76561197961290971
76561197961290974
76561197961290975
76561197961290978
76561197961290980
76561197961290981
76561197961290983
76561197961290985
76561197961290986
76561197961290988
76561197961290992
76561197961290993
76561197961290995
76561197961290996
76561197961290997
76561197961290998
76561197961290999
76561197961291005
76561197961291006
76561197961291007
76561197961291008
76561197961291012
76561197961291013
76561197961291014
76561197961291015
76561197961291017
76561197961291023
76561197961291024
76561197961291025
76561197961291027
76561197961291029
76561197961291030
76561197961291031
76561197961291037
76561197961291038
76561197961291041
76561197961291043
76561197961291047
76561197961291049
76561197961291050
76561197961291051
76561197961291054
76561197961291055
76561197961291056
76561197961291058
76561197961291059
76561197961291063
76561197961291064
76561197961291065
76561197961291070
76561197961291072
76561197961291074
76561197961291076
76561197961291077
76561197961291079
76561197961291081
76561197961291083
76561197961291084
76561197961291085
76561197961291086
76561197961291088
76561197961291089
76561197961291090
76561197961291091
76561197961291092
76561197961291095
76561197961291097
76561197961291098
76561197961291099
76561197961291103
76561197961291104
76561197961291105
76561197961291108
76561197961291109
76561197961291110
76561197961291111
76561197961291112
76561197961291114
76561197961291115
76561197961291118
76561197961291119
76561197961291120
76561197961291121
76561197961291122
76561197961291123
76561197961291126
76561197961291129
76561197961291130
76561197961291131
76561197961291132
76561197961291138
76561197961291139
76561197961291141
76561197961291144
76561197961291145
76561197961291146
76561197961291149
76561197961291152
76561197961291154
76561197961291155
76561197961291157
76561197961291158
76561197961291161
76561197961291162
76561197961291164
76561197961291168
76561197961291172
76561197961291173
76561197961291179
76561197961291180
76561197961291181
76561197961291183
76561197961291185
76561197961291186
76561197961291187
76561197961291191
76561197961291192
76561197961291194
76561197961291195
76561197961291199
76561197961291202
76561197961291204
76561197961291206
76561197961291208
76561197961291210
76561197961291211
76561197961291214
76561197961291216
76561197961291217
76561197961291218
76561197961291220
76561197961291223
76561197961291224
76561197961291227
76561197961291228
76561197961291231
76561197961291232
76561197961291234
76561197961291237
76561197961291240
76561197961291242
76561197961291243
76561197961291249
76561197961291250
76561197961291256
76561197961291258
76561197961291260
76561197961291264
76561197961291266
76561197961291271
76561197961291275
76561197961291277
76561197961291278
76561197961291281
76561197961291282
76561197961291283
76561197961291284
76561197961291286
76561197961291287
76561197961291288
76561197961291293
76561197961291294
76561197961291295
76561197961291297
76561197961291299
76561197961291300
76561197961291301
76561197961291303
76561197961291304
76561197961291305
76561197961291306
76561197961291307
76561197961291310
76561197961291311
76561197961291313
76561197961291314
76561197961291315
76561197961291316
76561197961291317
76561197961291318
76561197961291319
76561197961291320
76561197961291321
76561197961291323
76561197961291326
76561197961291329
76561197961291331
76561197961291333
76561197961291335
76561197961291340
76561197961291343
76561197961291344
76561197961291346
76561197961291347
76561197961291349
76561197961291350
76561197961291351
76561197961291352
76561197961291354
76561197961291356
76561197961291357
76561197961291359
76561197961291360
76561197961291361
76561197961291362
76561197961291364
76561197961291367
76561197961291369
76561197961291371
76561197961291374
76561197961291376
76561197961291380
76561197961291381
76561197961291382
76561197961291383
76561197961291388
76561197961291389
76561197961291391
76561197961291392
76561197961291395
76561197961291397
76561197961291398
76561197961291399
76561197961291400
76561197961291401
76561197961291402
76561197961291403
76561197961291405
76561197961291406
76561197961291407
76561197961291408
76561197961291409
76561197961291412
76561197961291417
76561197961291419
76561197961291420
76561197961291421
76561197961291423
76561197961291424
76561197961291426
76561197961291429
76561197961291430
76561197961291431
76561197961291432
76561197961291433
76561197961291435
76561197961291439
76561197961291440
76561197961291443
76561197961291446
76561197961291448
76561197961291449
76561197961291450
76561197961291451
76561197961291452
76561197961291453
76561197961291454
76561197961291455
76561197961291457
76561197961291458
76561197961291460
76561197961291461
76561197961291463
76561197961291464
76561197961291465
76561197961291470
76561197961291471
76561197961291472
76561197961291473
76561197961291474
76561197961291477
76561197961291478
76561197961291479
76561197961291480
76561197961291482
76561197961291485
76561197961291486
76561197961291487
76561197961291488
76561197961291490
76561197961291493
76561197961291494
76561197961291495
76561197961291498
76561197961291499
76561197961291502
76561197961291505
76561197961291506
76561197961291509
76561197961291510
76561197961291511
76561197961291514
76561197961291515
76561197961291518
76561197961291519
76561197961291521
76561197961291522
76561197961291523
76561197961291524
76561197961291526
76561197961291527
76561197961291528
76561197961291531
76561197961291534
76561197961291536
76561197961291538
76561197961291541
76561197961291544
76561197961291548
76561197961291550
76561197961291551
76561197961291554
76561197961291555
76561197961291558
76561197961291559
76561197961291560
76561197961291562
76561197961291564
76561197961291569
76561197961291570
76561197961291571
76561197961291572
76561197961291573
76561197961291576
76561197961291578
76561197961291579
76561197961291582
76561197961291584
76561197961291587
76561197961291588
76561197961291589
76561197961291590
76561197961291592
76561197961291594
76561197961291595
76561197961291596
76561197961291600
76561197961291601
76561197961291602
76561197961291603
76561197961291606
76561197961291608
76561197961291610
76561197961291611
76561197961291614
76561197961291616
76561197961291617
76561197961291618
76561197961291621
76561197961291623
76561197961291624
76561197961291625
76561197961291626
76561197961291627
76561197961291631
76561197961291634
76561197961291637
76561197961291638
76561197961291639
76561197961291640
76561197961291641
76561197961291644
76561197961291646
76561197961291647
76561197961291651
76561197961291652
76561197961291658
76561197961291659
76561197961291660
76561197961291663
76561197961291664
76561197961291666
76561197961291667
76561197961291669
76561197961291671
76561197961291672
76561197961291673
76561197961291676
76561197961291679
76561197961291680
76561197961291682
76561197961291685
76561197961291686
76561197961291690
76561197961291691
76561197961291692
76561197961291693
76561197961291694
76561197961291695
76561197961291697
76561197961291698
76561197961291700
76561197961291701
76561197961291702
76561197961291703
76561197961291704
76561197961291705
76561197961291707
76561197961291708
76561197961291709
76561197961291711
76561197961291712
76561197961291714
76561197961291715
76561197961291716
76561197961291717
76561197961291719
76561197961291729
76561197961291730
76561197961291731
76561197961291732
76561197961291736
76561197961291742
76561197961291744
76561197961291745
76561197961291746
76561197961291748
76561197961291749
76561197961291753
76561197961291755
76561197961291758
76561197961291759
76561197961291760
76561197961291761
76561197961291762
76561197961291766
76561197961291771
76561197961291772
76561197961291774
76561197961291775
76561197961291776
76561197961291777
76561197961291778
76561197961291781
76561197961291782
76561197961291784
76561197961291785
76561197961291789
76561197961291790
76561197961291791
76561197961291793
76561197961291796
76561197961291798
76561197961291799
76561197961291800
76561197961291801
76561197961291802
76561197961291803
76561197961291804
76561197961291806
76561197961291809
76561197961291813
76561197961291814
76561197961291816
76561197961291823
76561197961291824
76561197961291825
76561197961291829
76561197961291830
76561197961291831
76561197961291832
76561197961291834
76561197961291835
76561197961291836
76561197961291838
76561197961291841
76561197961291842
76561197961291847
76561197961291849
76561197961291851
76561197961291855
76561197961291856
76561197961291857
76561197961291858
76561197961291861
76561197961291864
76561197961291865
76561197961291868
76561197961291869
76561197961291873
76561197961291875
76561197961291876
76561197961291878
76561197961291879
76561197961291882
76561197961291886
76561197961291890
76561197961291891
76561197961291896
76561197961291897
76561197961291900
76561197961291901
76561197961291903
76561197961291904
76561197961291905
76561197961291906
76561197961291908
76561197961291910
76561197961291911
76561197961291914
76561197961291915
76561197961291916
76561197961291918
76561197961291919
76561197961291920
76561197961291921
76561197961291922
76561197961291923
76561197961291924
76561197961291931
76561197961291932
76561197961291934
76561197961291935
76561197961291936
76561197961291940
76561197961291941
76561197961291943
76561197961291944
76561197961291947
76561197961291948
76561197961291949
76561197961291951
76561197961291952
76561197961291953
76561197961291955
76561197961291957
76561197961291958
76561197961291959
76561197961291962
76561197961291964
76561197961291969
76561197961291970
76561197961291971
76561197961291974
76561197961291975
76561197961291978
76561197961291982
76561197961291983
76561197961291984
76561197961291985
76561197961291987
76561197961291989
76561197961291991
76561197961291992
76561197961291993
76561197961291995
76561197961291996
76561197961291999
76561197961292000
76561197961292002
76561197961292004
76561197961292005
76561197961292007
76561197961292010
76561197961292012
76561197961292014
76561197961292016
76561197961292017
76561197961292019
76561197961292021
76561197961292025
76561197961292027
76561197961292031
76561197961292032
76561197961292035
76561197961292036
76561197961292037
76561197961292040
76561197961292042
76561197961292043
76561197961292048
76561197961292049
76561197961292052
76561197961292053
76561197961292054
76561197961292055
76561197961292058
76561197961292060
76561197961292061
76561197961292063
76561197961292064
76561197961292066
76561197961292067
76561197961292069
76561197961292070
76561197961292074
76561197961292078
76561197961292079
76561197961292080
76561197961292082
76561197961292083
76561197961292084
76561197961292085
76561197961292092
76561197961292094
76561197961292096
76561197961292099
76561197961292102
76561197961292105
76561197961292106
76561197961292108
76561197961292112
76561197961292113
76561197961292114
76561197961292116
76561197961292119
76561197961292120
76561197961292122
76561197961292123
76561197961292124
76561197961292125
76561197961292127
76561197961292128
76561197961292131
76561197961292134
76561197961292136
76561197961292137
76561197961292138
76561197961292139
76561197961292140
76561197961292141
76561197961292143
76561197961292147
76561197961292148
76561197961292150
76561197961292155
76561197961292156
76561197961292157
76561197961292158
76561197961292161
76561197961292162
76561197961292163
76561197961292165
76561197961292169
76561197961292170
76561197961292171
76561197961292173
76561197961292181
76561197961292182
76561197961292183
76561197961292184
76561197961292185
76561197961292186
76561197961292188
76561197961292189
76561197961292190
76561197961292192
76561197961292195
76561197961292196
76561197961292198
76561197961292199
76561197961292200
76561197961292201
76561197961292206
76561197961292207
76561197961292208
76561197961292209
76561197961292211
76561197961292212
76561197961292213
76561197961292214
76561197961292219
76561197961292220
76561197961292222
76561197961292223
76561197961292227
76561197961292229
76561197961292230
76561197961292231
76561197961292232
76561197961292233
76561197961292234
76561197961292236
76561197961292238
76561197961292241
76561197961292244
76561197961292246
76561197961292247
76561197961292248
76561197961292249
76561197961292251
76561197961292252
76561197961292253
76561197961292254
76561197961292255
76561197961292256
76561197961292257
76561197961292258
76561197961292260
76561197961292264
76561197961292265
76561197961292267
76561197961292268
76561197961292276
76561197961292277
76561197961292278
76561197961292280
76561197961292282
76561197961292284
76561197961292285
76561197961292288
76561197961292289
76561197961292290
76561197961292292
76561197961292293
76561197961292295
76561197961292296
76561197961292299
76561197961292301
76561197961292303
76561197961292304
76561197961292306
76561197961292307
76561197961292308
76561197961292309
76561197961292311
76561197961292314
76561197961292315
76561197961292316
76561197961292318
76561197961292321
76561197961292322
76561197961292326
76561197961292327
76561197961292328
76561197961292331
76561197961292332
76561197961292333
76561197961292334
76561197961292335
76561197961292338
76561197961292339
76561197961292341
76561197961292343
76561197961292344
76561197961292345
76561197961292349
76561197961292352
76561197961292358
76561197961292360
76561197961292361
76561197961292363
76561197961292366
76561197961292367
76561197961292376
76561197961292377
76561197961292378
76561197961292379
76561197961292380
76561197961292383
76561197961292384
76561197961292386
76561197961292387
76561197961292388
76561197961292390
76561197961292393
76561197961292396
76561197961292397
76561197961292398
76561197961292400
76561197961292402
76561197961292404
76561197961292405
76561197961292406
76561197961292409
76561197961292412
76561197961292415
76561197961292417
76561197961292418
76561197961292419
76561197961292420
76561197961292421
76561197961292422
76561197961292423
76561197961292424
76561197961292427
76561197961292429
76561197961292431
76561197961292433
76561197961292435
76561197961292436
76561197961292437
76561197961292438
76561197961292440
76561197961292441
76561197961292443
76561197961292444
76561197961292451
76561197961292455
76561197961292456
76561197961292457
76561197961292458
76561197961292460
76561197961292462
76561197961292463
76561197961292465
76561197961292471
76561197961292472
76561197961292475
76561197961292476
76561197961292479
76561197961292480
76561197961292482
76561197961292485
76561197961292489
76561197961292490
76561197961292492
76561197961292493
