76561197961777411
76561197961777412
76561197961777413
76561197961777414
76561197961777417
76561197961777419
76561197961777420
76561197961777423
76561197961777425
76561197961777426
76561197961777429
76561197961777430
76561197961777434
76561197961777435
76561197961777437
76561197961777438
76561197961777440
76561197961777442
76561197961777443
76561197961777445
76561197961777446
76561197961777447
76561197961777448
76561197961777449
76561197961777450
76561197961777451
76561197961777454
76561197961777455
76561197961777459
76561197961777461
76561197961777463
76561197961777466
76561197961777468
76561197961777469
76561197961777471
76561197961777472
76561197961777473
76561197961777474
76561197961777478
76561197961777479
76561197961777480
76561197961777483
76561197961777484
76561197961777485
76561197961777486
76561197961777487
76561197961777488
76561197961777492
76561197961777493
76561197961777494
76561197961777495
76561197961777497
76561197961777499
76561197961777500
76561197961777501
76561197961777502
76561197961777504
76561197961777506
76561197961777508
76561197961777511
76561197961777512
76561197961777513
76561197961777514
76561197961777515
76561197961777517
76561197961777518
76561197961777521
76561197961777522
76561197961777523
76561197961777524
76561197961777527
76561197961777529
76561197961777531
76561197961777534
76561197961777535
76561197961777536
76561197961777537
76561197961777541
76561197961777542
76561197961777543
76561197961777544
76561197961777545
76561197961777547
76561197961777549
76561197961777552
76561197961777553
76561197961777554
76561197961777556
76561197961777557
76561197961777558
76561197961777561
76561197961777562
76561197961777563
76561197961777564
76561197961777565
76561197961777567
76561197961777569
76561197961777572
76561197961777574
76561197961777575
76561197961777576
76561197961777577
76561197961777578
76561197961777582
76561197961777583
76561197961777584
76561197961777585
76561197961777587
76561197961777589
76561197961777590
76561197961777591
76561197961777592
76561197961777593
76561197961777594
76561197961777597
76561197961777599
76561197961777600
76561197961777601
76561197961777602
76561197961777604
76561197961777605
76561197961777606
76561197961777608
76561197961777609
76561197961777611
76561197961777613
76561197961777614
76561197961777615
76561197961777616
76561197961777617
76561197961777620
76561197961777621
76561197961777622
76561197961777623
76561197961777626
76561197961777627
76561197961777628
76561197961777629
76561197961777630
76561197961777632
76561197961777633
76561197961777634
76561197961777635
76561197961777639
76561197961777641
76561197961777642
76561197961777643
76561197961777645
76561197961777646
76561197961777648
76561197961777649
76561197961777650
76561197961777652
76561197961777653
76561197961777654
76561197961777655
76561197961777658
76561197961777659
76561197961777660
76561197961777663
76561197961777664
76561197961777666
76561197961777667
76561197961777668
76561197961777671
76561197961777674
76561197961777676
76561197961777677
76561197961777679
76561197961777680
76561197961777681
76561197961777683
76561197961777685
76561197961777687
76561197961777689
76561197961777692
76561197961777695
76561197961777697
76561197961777698
76561197961777699
76561197961777701
76561197961777704
76561197961777707
76561197961777708
76561197961777712
76561197961777714
76561197961777715
76561197961777717
76561197961777721
76561197961777722
76561197961777723
76561197961777724
76561197961777725
76561197961777727
76561197961777728
76561197961777729
76561197961777730
76561197961777731
76561197961777732
76561197961777733
76561197961777734
76561197961777735
76561197961777739
76561197961777741
76561197961777743
76561197961777745
76561197961777747
76561197961777749
76561197961777750
76561197961777752
76561197961777753
76561197961777754
76561197961777755
76561197961777756
76561197961777757
76561197961777758
76561197961777759
76561197961777760
76561197961777761
76561197961777762
76561197961777763
76561197961777764
76561197961777765
76561197961777769
76561197961777772
76561197961777774
76561197961777781
76561197961777782
76561197961777783
76561197961777784
76561197961777785
76561197961777787
76561197961777789
76561197961777790
76561197961777791
76561197961777792
76561197961777793
76561197961777794
76561197961777795
76561197961777797
76561197961777798
76561197961777799
76561197961777802
76561197961777803
76561197961777804
76561197961777805
76561197961777806
76561197961777807
76561197961777808
76561197961777809
76561197961777810
76561197961777811
76561197961777814
76561197961777815
76561197961777816
76561197961777817
76561197961777818
76561197961777819
76561197961777820
76561197961777821
76561197961777822
76561197961777823
76561197961777825
76561197961777827
76561197961777828
76561197961777829
76561197961777831
76561197961777832
76561197961777834
76561197961777835
76561197961777836
76561197961777838
76561197961777839
76561197961777841
76561197961777842
76561197961777843
76561197961777844
76561197961777845
76561197961777846
76561197961777847
76561197961777848
76561197961777850
76561197961777853
76561197961777856
76561197961777857
76561197961777858
76561197961777861
76561197961777864
76561197961777867
76561197961777868
76561197961777869
76561197961777870
76561197961777871
76561197961777872
76561197961777877
76561197961777880
76561197961777881
76561197961777884
76561197961777887
76561197961777889
76561197961777890
76561197961777891
76561197961777894
76561197961777896
76561197961777897
76561197961777898
76561197961777899
76561197961777902
76561197961777903
76561197961777906
76561197961777910
76561197961777914
76561197961777919
76561197961777920
76561197961777921
76561197961777922
76561197961777923
76561197961777924
76561197961777925
76561197961777926
76561197961777927
76561197961777929
76561197961777930
76561197961777932
76561197961777934
76561197961777938
76561197961777939
76561197961777940
76561197961777941
76561197961777942
76561197961777945
76561197961777946
76561197961777948
76561197961777952
76561197961777953
76561197961777954
76561197961777956
76561197961777957
76561197961777958
76561197961777959
76561197961777961
76561197961777962
76561197961777963
76561197961777965
76561197961777966
76561197961777967
76561197961777968
76561197961777969
76561197961777970
76561197961777971
76561197961777973
76561197961777974
76561197961777976
76561197961777978
76561197961777979
76561197961777981
76561197961777983
76561197961777984
76561197961777985
76561197961777990
76561197961777991
76561197961777992
76561197961777993
76561197961777994
76561197961777996
76561197961777997
76561197961777998
76561197961777999
76561197961778001
76561197961778004
76561197961778005
76561197961778007
76561197961778008
76561197961778010
76561197961778011
76561197961778012
76561197961778013
76561197961778014
76561197961778016
76561197961778017
76561197961778018
76561197961778020
76561197961778024
76561197961778025
76561197961778026
76561197961778027
76561197961778031
76561197961778033
76561197961778036
76561197961778037
76561197961778039
76561197961778040
76561197961778041
76561197961778043
76561197961778052
76561197961778054
76561197961778055
76561197961778056
76561197961778059
76561197961778060
76561197961778061
76561197961778063
76561197961778064
76561197961778067
76561197961778068
76561197961778070
76561197961778072
76561197961778074
76561197961778076
76561197961778077
76561197961778078
76561197961778079
76561197961778080
76561197961778081
76561197961778082
76561197961778084
76561197961778090
76561197961778091
76561197961778092
76561197961778094
76561197961778095
76561197961778096
76561197961778097
76561197961778099
76561197961778100
76561197961778103
76561197961778104
76561197961778105
76561197961778107
76561197961778108
76561197961778109
76561197961778110
76561197961778112
76561197961778113
76561197961778115
76561197961778116
76561197961778117
76561197961778120
76561197961778122
76561197961778123
76561197961778124
76561197961778125
76561197961778126
76561197961778127
76561197961778129
76561197961778131
76561197961778132
76561197961778134
76561197961778135
76561197961778136
76561197961778137
76561197961778138
76561197961778140
76561197961778142
76561197961778144
76561197961778145
76561197961778147
76561197961778148
76561197961778149
76561197961778150
76561197961778151
76561197961778158
76561197961778159
76561197961778162
76561197961778163
76561197961778164
76561197961778165
76561197961778169
76561197961778170
76561197961778171
76561197961778173
76561197961778174
76561197961778175
76561197961778177
76561197961778178
76561197961778179
76561197961778181
76561197961778182
76561197961778184
76561197961778186
76561197961778188
76561197961778189
76561197961778190
76561197961778191
76561197961778193
76561197961778194
76561197961778196
76561197961778197
76561197961778198
76561197961778199
76561197961778200
76561197961778202
76561197961778203
76561197961778204
76561197961778206
76561197961778209
76561197961778210
76561197961778212
76561197961778213
76561197961778215
76561197961778216
76561197961778219
76561197961778220
76561197961778221
76561197961778222
76561197961778224
76561197961778228
76561197961778230
76561197961778232
76561197961778233
76561197961778234
76561197961778236
76561197961778239
76561197961778241
76561197961778242
76561197961778243
76561197961778245
76561197961778246
76561197961778247
76561197961778248
76561197961778250
76561197961778251
76561197961778252
76561197961778254
76561197961778256
76561197961778257
76561197961778258
76561197961778259
76561197961778260
76561197961778261
76561197961778264
76561197961778265
76561197961778266
76561197961778268
76561197961778269
76561197961778270
76561197961778271
76561197961778272
76561197961778274
76561197961778278
76561197961778281
76561197961778282
76561197961778283
76561197961778284
76561197961778285
76561197961778286
76561197961778287
76561197961778288
76561197961778290
76561197961778291
76561197961778292
76561197961778293
76561197961778294
76561197961778295
76561197961778296
76561197961778297
76561197961778298
76561197961778300
76561197961778301
76561197961778302
76561197961778305
76561197961778306
76561197961778307
76561197961778308
76561197961778309
76561197961778310
76561197961778311
76561197961778313
76561197961778319
76561197961778321
76561197961778322
76561197961778323
76561197961778325
76561197961778326
76561197961778328
76561197961778329
76561197961778332
76561197961778333
76561197961778334
76561197961778336
76561197961778338
76561197961778339
76561197961778341
76561197961778343
76561197961778346
76561197961778347
76561197961778348
76561197961778349
76561197961778350
76561197961778351
76561197961778352
76561197961778353
76561197961778355
76561197961778357
76561197961778358
76561197961778359
76561197961778362
76561197961778363
76561197961778364
76561197961778367
76561197961778368
76561197961778369
76561197961778370
76561197961778372
76561197961778375
76561197961778376
76561197961778378
76561197961778381
76561197961778383
76561197961778384
76561197961778385
76561197961778386
76561197961778387
76561197961778389
76561197961778390
76561197961778391
76561197961778392
76561197961778396
76561197961778397
76561197961778399
76561197961778400
76561197961778401
76561197961778403
76561197961778404
76561197961778406
76561197961778407
76561197961778410
76561197961778414
76561197961778415
76561197961778416
76561197961778418
76561197961778419
76561197961778420
76561197961778421
76561197961778424
76561197961778427
76561197961778428
76561197961778429
76561197961778430
76561197961778432
76561197961778433
76561197961778434
76561197961778436
76561197961778439
76561197961778440
76561197961778441
76561197961778445
76561197961778446
76561197961778450
76561197961778451
76561197961778452
76561197961778453
76561197961778454
76561197961778455
76561197961778457
76561197961778458
76561197961778459
76561197961778461
76561197961778464
76561197961778465
76561197961778467
76561197961778468
76561197961778469
76561197961778470
76561197961778471
76561197961778472
76561197961778474
76561197961778475
76561197961778476
76561197961778478
76561197961778479
76561197961778480
76561197961778482
76561197961778484
76561197961778486
76561197961778488
76561197961778489
76561197961778491
76561197961778492
76561197961778493
76561197961778496
76561197961778498
76561197961778499
76561197961778501
76561197961778503
76561197961778505
76561197961778506
76561197961778507
76561197961778508
76561197961778509
76561197961778512
76561197961778513
76561197961778514
76561197961778515
76561197961778517
76561197961778519
76561197961778520
76561197961778521
76561197961778525
76561197961778526
76561197961778544
76561197961778545
76561197961778573
76561197961778585
76561197961778597
76561197961778626
76561197961778633
76561197961778675
76561197961778703
76561197961778749
76561197961778750
76561197961778759
76561197961778773
76561197961778805
76561197961778825
76561197961778828
76561197961778829
76561197961778832
76561197961778837
76561197961778838
76561197961778841
76561197961778842
76561197961778843
76561197961778844
76561197961778845
76561197961778846
76561197961778847
76561197961778849
76561197961778851
76561197961778852
76561197961778853
76561197961778854
76561197961778855
76561197961778856
76561197961778861
76561197961778862
76561197961778863
76561197961778864
76561197961778865
76561197961778866
76561197961778867
76561197961778870
76561197961778875
76561197961778876
76561197961778877
76561197961778880
76561197961778881
76561197961778882
76561197961778884
76561197961778887
76561197961778888
76561197961778889
76561197961778890
76561197961778892
76561197961778893
76561197961778894
76561197961778896
76561197961778897
76561197961778899
76561197961778900
76561197961778901
76561197961778903
76561197961778904
76561197961778905
76561197961778907
76561197961778908
76561197961778909
76561197961778910
76561197961778911
76561197961778913
76561197961778914
76561197961778916
76561197961778917
76561197961778918
76561197961778921
76561197961778923
76561197961778926
76561197961778927
76561197961778929
76561197961778930
76561197961778933
76561197961778935
76561197961778936
76561197961778937
76561197961778938
76561197961778940
76561197961778941
76561197961778944
76561197961778945
76561197961778946
76561197961778948
76561197961778950
76561197961778951
76561197961778953
76561197961778954
76561197961778955
76561197961778956
76561197961778957
76561197961778959
76561197961778961
76561197961778962
76561197961778964
76561197961778965
76561197961778966
76561197961778968
76561197961778969
76561197961778972
76561197961778976
76561197961778979
76561197961778980
76561197961778981
76561197961778982
76561197961778983
76561197961778984
76561197961778985
76561197961778986
76561197961778987
76561197961778988
76561197961778990
76561197961778991
76561197961778992
76561197961778994
76561197961778996
76561197961778997
76561197961778998
76561197961779003
76561197961779004
76561197961779005
76561197961779008
76561197961779009
76561197961779010
76561197961779011
76561197961779012
76561197961779013
76561197961779014
76561197961779015
76561197961779016
76561197961779019
76561197961779020
76561197961779022
76561197961779023
76561197961779024
76561197961779025
76561197961779026
76561197961779027
76561197961779028
76561197961779030
76561197961779032
76561197961779034
76561197961779036
76561197961779041
76561197961779043
76561197961779044
76561197961779047
76561197961779048
76561197961779052
76561197961779054
76561197961779055
76561197961779058
76561197961779060
76561197961779061
76561197961779062
76561197961779063
76561197961779065
76561197961779066
76561197961779067
76561197961779069
76561197961779070
76561197961779071
76561197961779072
76561197961779073
76561197961779075
76561197961779076
76561197961779077
76561197961779080
76561197961779083
76561197961779085
76561197961779086
76561197961779087
76561197961779090
76561197961779091
76561197961779096
76561197961779098
76561197961779100
76561197961779102
76561197961779103
76561197961779104
76561197961779105
76561197961779108
76561197961779109
76561197961779110
76561197961779111
76561197961779113
76561197961779114
76561197961779115
76561197961779116
76561197961779117
76561197961779118
76561197961779120
76561197961779122
76561197961779123
76561197961779124
76561197961779125
76561197961779126
76561197961779128
76561197961779130
76561197961779133
76561197961779134
76561197961779137
76561197961779138
76561197961779139
76561197961779142
76561197961779143
76561197961779144
76561197961779146
76561197961779148
76561197961779149
76561197961779150
76561197961779151
76561197961779153
76561197961779154
76561197961779156
76561197961779157
76561197961779159
76561197961779160
76561197961779161
76561197961779162
76561197961779163
76561197961779165
76561197961779166
76561197961779167
76561197961779168
76561197961779171
76561197961779172
76561197961779173
76561197961779174
76561197961779176
76561197961779177
76561197961779178
76561197961779179
76561197961779182
76561197961779183
76561197961779186
76561197961779187
76561197961779188
76561197961779189
76561197961779190
76561197961779192
76561197961779194
76561197961779197
76561197961779199
76561197961779200
76561197961779201
76561197961779202
76561197961779204
76561197961779205
76561197961779206
76561197961779208
76561197961779212
76561197961779213
76561197961779214
76561197961779216
76561197961779219
76561197961779221
76561197961779222
76561197961779223
76561197961779224
76561197961779225
76561197961779227
76561197961779228
76561197961779229
76561197961779230
76561197961779231
76561197961779232
76561197961779234
76561197961779236
76561197961779237
76561197961779238
76561197961779240
76561197961779241
76561197961779243
76561197961779244
76561197961779246
76561197961779247
76561197961779249
76561197961779252
76561197961779255
76561197961779259
76561197961779262
76561197961779266
76561197961779267
76561197961779268
76561197961779269
76561197961779270
76561197961779271
76561197961779272
76561197961779273
76561197961779276
76561197961779277
76561197961779279
