76561197961151796
76561197961151797
76561197961151798
76561197961151799
76561197961151801
76561197961151802
76561197961151805
76561197961151806
76561197961151808
76561197961151809
76561197961151810
76561197961151811
76561197961151813
76561197961151815
76561197961151817
76561197961151818
76561197961151819
76561197961151821
76561197961151822
76561197961151823
76561197961151824
76561197961151825
76561197961151826
76561197961151828
76561197961151829
76561197961151831
76561197961151834
76561197961151835
76561197961151836
76561197961151837
76561197961151838
76561197961151840
76561197961151842
76561197961151843
76561197961151844
76561197961151845
76561197961151846
76561197961151847
76561197961151848
76561197961151851
76561197961151852
76561197961151853
76561197961151854
76561197961151857
76561197961151859
76561197961151862
76561197961151863
76561197961151864
76561197961151865
76561197961151866
76561197961151867
76561197961151868
76561197961151869
76561197961151870
76561197961151871
76561197961151873
76561197961151874
76561197961151875
76561197961151877
76561197961151878
76561197961151880
76561197961151882
76561197961151883
76561197961151884
76561197961151886
76561197961151887
76561197961151888
76561197961151890
76561197961151893
76561197961151895
76561197961151898
76561197961151901
76561197961151902
76561197961151903
76561197961151906
76561197961151907
76561197961151908
76561197961151909
76561197961151910
76561197961151911
76561197961151912
76561197961151914
76561197961151915
76561197961151916
76561197961151917
76561197961151920
76561197961151921
76561197961151924
76561197961151926
76561197961151927
76561197961151928
76561197961151929
76561197961151931
76561197961151932
76561197961151933
76561197961151935
76561197961151938
76561197961151941
76561197961151942
76561197961151943
76561197961151945
76561197961151947
76561197961151949
76561197961151951
76561197961151953
76561197961151954
76561197961151955
76561197961151957
76561197961151958
76561197961151959
76561197961151961
76561197961151963
76561197961151966
76561197961151967
76561197961151968
76561197961151969
76561197961151971
76561197961151973
76561197961151975
76561197961151976
76561197961151977
76561197961151979
76561197961151980
76561197961151981
76561197961151982
76561197961151984
76561197961151985
76561197961151986
76561197961151987
76561197961151988
76561197961151989
76561197961151993
76561197961151997
76561197961151998
76561197961151999
76561197961152000
76561197961152001
76561197961152002
76561197961152003
76561197961152007
76561197961152009
76561197961152011
76561197961152012
76561197961152014
76561197961152016
76561197961152017
76561197961152019
76561197961152021
76561197961152022
76561197961152023
76561197961152025
76561197961152026
76561197961152027
76561197961152028
76561197961152029
76561197961152031
76561197961152033
76561197961152035
76561197961152036
76561197961152037
76561197961152038
76561197961152039
76561197961152041
76561197961152044
76561197961152046
76561197961152047
76561197961152048
76561197961152049
76561197961152050
76561197961152051
76561197961152052
76561197961152053
76561197961152054
76561197961152055
76561197961152056
76561197961152057
76561197961152058
76561197961152059
76561197961152060
76561197961152061
76561197961152063
76561197961152067
76561197961152068
76561197961152069
76561197961152071
76561197961152074
76561197961152075
76561197961152078
76561197961152079
76561197961152080
76561197961152081
76561197961152082
76561197961152083
76561197961152085
76561197961152087
76561197961152088
76561197961152090
76561197961152091
76561197961152092
76561197961152093
76561197961152094
76561197961152096
76561197961152099
76561197961152100
76561197961152103
76561197961152105
76561197961152106
76561197961152107
76561197961152108
76561197961152109
76561197961152110
76561197961152117
76561197961152118
76561197961152119
76561197961152121
76561197961152123
76561197961152124
76561197961152125
76561197961152126
76561197961152130
76561197961152131
76561197961152132
76561197961152138
76561197961152139
76561197961152140
76561197961152143
76561197961152147
76561197961152148
76561197961152149
76561197961152150
76561197961152151
76561197961152153
76561197961152155
76561197961152157
76561197961152158
76561197961152161
76561197961152162
76561197961152164
76561197961152165
76561197961152166
76561197961152167
76561197961152168
76561197961152169
76561197961152173
76561197961152174
76561197961152175
76561197961152176
76561197961152177
76561197961152178
76561197961152179
76561197961152181
76561197961152182
76561197961152188
76561197961152189
76561197961152191
76561197961152192
76561197961152194
76561197961152198
76561197961152199
76561197961152200
76561197961152201
76561197961152203
76561197961152206
76561197961152207
76561197961152208
76561197961152209
76561197961152210
76561197961152212
76561197961152213
76561197961152214
76561197961152215
76561197961152216
76561197961152217
76561197961152218
76561197961152219
76561197961152220
76561197961152221
76561197961152222
76561197961152224
76561197961152226
76561197961152228
76561197961152231
76561197961152232
76561197961152235
76561197961152236
76561197961152237
76561197961152239
76561197961152240
76561197961152241
76561197961152242
76561197961152243
76561197961152246
76561197961152247
76561197961152248
76561197961152251
76561197961152254
76561197961152255
76561197961152257
76561197961152258
76561197961152259
76561197961152263
76561197961152264
76561197961152267
76561197961152268
76561197961152270
76561197961152273
76561197961152274
76561197961152276
76561197961152279
76561197961152280
76561197961152283
76561197961152284
76561197961152286
76561197961152287
76561197961152288
76561197961152289
76561197961152290
76561197961152291
76561197961152295
76561197961152296
76561197961152297
76561197961152298
76561197961152299
76561197961152300
76561197961152301
76561197961152302
76561197961152305
76561197961152306
76561197961152307
76561197961152308
76561197961152309
76561197961152314
76561197961152316
76561197961152318
76561197961152320
76561197961152322
76561197961152324
76561197961152325
76561197961152326
76561197961152327
76561197961152328
76561197961152329
76561197961152330
76561197961152331
76561197961152332
76561197961152333
76561197961152335
76561197961152336
76561197961152337
76561197961152339
76561197961152341
76561197961152345
76561197961152346
76561197961152347
76561197961152348
76561197961152352
76561197961152353
76561197961152357
76561197961152358
76561197961152359
76561197961152361
76561197961152362
76561197961152364
76561197961152367
76561197961152369
76561197961152372
76561197961152373
76561197961152374
76561197961152376
76561197961152377
76561197961152378
76561197961152379
76561197961152380
76561197961152382
76561197961152383
76561197961152385
76561197961152387
76561197961152388
76561197961152389
76561197961152390
76561197961152391
76561197961152392
76561197961152393
76561197961152396
76561197961152397
76561197961152398
76561197961152399
76561197961152400
76561197961152401
76561197961152402
76561197961152403
76561197961152404
76561197961152405
76561197961152406
76561197961152407
76561197961152410
76561197961152411
76561197961152412
76561197961152413
76561197961152414
76561197961152415
76561197961152416
76561197961152417
76561197961152418
76561197961152419
76561197961152420
76561197961152421
76561197961152422
76561197961152423
76561197961152425
76561197961152427
76561197961152428
76561197961152429
76561197961152430
76561197961152431
76561197961152435
76561197961152436
76561197961152438
76561197961152439
76561197961152440
76561197961152441
76561197961152442
76561197961152446
76561197961152448
76561197961152449
76561197961152450
76561197961152451
76561197961152452
76561197961152453
76561197961152454
76561197961152455
76561197961152456
76561197961152458
76561197961152459
76561197961152460
76561197961152461
76561197961152465
76561197961152466
76561197961152467
76561197961152468
76561197961152469
76561197961152470
76561197961152472
76561197961152473
76561197961152474
76561197961152476
76561197961152477
76561197961152478
76561197961152479
76561197961152480
76561197961152482
76561197961152483
76561197961152484
76561197961152486
76561197961152487
76561197961152488
76561197961152490
76561197961152491
76561197961152492
76561197961152493
76561197961152494
76561197961152495
76561197961152496
76561197961152497
76561197961152499
76561197961152501
76561197961152502
76561197961152503
76561197961152504
76561197961152505
76561197961152506
76561197961152507
76561197961152509
76561197961152512
76561197961152513
76561197961152514
76561197961152515
76561197961152516
76561197961152517
76561197961152518
76561197961152519
76561197961152520
76561197961152521
76561197961152522
76561197961152523
76561197961152524
76561197961152525
76561197961152526
76561197961152527
76561197961152528
76561197961152530
76561197961152531
76561197961152532
76561197961152533
76561197961152534
76561197961152535
76561197961152536
76561197961152537
76561197961152538
76561197961152539
76561197961152540
76561197961152541
76561197961152542
76561197961152543
76561197961152544
76561197961152545
76561197961152546
76561197961152548
76561197961152550
76561197961152552
76561197961152553
76561197961152554
76561197961152555
76561197961152556
76561197961152557
76561197961152558
76561197961152559
76561197961152560
76561197961152562
76561197961152563
76561197961152564
76561197961152567
76561197961152568
76561197961152569
76561197961152571
76561197961152574
76561197961152576
76561197961152578
76561197961152579
76561197961152580
76561197961152582
76561197961152583
76561197961152585
76561197961152586
76561197961152588
76561197961152590
76561197961152591
76561197961152592
76561197961152593
76561197961152594
76561197961152597
76561197961152598
76561197961152599
76561197961152601
76561197961152603
76561197961152604
76561197961152607
76561197961152608
76561197961152609
76561197961152613
76561197961152615
76561197961152616
76561197961152618
76561197961152619
76561197961152620
76561197961152622
76561197961152623
76561197961152626
76561197961152627
76561197961152628
76561197961152629
76561197961152630
76561197961152631
76561197961152633
76561197961152635
76561197961152636
76561197961152640
76561197961152642
76561197961152643
76561197961152645
76561197961152646
76561197961152649
76561197961152653
76561197961152654
76561197961152657
76561197961152658
76561197961152659
76561197961152660
76561197961152662
76561197961152663
76561197961152665
76561197961152666
76561197961152667
76561197961152668
76561197961152672
76561197961152673
76561197961152676
76561197961152677
76561197961152678
76561197961152680
76561197961152682
76561197961152684
76561197961152686
76561197961152690
76561197961152691
76561197961152692
76561197961152693
76561197961152695
76561197961152696
76561197961152697
76561197961152699
76561197961152702
76561197961152704
76561197961152707
76561197961152708
76561197961152709
76561197961152710
76561197961152711
76561197961152712
76561197961152713
76561197961152715
76561197961152716
76561197961152718
76561197961152719
76561197961152722
76561197961152723
76561197961152724
76561197961152725
76561197961152726
76561197961152727
76561197961152728
76561197961152729
76561197961152730
76561197961152731
76561197961152732
76561197961152733
76561197961152737
76561197961152742
76561197961152743
76561197961152745
76561197961152747
76561197961152750
76561197961152751
76561197961152752
76561197961152754
76561197961152755
76561197961152756
76561197961152757
76561197961152760
76561197961152761
76561197961152764
76561197961152765
76561197961152766
76561197961152767
76561197961152769
76561197961152770
76561197961152772
76561197961152773
76561197961152774
76561197961152775
76561197961152776
76561197961152779
76561197961152780
76561197961152784
76561197961152785
76561197961152786
76561197961152787
76561197961152788
76561197961152789
76561197961152790
76561197961152791
76561197961152792
76561197961152793
76561197961152796
76561197961152797
76561197961152798
76561197961152800
76561197961152801
76561197961152802
76561197961152803
76561197961152804
76561197961152805
76561197961152806
76561197961152809
76561197961152810
76561197961152812
76561197961152813
76561197961152814
76561197961152815
76561197961152817
76561197961152818
76561197961152820
76561197961152822
76561197961152824
76561197961152826
76561197961152827
76561197961152829
76561197961152830
76561197961152831
76561197961152834
76561197961152837
76561197961152838
76561197961152839
76561197961152841
76561197961152842
76561197961152843
76561197961152844
76561197961152845
76561197961152846
76561197961152849
76561197961152851
76561197961152852
76561197961152854
76561197961152855
76561197961152856
76561197961152857
76561197961152860
76561197961152861
76561197961152863
76561197961152864
76561197961152865
76561197961152867
76561197961152870
76561197961152871
76561197961152874
76561197961152875
76561197961152876
76561197961152877
76561197961152879
76561197961152881
76561197961152882
76561197961152884
76561197961152885
76561197961152886
76561197961152887
76561197961152888
76561197961152891
76561197961152893
76561197961152895
76561197961152897
76561197961152898
76561197961152899
76561197961152900
76561197961152901
76561197961152902
76561197961152903
76561197961152904
76561197961152905
76561197961152907
76561197961152908
76561197961152910
76561197961152911
76561197961152913
76561197961152914
76561197961152915
76561197961152916
76561197961152917
76561197961152918
76561197961152919
76561197961152920
76561197961152922
76561197961152923
76561197961152925
76561197961152926
76561197961152928
76561197961152929
76561197961152930
76561197961152933
76561197961152934
76561197961152936
76561197961152937
76561197961152940
76561197961152942
76561197961152944
76561197961152945
76561197961152946
76561197961152947
76561197961152950
76561197961152951
76561197961152952
76561197961152953
76561197961152954
76561197961152959
76561197961152962
76561197961152963
76561197961152965
76561197961152966
76561197961152967
76561197961152968
76561197961152969
76561197961152971
76561197961152973
76561197961152975
76561197961152976
76561197961152981
76561197961152982
76561197961152983
76561197961152985
76561197961152986
76561197961152996
76561197961153056
76561197961153058
76561197961153073
76561197961153078
76561197961153116
76561197961153132
76561197961153139
76561197961153182
76561197961153245
76561197961153247
76561197961153249
76561197961153250
76561197961153252
76561197961153253
76561197961153254
76561197961153255
76561197961153256
76561197961153257
76561197961153259
76561197961153260
76561197961153263
76561197961153264
76561197961153268
76561197961153270
76561197961153271
76561197961153274
76561197961153275
76561197961153277
76561197961153278
76561197961153279
76561197961153280
76561197961153282
76561197961153283
76561197961153285
76561197961153286
76561197961153287
76561197961153289
76561197961153291
76561197961153292
76561197961153293
76561197961153294
76561197961153295
76561197961153297
76561197961153300
76561197961153301
76561197961153302
76561197961153305
76561197961153306
76561197961153307
76561197961153308
76561197961153309
76561197961153310
76561197961153311
76561197961153312
76561197961153314
76561197961153315
76561197961153316
76561197961153317
76561197961153319
76561197961153320
76561197961153322
76561197961153324
76561197961153326
76561197961153327
76561197961153328
76561197961153329
76561197961153330
76561197961153331
76561197961153335
76561197961153336
76561197961153337
76561197961153338
76561197961153339
76561197961153340
76561197961153341
76561197961153345
76561197961153346
76561197961153347
76561197961153348
76561197961153349
76561197961153350
76561197961153351
76561197961153352
76561197961153353
76561197961153354
76561197961153355
76561197961153357
76561197961153358
76561197961153359
76561197961153361
76561197961153364
76561197961153368
76561197961153371
76561197961153373
76561197961153374
76561197961153376
76561197961153377
76561197961153378
76561197961153379
76561197961153381
76561197961153382
76561197961153383
76561197961153384
76561197961153387
76561197961153388
76561197961153389
76561197961153392
76561197961153393
76561197961153394
76561197961153395
76561197961153396
76561197961153398
76561197961153399
76561197961153401
76561197961153402
76561197961153403
76561197961153404
76561197961153405
76561197961153406
76561197961153407
76561197961153408
76561197961153410
76561197961153411
76561197961153412
76561197961153414
76561197961153415
76561197961153416
76561197961153417
76561197961153418
76561197961153419
76561197961153420
76561197961153421
76561197961153423
76561197961153424
76561197961153425
76561197961153426
76561197961153427
76561197961153429
76561197961153430
76561197961153431
76561197961153432
76561197961153434
76561197961153436
76561197961153438
76561197961153439
76561197961153440
76561197961153441
76561197961153443
76561197961153444
76561197961153445
76561197961153446
76561197961153447
76561197961153448
76561197961153449
76561197961153450
76561197961153451
76561197961153452
76561197961153453
76561197961153454
76561197961153456
76561197961153457
76561197961153458
76561197961153459
76561197961153460
76561197961153462
76561197961153463
76561197961153464
76561197961153465
76561197961153466
76561197961153467
76561197961153472
76561197961153473
76561197961153475
76561197961153477
76561197961153480
76561197961153482
76561197961153483
76561197961153485
76561197961153488
76561197961153489
76561197961153491
76561197961153492
76561197961153495
76561197961153498
76561197961153499
76561197961153501
76561197961153502
76561197961153504
76561197961153505
76561197961153507
76561197961153508
76561197961153510
76561197961153512
76561197961153514
76561197961153515
76561197961153516
76561197961153517
76561197961153518
76561197961153519
76561197961153525
76561197961153526
76561197961153527
76561197961153528
76561197961153529
76561197961153530
76561197961153531
76561197961153532
76561197961153535
76561197961153537
76561197961153539
