76561197960574539
76561197960574540
76561197960574541
76561197960574543
76561197960574545
76561197960574546
76561197960574548
76561197960574550
76561197960574552
76561197960574553
76561197960574554
76561197960574555
76561197960574557
76561197960574558
76561197960574559
76561197960574561
76561197960574562
76561197960574563
76561197960574566
76561197960574567
76561197960574568
76561197960574569
76561197960574573
76561197960574576
76561197960574578
76561197960574579
76561197960574582
76561197960574583
76561197960574585
76561197960574587
76561197960574589
76561197960574591
76561197960574592
76561197960574593
76561197960574594
76561197960574595
76561197960574596
76561197960574597
76561197960574598
76561197960574599
76561197960574600
76561197960574601
76561197960574603
76561197960574604
76561197960574605
76561197960574606
76561197960574607
76561197960574609
76561197960574610
76561197960574611
76561197960574612
76561197960574613
76561197960574614
76561197960574615
76561197960574616
76561197960574617
76561197960574618
76561197960574619
76561197960574621
76561197960574622
76561197960574625
76561197960574626
76561197960574627
76561197960574628
76561197960574629
76561197960574631
76561197960574632
76561197960574635
76561197960574636
76561197960574637
76561197960574639
76561197960574640
76561197960574641
76561197960574643
76561197960574644
76561197960574645
76561197960574646
76561197960574648
76561197960574650
76561197960574654
76561197960574655
76561197960574656
76561197960574658
76561197960574659
76561197960574660
76561197960574661
76561197960574664
76561197960574665
76561197960574666
76561197960574668
76561197960574669
76561197960574671
76561197960574672
76561197960574675
76561197960574676
76561197960574677
76561197960574678
76561197960574679
76561197960574680
76561197960574682
76561197960574685
76561197960574687
76561197960574688
76561197960574690
76561197960574691
76561197960574694
76561197960574695
76561197960574696
76561197960574697
76561197960574698
76561197960574699
76561197960574701
76561197960574702
76561197960574703
76561197960574705
76561197960574706
76561197960574707
76561197960574708
76561197960574711
76561197960574713
76561197960574714
76561197960574715
76561197960574717
76561197960574718
76561197960574719
76561197960574720
76561197960574721
76561197960574722
76561197960574723
76561197960574725
76561197960574726
76561197960574727
76561197960574729
76561197960574731
76561197960574732
76561197960574733
76561197960574736
76561197960574737
76561197960574738
76561197960574739
76561197960574741
76561197960574742
76561197960574745
76561197960574746
76561197960574747
76561197960574748
76561197960574749
76561197960574750
76561197960574751
76561197960574753
76561197960574755
76561197960574756
76561197960574757
76561197960574758
76561197960574759
76561197960574760
76561197960574761
76561197960574762
76561197960574764
76561197960574765
76561197960574766
76561197960574767
76561197960574769
76561197960574771
76561197960574772
76561197960574773
76561197960574774
76561197960574775
76561197960574777
76561197960574778
76561197960574779
76561197960574780
76561197960574782
76561197960574784
76561197960574785
76561197960574788
76561197960574789
76561197960574791
76561197960574793
76561197960574795
76561197960574796
76561197960574797
76561197960574798
76561197960574799
76561197960574800
76561197960574801
76561197960574802
76561197960574803
76561197960574805
76561197960574807
76561197960574809
76561197960574810
76561197960574811
76561197960574812
76561197960574813
76561197960574815
76561197960574816
76561197960574817
76561197960574818
76561197960574820
76561197960574822
76561197960574823
76561197960574824
76561197960574827
76561197960574828
76561197960574830
76561197960574831
76561197960574832
76561197960574833
76561197960574834
76561197960574835
76561197960574837
76561197960574838
76561197960574839
76561197960574840
76561197960574841
76561197960574842
76561197960574844
76561197960574845
76561197960574846
76561197960574847
76561197960574849
76561197960574850
76561197960574851
76561197960574852
76561197960574853
76561197960574854
76561197960574855
76561197960574856
76561197960574858
76561197960574859
76561197960574860
76561197960574861
76561197960574862
76561197960574863
76561197960574864
76561197960574865
76561197960574867
76561197960574868
76561197960574869
76561197960574870
76561197960574871
76561197960574872
76561197960574873
76561197960574874
76561197960574875
76561197960574878
76561197960574879
76561197960574880
76561197960574881
76561197960574882
76561197960574883
76561197960574884
76561197960574885
76561197960574886
76561197960574887
76561197960574888
76561197960574889
76561197960574890
76561197960574893
76561197960574894
76561197960574895
76561197960574897
76561197960574899
76561197960574900
76561197960574901
76561197960574903
76561197960574905
76561197960574906
76561197960574908
76561197960574909
76561197960574911
76561197960574913
76561197960574914
76561197960574915
76561197960574916
76561197960574917
76561197960574918
76561197960574920
76561197960574921
76561197960574922
76561197960574924
76561197960574927
76561197960574928
76561197960574931
76561197960574932
76561197960574933
76561197960574934
76561197960574935
76561197960574936
76561197960574937
76561197960574938
76561197960574940
76561197960574941
76561197960574942
76561197960574943
76561197960574946
76561197960574948
76561197960574949
76561197960574950
76561197960574951
76561197960574952
76561197960574953
76561197960574955
76561197960574956
76561197960574957
76561197960574958
76561197960574959
76561197960574960
76561197960574961
76561197960574964
76561197960574965
76561197960574968
76561197960574969
76561197960574970
76561197960574973
76561197960574974
76561197960574975
76561197960574976
76561197960574979
76561197960574981
76561197960574982
76561197960574983
76561197960574987
76561197960574988
76561197960574989
76561197960574990
76561197960574992
76561197960574993
76561197960574994
76561197960574995
76561197960574996
76561197960574998
76561197960574999
76561197960575000
76561197960575003
76561197960575004
76561197960575005
76561197960575006
76561197960575007
76561197960575008
76561197960575009
76561197960575010
76561197960575011
76561197960575013
76561197960575015
76561197960575016
76561197960575017
76561197960575018
76561197960575019
76561197960575020
76561197960575021
76561197960575022
76561197960575023
76561197960575025
76561197960575026
76561197960575028
76561197960575029
76561197960575030
76561197960575031
76561197960575032
76561197960575035
76561197960575036
76561197960575037
76561197960575038
76561197960575039
76561197960575041
76561197960575042
76561197960575043
76561197960575044
76561197960575045
76561197960575046
76561197960575047
76561197960575049
76561197960575050
76561197960575051
76561197960575052
76561197960575053
76561197960575054
76561197960575056
76561197960575057
76561197960575058
76561197960575059
76561197960575060
76561197960575061
76561197960575062
76561197960575064
76561197960575065
76561197960575066
76561197960575067
76561197960575069
76561197960575070
76561197960575071
76561197960575072
76561197960575073
76561197960575074
76561197960575077
76561197960575079
76561197960575080
76561197960575081
76561197960575082
76561197960575084
76561197960575085
76561197960575086
76561197960575087
76561197960575088
76561197960575089
76561197960575090
76561197960575091
76561197960575092
76561197960575093
76561197960575094
76561197960575096
76561197960575097
76561197960575098
76561197960575099
76561197960575102
76561197960575103
76561197960575104
76561197960575105
76561197960575108
76561197960575109
76561197960575110
76561197960575111
76561197960575112
76561197960575113
76561197960575114
76561197960575115
76561197960575118
76561197960575119
76561197960575121
76561197960575123
76561197960575125
76561197960575126
76561197960575127
76561197960575128
76561197960575129
76561197960575130
76561197960575132
76561197960575134
76561197960575135
76561197960575136
76561197960575137
76561197960575138
76561197960575139
76561197960575140
76561197960575141
76561197960575142
76561197960575143
76561197960575144
76561197960575146
76561197960575147
76561197960575148
76561197960575149
76561197960575150
76561197960575152
76561197960575153
76561197960575154
76561197960575155
76561197960575156
76561197960575158
76561197960575160
76561197960575161
76561197960575162
76561197960575164
76561197960575165
76561197960575166
76561197960575168
76561197960575169
76561197960575170
76561197960575171
76561197960575172
76561197960575173
76561197960575174
76561197960575175
76561197960575178
76561197960575179
76561197960575181
76561197960575183
76561197960575184
76561197960575186
76561197960575187
76561197960575188
76561197960575189
76561197960575190
76561197960575191
76561197960575192
76561197960575193
76561197960575194
76561197960575195
76561197960575196
76561197960575197
76561197960575198
76561197960575199
76561197960575200
76561197960575201
76561197960575203
76561197960575204
76561197960575206
76561197960575207
76561197960575208
76561197960575209
76561197960575210
76561197960575211
76561197960575212
76561197960575214
76561197960575216
76561197960575217
76561197960575218
76561197960575220
76561197960575221
76561197960575222
76561197960575224
76561197960575225
76561197960575226
76561197960575227
76561197960575228
76561197960575230
76561197960575232
76561197960575234
76561197960575235
76561197960575236
76561197960575238
76561197960575239
76561197960575240
76561197960575241
76561197960575242
76561197960575243
76561197960575244
76561197960575246
76561197960575248
76561197960575249
76561197960575251
76561197960575252
76561197960575253
76561197960575254
76561197960575255
76561197960575256
76561197960575257
76561197960575258
76561197960575259
76561197960575261
76561197960575262
76561197960575263
76561197960575265
76561197960575267
76561197960575268
76561197960575269
76561197960575270
76561197960575272
76561197960575274
76561197960575275
76561197960575276
76561197960575278
76561197960575279
76561197960575280
76561197960575282
76561197960575284
76561197960575285
76561197960575287
76561197960575288
76561197960575290
76561197960575291
76561197960575292
76561197960575293
76561197960575294
76561197960575295
76561197960575297
76561197960575300
76561197960575302
76561197960575303
76561197960575306
76561197960575307
76561197960575309
76561197960575310
76561197960575311
76561197960575312
76561197960575313
76561197960575314
76561197960575315
76561197960575317
76561197960575318
76561197960575319
76561197960575320
76561197960575321
76561197960575323
76561197960575324
76561197960575325
76561197960575327
76561197960575328
76561197960575329
76561197960575330
76561197960575332
76561197960575335
76561197960575336
76561197960575337
76561197960575340
76561197960575341
76561197960575342
76561197960575343
76561197960575344
76561197960575345
76561197960575346
76561197960575347
76561197960575348
76561197960575349
76561197960575351
76561197960575352
76561197960575353
76561197960575355
76561197960575356
76561197960575357
76561197960575358
76561197960575359
76561197960575360
76561197960575361
76561197960575362
76561197960575363
76561197960575364
76561197960575365
76561197960575366
76561197960575367
76561197960575369
76561197960575370
76561197960575371
76561197960575372
76561197960575373
76561197960575374
76561197960575375
76561197960575378
76561197960575379
76561197960575380
76561197960575381
76561197960575383
76561197960575384
76561197960575385
76561197960575388
76561197960575389
76561197960575390
76561197960575392
76561197960575394
76561197960575396
76561197960575397
76561197960575399
76561197960575400
76561197960575401
76561197960575402
76561197960575403
76561197960575405
76561197960575406
76561197960575407
76561197960575408
76561197960575409
76561197960575410
76561197960575411
76561197960575412
76561197960575413
76561197960575416
76561197960575417
76561197960575422
76561197960575423
76561197960575424
76561197960575425
76561197960575426
76561197960575428
76561197960575429
76561197960575430
76561197960575431
76561197960575432
76561197960575433
76561197960575434
76561197960575435
76561197960575438
76561197960575439
76561197960575441
76561197960575442
76561197960575443
76561197960575444
76561197960575445
76561197960575446
76561197960575447
76561197960575448
76561197960575453
76561197960575454
76561197960575457
76561197960575458
76561197960575459
76561197960575460
76561197960575461
76561197960575463
76561197960575464
76561197960575466
76561197960575467
76561197960575469
76561197960575470
76561197960575471
76561197960575472
76561197960575473
76561197960575474
76561197960575475
76561197960575476
76561197960575477
76561197960575478
76561197960575480
76561197960575481
76561197960575482
76561197960575483
76561197960575484
76561197960575485
76561197960575486
76561197960575488
76561197960575489
76561197960575490
76561197960575491
76561197960575492
76561197960575493
76561197960575494
76561197960575495
76561197960575497
76561197960575498
76561197960575499
76561197960575500
76561197960575502
76561197960575503
76561197960575504
76561197960575505
76561197960575506
76561197960575507
76561197960575508
76561197960575509
76561197960575510
76561197960575511
76561197960575512
76561197960575513
76561197960575514
76561197960575516
76561197960575518
76561197960575519
76561197960575520
76561197960575521
76561197960575522
76561197960575523
76561197960575524
76561197960575525
76561197960575526
76561197960575528
76561197960575529
76561197960575530
76561197960575531
76561197960575532
76561197960575533
76561197960575534
76561197960575535
76561197960575537
76561197960575538
76561197960575539
76561197960575540
76561197960575541
76561197960575542
76561197960575543
76561197960575544
76561197960575545
76561197960575546
76561197960575547
76561197960575550
76561197960575551
76561197960575552
76561197960575556
76561197960575557
76561197960575559
76561197960575560
76561197960575561
76561197960575562
76561197960575563
76561197960575564
76561197960575565
76561197960575566
76561197960575567
76561197960575568
76561197960575569
76561197960575570
76561197960575572
76561197960575573
76561197960575574
76561197960575575
76561197960575579
76561197960575581
76561197960575584
76561197960575585
76561197960575587
76561197960575588
76561197960575589
76561197960575591
76561197960575592
76561197960575593
76561197960575595
76561197960575618
76561197960575640
76561197960575657
76561197960575663
76561197960575671
76561197960575698
76561197960575753
76561197960575775
76561197960575807
76561197960575834
76561197960575863
76561197960575864
76561197960575865
76561197960575866
76561197960575867
76561197960575868
76561197960575869
76561197960575871
76561197960575875
76561197960575877
76561197960575878
76561197960575879
76561197960575880
76561197960575881
76561197960575882
76561197960575884
76561197960575885
76561197960575886
76561197960575888
76561197960575889
76561197960575890
76561197960575892
76561197960575893
76561197960575894
76561197960575895
76561197960575897
76561197960575898
76561197960575900
76561197960575901
76561197960575902
76561197960575903
76561197960575904
76561197960575906
76561197960575907
76561197960575908
76561197960575909
76561197960575910
76561197960575912
76561197960575913
76561197960575914
76561197960575915
76561197960575916
76561197960575917
76561197960575918
76561197960575920
76561197960575921
76561197960575922
76561197960575923
76561197960575926
76561197960575927
76561197960575928
76561197960575930
76561197960575932
76561197960575933
76561197960575934
76561197960575935
76561197960575936
76561197960575937
76561197960575938
76561197960575939
76561197960575940
76561197960575941
76561197960575942
76561197960575943
76561197960575944
76561197960575945
76561197960575947
76561197960575948
76561197960575949
76561197960575950
76561197960575952
76561197960575953
76561197960575955
76561197960575956
76561197960575957
76561197960575958
76561197960575960
76561197960575963
76561197960575964
76561197960575965
76561197960575966
76561197960575967
76561197960575969
76561197960575971
76561197960575972
76561197960575976
76561197960575977
76561197960575978
76561197960575981
76561197960575982
76561197960575983
76561197960575984
76561197960575985
76561197960575986
76561197960575987
76561197960575988
76561197960575989
76561197960575990
76561197960575991
76561197960575993
76561197960575994
76561197960575995
76561197960575996
76561197960575998
76561197960576001
76561197960576002
76561197960576003
76561197960576004
76561197960576005
76561197960576006
76561197960576008
76561197960576009
76561197960576010
76561197960576011
76561197960576012
76561197960576013
76561197960576014
76561197960576016
76561197960576017
76561197960576021
76561197960576022
76561197960576023
76561197960576024
76561197960576025
76561197960576026
76561197960576028
76561197960576029
76561197960576030
76561197960576032
76561197960576034
76561197960576038
76561197960576039
76561197960576040
76561197960576042
76561197960576043
76561197960576046
76561197960576047
76561197960576048
76561197960576049
76561197960576050
76561197960576051
76561197960576052
76561197960576053
76561197960576054
76561197960576055
76561197960576057
76561197960576060
76561197960576062
76561197960576063
76561197960576064
76561197960576065
76561197960576066
76561197960576067
76561197960576068
76561197960576069
76561197960576070
76561197960576071
76561197960576072
76561197960576074
76561197960576076
76561197960576078
76561197960576080
76561197960576081
76561197960576082
76561197960576084
76561197960576085
76561197960576086
76561197960576087
76561197960576088
76561197960576090
76561197960576091
76561197960576092
76561197960576093
76561197960576094
76561197960576095
76561197960576097
76561197960576098
76561197960576099
76561197960576100
76561197960576101
76561197960576103
76561197960576104
76561197960576105
76561197960576107
76561197960576109
76561197960576111
76561197960576112
76561197960576114
76561197960576115
76561197960576116
76561197960576117
76561197960576118
76561197960576119
76561197960576120
