76561197961763925
76561197961763926
76561197961763927
76561197961763929
76561197961763930
76561197961763932
76561197961763933
76561197961763936
76561197961763937
76561197961763939
76561197961763940
76561197961763941
76561197961763943
76561197961763944
76561197961763945
76561197961763948
76561197961763949
76561197961763950
76561197961763951
76561197961763953
76561197961763954
76561197961763955
76561197961763956
76561197961763960
76561197961763961
76561197961763963
76561197961763964
76561197961763967
76561197961763969
76561197961763971
76561197961763972
76561197961763974
76561197961763976
76561197961763977
76561197961763979
76561197961763980
76561197961763982
76561197961763983
76561197961763985
76561197961763986
76561197961763987
76561197961763989
76561197961763990
76561197961763991
76561197961763992
76561197961763993
76561197961763995
76561197961763996
76561197961763998
76561197961763999
76561197961764000
76561197961764002
76561197961764006
76561197961764007
76561197961764008
76561197961764009
76561197961764010
76561197961764011
76561197961764012
76561197961764013
76561197961764014
76561197961764015
76561197961764016
76561197961764018
76561197961764021
76561197961764025
76561197961764027
76561197961764028
76561197961764030
76561197961764031
76561197961764032
76561197961764033
76561197961764034
76561197961764035
76561197961764036
76561197961764040
76561197961764044
76561197961764045
76561197961764046
76561197961764047
76561197961764048
76561197961764049
76561197961764050
76561197961764053
76561197961764055
76561197961764056
76561197961764058
76561197961764059
76561197961764061
76561197961764062
76561197961764063
76561197961764065
76561197961764066
76561197961764068
76561197961764069
76561197961764070
76561197961764071
76561197961764072
76561197961764074
76561197961764076
76561197961764077
76561197961764079
76561197961764080
76561197961764081
76561197961764082
76561197961764085
76561197961764087
76561197961764095
76561197961764097
76561197961764098
76561197961764099
76561197961764100
76561197961764101
76561197961764102
76561197961764103
76561197961764107
76561197961764108
76561197961764109
76561197961764110
76561197961764115
76561197961764116
76561197961764120
76561197961764129
76561197961764130
76561197961764132
76561197961764133
76561197961764134
76561197961764136
76561197961764139
76561197961764140
76561197961764141
76561197961764142
76561197961764143
76561197961764144
76561197961764145
76561197961764149
76561197961764151
76561197961764154
76561197961764157
76561197961764158
76561197961764160
76561197961764161
76561197961764162
76561197961764163
76561197961764164
76561197961764165
76561197961764166
76561197961764169
76561197961764170
76561197961764171
76561197961764172
76561197961764173
76561197961764174
76561197961764175
76561197961764176
76561197961764177
76561197961764180
76561197961764181
76561197961764182
76561197961764184
76561197961764188
76561197961764189
76561197961764190
76561197961764191
76561197961764196
76561197961764197
76561197961764202
76561197961764204
76561197961764205
76561197961764206
76561197961764208
76561197961764209
76561197961764218
76561197961764219
76561197961764220
76561197961764221
76561197961764222
76561197961764226
76561197961764227
76561197961764228
76561197961764230
76561197961764232
76561197961764233
76561197961764235
76561197961764238
76561197961764240
76561197961764241
76561197961764242
76561197961764244
76561197961764250
76561197961764251
76561197961764252
76561197961764254
76561197961764255
76561197961764257
76561197961764258
76561197961764260
76561197961764262
76561197961764264
76561197961764267
76561197961764268
76561197961764270
76561197961764272
76561197961764273
76561197961764275
76561197961764277
76561197961764278
76561197961764281
76561197961764282
76561197961764284
76561197961764285
76561197961764289
76561197961764294
76561197961764296
76561197961764297
76561197961764298
76561197961764299
76561197961764300
76561197961764302
76561197961764304
76561197961764305
76561197961764307
76561197961764308
76561197961764309
76561197961764310
76561197961764312
76561197961764313
76561197961764315
76561197961764320
76561197961764322
76561197961764325
76561197961764330
76561197961764331
76561197961764335
76561197961764336
76561197961764337
76561197961764340
76561197961764342
76561197961764343
76561197961764344
76561197961764345
76561197961764347
76561197961764348
76561197961764351
76561197961764354
76561197961764355
76561197961764356
76561197961764357
76561197961764358
76561197961764361
76561197961764362
76561197961764363
76561197961764365
76561197961764366
76561197961764367
76561197961764368
76561197961764374
76561197961764377
76561197961764380
76561197961764381
76561197961764383
76561197961764385
76561197961764387
76561197961764388
76561197961764390
76561197961764391
76561197961764393
76561197961764395
76561197961764396
76561197961764397
76561197961764399
76561197961764400
76561197961764402
76561197961764404
76561197961764405
76561197961764406
76561197961764411
76561197961764412
76561197961764413
76561197961764417
76561197961764418
76561197961764420
76561197961764421
76561197961764423
76561197961764425
76561197961764426
76561197961764427
76561197961764428
76561197961764429
76561197961764430
76561197961764431
76561197961764434
76561197961764435
76561197961764436
76561197961764437
76561197961764438
76561197961764441
76561197961764443
76561197961764444
76561197961764445
76561197961764446
76561197961764450
76561197961764451
76561197961764452
76561197961764453
76561197961764458
76561197961764460
76561197961764462
76561197961764463
76561197961764465
76561197961764466
76561197961764468
76561197961764469
76561197961764470
76561197961764474
76561197961764475
76561197961764477
76561197961764480
76561197961764481
76561197961764483
76561197961764487
76561197961764488
76561197961764489
76561197961764490
76561197961764492
76561197961764494
76561197961764495
76561197961764496
76561197961764497
76561197961764502
76561197961764503
76561197961764504
76561197961764509
76561197961764511
76561197961764512
76561197961764513
76561197961764514
76561197961764515
76561197961764517
76561197961764522
76561197961764523
76561197961764524
76561197961764527
76561197961764534
76561197961764535
76561197961764537
76561197961764538
76561197961764540
76561197961764541
76561197961764542
76561197961764544
76561197961764545
76561197961764546
76561197961764548
76561197961764550
76561197961764551
76561197961764552
76561197961764554
76561197961764555
76561197961764559
76561197961764560
76561197961764562
76561197961764563
76561197961764564
76561197961764565
76561197961764567
76561197961764571
76561197961764573
76561197961764575
76561197961764576
76561197961764577
76561197961764578
76561197961764579
76561197961764581
76561197961764582
76561197961764584
76561197961764586
76561197961764587
76561197961764588
76561197961764591
76561197961764592
76561197961764593
76561197961764595
76561197961764596
76561197961764598
76561197961764602
76561197961764603
76561197961764604
76561197961764606
76561197961764607
76561197961764610
76561197961764612
76561197961764613
76561197961764614
76561197961764617
76561197961764618
76561197961764619
76561197961764620
76561197961764621
76561197961764622
76561197961764623
76561197961764626
76561197961764627
76561197961764628
76561197961764630
76561197961764631
76561197961764632
76561197961764633
76561197961764635
76561197961764636
76561197961764637
76561197961764638
76561197961764639
76561197961764640
76561197961764641
76561197961764643
76561197961764644
76561197961764646
76561197961764649
76561197961764651
76561197961764653
76561197961764655
76561197961764656
76561197961764657
76561197961764658
76561197961764660
76561197961764661
76561197961764663
76561197961764666
76561197961764667
76561197961764672
76561197961764674
76561197961764678
76561197961764679
76561197961764685
76561197961764687
76561197961764688
76561197961764691
76561197961764693
76561197961764694
76561197961764696
76561197961764699
76561197961764704
76561197961764706
76561197961764708
76561197961764711
76561197961764713
76561197961764715
76561197961764718
76561197961764719
76561197961764720
76561197961764721
76561197961764722
76561197961764725
76561197961764726
76561197961764728
76561197961764731
76561197961764734
76561197961764736
76561197961764737
76561197961764738
76561197961764741
76561197961764743
76561197961764745
76561197961764746
76561197961764747
76561197961764748
76561197961764749
76561197961764750
76561197961764751
76561197961764754
76561197961764758
76561197961764761
76561197961764762
76561197961764767
76561197961764770
76561197961764771
76561197961764772
76561197961764773
76561197961764774
76561197961764776
76561197961764778
76561197961764779
76561197961764780
76561197961764781
76561197961764783
76561197961764788
76561197961764790
76561197961764791
76561197961764792
76561197961764794
76561197961764795
76561197961764796
76561197961764797
76561197961764798
76561197961764800
76561197961764802
76561197961764804
76561197961764807
76561197961764809
76561197961764810
76561197961764812
76561197961764813
76561197961764814
76561197961764815
76561197961764816
76561197961764825
76561197961764826
76561197961764827
76561197961764829
76561197961764831
76561197961764833
76561197961764835
76561197961764839
76561197961764841
76561197961764843
76561197961764844
76561197961764850
76561197961764853
76561197961764854
76561197961764855
76561197961764856
76561197961764857
76561197961764860
76561197961764861
76561197961764862
76561197961764863
76561197961764865
76561197961764866
76561197961764868
76561197961764870
76561197961764872
76561197961764873
76561197961764874
76561197961764875
76561197961764876
76561197961764878
76561197961764879
76561197961764880
76561197961764884
76561197961764887
76561197961764888
76561197961764890
76561197961764896
76561197961764898
76561197961764899
76561197961764901
76561197961764903
76561197961764904
76561197961764909
76561197961764911
76561197961764912
76561197961764915
76561197961764918
76561197961764920
76561197961764921
76561197961764924
76561197961764926
76561197961764928
76561197961764930
76561197961764932
76561197961764933
76561197961764934
76561197961764935
76561197961764939
76561197961764940
76561197961764941
76561197961764942
76561197961764944
76561197961764945
76561197961764947
76561197961764951
76561197961764952
76561197961764953
76561197961764957
76561197961764958
76561197961764959
76561197961764960
76561197961764970
76561197961764972
76561197961764973
76561197961764974
76561197961764975
76561197961764976
76561197961764978
76561197961764980
76561197961764981
76561197961764983
76561197961764985
76561197961764986
76561197961764987
76561197961764988
76561197961764990
76561197961764992
76561197961764994
76561197961764995
76561197961764996
76561197961764997
76561197961765000
76561197961765002
76561197961765003
76561197961765004
76561197961765005
76561197961765006
76561197961765007
76561197961765010
76561197961765016
76561197961765019
76561197961765020
76561197961765022
76561197961765024
76561197961765025
76561197961765026
76561197961765027
76561197961765029
76561197961765031
76561197961765032
76561197961765035
76561197961765036
76561197961765037
76561197961765039
76561197961765040
76561197961765041
76561197961765044
76561197961765046
76561197961765047
76561197961765050
76561197961765052
76561197961765058
76561197961765059
76561197961765060
76561197961765062
76561197961765063
76561197961765064
76561197961765065
76561197961765068
76561197961765070
76561197961765071
76561197961765072
76561197961765074
76561197961765076
76561197961765077
76561197961765078
76561197961765079
76561197961765081
76561197961765082
76561197961765083
76561197961765084
76561197961765088
76561197961765092
76561197961765094
76561197961765096
76561197961765099
76561197961765101
76561197961765102
76561197961765105
76561197961765107
76561197961765108
76561197961765109
76561197961765110
76561197961765112
76561197961765113
76561197961765116
76561197961765117
76561197961765118
76561197961765119
76561197961765120
76561197961765121
76561197961765123
76561197961765126
76561197961765128
76561197961765129
76561197961765130
76561197961765131
76561197961765133
76561197961765136
76561197961765137
76561197961765139
76561197961765140
76561197961765143
76561197961765145
76561197961765146
76561197961765152
76561197961765153
76561197961765155
76561197961765157
76561197961765158
76561197961765159
76561197961765160
76561197961765162
76561197961765164
76561197961765170
76561197961765171
76561197961765172
76561197961765174
76561197961765176
76561197961765177
76561197961765181
76561197961765182
76561197961765185
76561197961765186
76561197961765188
76561197961765190
76561197961765191
76561197961765192
76561197961765193
76561197961765195
76561197961765198
76561197961765199
76561197961765200
76561197961765202
76561197961765203
76561197961765207
76561197961765209
76561197961765211
76561197961765212
76561197961765213
76561197961765215
76561197961765216
76561197961765219
76561197961765221
76561197961765224
76561197961765225
76561197961765227
76561197961765228
76561197961765229
76561197961765230
76561197961765231
76561197961765232
76561197961765233
76561197961765234
76561197961765236
76561197961765240
76561197961765244
76561197961765246
76561197961765247
76561197961765248
76561197961765249
76561197961765251
76561197961765252
76561197961765253
76561197961765254
76561197961765256
76561197961765258
76561197961765260
76561197961765263
76561197961765265
76561197961765266
76561197961765267
76561197961765269
76561197961765270
76561197961765274
76561197961765276
76561197961765277
76561197961765278
76561197961765279
76561197961765280
76561197961765281
76561197961765282
76561197961765283
76561197961765284
76561197961765285
76561197961765288
76561197961765291
76561197961765293
76561197961765300
76561197961765304
76561197961765307
76561197961765308
76561197961765309
76561197961765310
76561197961765311
76561197961765312
76561197961765313
76561197961765314
76561197961765316
76561197961765317
76561197961765318
76561197961765319
76561197961765320
76561197961765323
76561197961765328
76561197961765329
76561197961765333
76561197961765334
76561197961765335
76561197961765336
76561197961765337
76561197961765338
76561197961765343
76561197961765345
76561197961765346
76561197961765347
76561197961765348
76561197961765349
76561197961765350
76561197961765351
76561197961765352
76561197961765354
76561197961765355
76561197961765356
76561197961765357
76561197961765360
76561197961765361
76561197961765363
76561197961765367
76561197961765368
76561197961765369
76561197961765371
76561197961765374
76561197961765376
76561197961765377
76561197961765379
76561197961765380
76561197961765383
76561197961765384
76561197961765385
76561197961765386
76561197961765387
76561197961765388
76561197961765390
76561197961765391
76561197961765393
76561197961765394
76561197961765397
76561197961765402
76561197961765403
76561197961765405
76561197961765406
76561197961765407
76561197961765408
76561197961765409
76561197961765410
76561197961765411
76561197961765412
76561197961765414
76561197961765416
76561197961765419
76561197961765422
76561197961765423
76561197961765424
76561197961765425
76561197961765427
76561197961765428
76561197961765430
76561197961765431
76561197961765432
76561197961765433
76561197961765434
76561197961765435
76561197961765438
76561197961765439
76561197961765443
76561197961765444
76561197961765447
76561197961765449
76561197961765450
76561197961765451
76561197961765456
76561197961765458
76561197961765459
76561197961765460
76561197961765461
76561197961765464
76561197961765467
76561197961765469
76561197961765473
76561197961765475
76561197961765476
76561197961765477
76561197961765478
76561197961765481
76561197961765485
76561197961765486
76561197961765487
76561197961765489
76561197961765490
76561197961765493
76561197961765496
76561197961765497
76561197961765498
76561197961765499
76561197961765502
76561197961765503
76561197961765504
76561197961765505
76561197961765506
76561197961765507
76561197961765509
76561197961765512
76561197961765513
76561197961765516
76561197961765517
76561197961765519
76561197961765520
76561197961765523
76561197961765524
76561197961765526
76561197961765527
76561197961765528
76561197961765529
76561197961765530
76561197961765531
76561197961765532
76561197961765534
76561197961765537
76561197961765539
76561197961765542
76561197961765545
76561197961765546
76561197961765547
76561197961765548
76561197961765549
76561197961765551
76561197961765553
76561197961765554
76561197961765555
76561197961765556
76561197961765559
76561197961765560
76561197961765562
76561197961765565
76561197961765566
76561197961765567
76561197961765568
76561197961765569
76561197961765570
76561197961765571
76561197961765572
76561197961765575
76561197961765576
76561197961765577
76561197961765578
76561197961765580
76561197961765583
76561197961765585
76561197961765587
76561197961765588
76561197961765589
76561197961765593
76561197961765594
76561197961765595
76561197961765597
76561197961765598
76561197961765600
76561197961765601
76561197961765602
76561197961765603
76561197961765604
76561197961765608
76561197961765609
76561197961765610
76561197961765612
76561197961765614
76561197961765617
76561197961765619
76561197961765620
76561197961765621
76561197961765622
76561197961765623
76561197961765624
76561197961765625
76561197961765627
76561197961765629
76561197961765630
76561197961765631
76561197961765632
76561197961765634
76561197961765637
76561197961765638
76561197961765639
76561197961765640
76561197961765644
76561197961765645
76561197961765648
76561197961765650
76561197961765655
76561197961765656
76561197961765657
76561197961765658
76561197961765659
76561197961765660
76561197961765661
76561197961765663
76561197961765668
76561197961765669
76561197961765671
76561197961765672
76561197961765673
76561197961765675
76561197961765676
76561197961765681
76561197961765682
76561197961765684
76561197961765685
76561197961765686
76561197961765687
76561197961765689
76561197961765690
76561197961765693
