76561197961953311
76561197961953312
76561197961953315
76561197961953316
76561197961953319
76561197961953321
76561197961953323
76561197961953324
76561197961953325
76561197961953327
76561197961953328
76561197961953329
76561197961953330
76561197961953332
76561197961953334
76561197961953335
76561197961953336
76561197961953338
76561197961953339
76561197961953341
76561197961953342
76561197961953344
76561197961953346
76561197961953347
76561197961953348
76561197961953349
76561197961953350
76561197961953351
76561197961953356
76561197961953359
76561197961953360
76561197961953362
76561197961953363
76561197961953364
76561197961953365
76561197961953367
76561197961953368
76561197961953369
76561197961953370
76561197961953375
76561197961953376
76561197961953378
76561197961953381
76561197961953382
76561197961953383
76561197961953386
76561197961953387
76561197961953388
76561197961953390
76561197961953392
76561197961953393
76561197961953394
76561197961953395
76561197961953396
76561197961953398
76561197961953403
76561197961953408
76561197961953411
76561197961953412
76561197961953413
76561197961953414
76561197961953415
76561197961953416
76561197961953417
76561197961953424
76561197961953425
76561197961953429
76561197961953430
76561197961953434
76561197961953435
76561197961953437
76561197961953438
76561197961953439
76561197961953440
76561197961953441
76561197961953442
76561197961953446
76561197961953448
76561197961953449
76561197961953451
76561197961953453
76561197961953454
76561197961953456
76561197961953457
76561197961953458
76561197961953465
76561197961953468
76561197961953469
76561197961953472
76561197961953476
76561197961953482
76561197961953485
76561197961953488
76561197961953492
76561197961953498
76561197961953503
76561197961953505
76561197961953507
76561197961953509
76561197961953514
76561197961953517
76561197961953520
76561197961953521
76561197961953522
76561197961953525
76561197961953526
76561197961953527
76561197961953531
76561197961953532
76561197961953534
76561197961953543
76561197961953545
76561197961953555
76561197961953562
76561197961953564
76561197961953566
76561197961953568
76561197961953569
76561197961953570
76561197961953575
76561197961953576
76561197961953579
76561197961953584
76561197961953585
76561197961953587
76561197961953589
76561197961953590
76561197961953597
76561197961953598
76561197961953599
76561197961953600
76561197961953602
76561197961953603
76561197961953604
76561197961953605
76561197961953606
76561197961953608
76561197961953609
76561197961953610
76561197961953611
76561197961953612
76561197961953613
76561197961953615
76561197961953616
76561197961953618
76561197961953621
76561197961953623
76561197961953624
76561197961953626
76561197961953627
76561197961953629
76561197961953630
76561197961953632
76561197961953633
76561197961953638
76561197961953639
76561197961953640
76561197961953641
76561197961953645
76561197961953646
76561197961953647
76561197961953648
76561197961953651
76561197961953652
76561197961953653
76561197961953655
76561197961953656
76561197961953657
76561197961953658
76561197961953659
76561197961953662
76561197961953663
76561197961953666
76561197961953667
76561197961953669
76561197961953672
76561197961953674
76561197961953677
76561197961953680
76561197961953682
76561197961953685
76561197961953688
76561197961953689
76561197961953690
76561197961953694
76561197961953695
76561197961953697
76561197961953700
76561197961953701
76561197961953703
76561197961953704
76561197961953705
76561197961953706
76561197961953708
76561197961953713
76561197961953714
76561197961953715
76561197961953716
76561197961953717
76561197961953718
76561197961953721
76561197961953724
76561197961953726
76561197961953727
76561197961953729
76561197961953730
76561197961953732
76561197961953735
76561197961953736
76561197961953737
76561197961953742
76561197961953743
76561197961953747
76561197961953748
76561197961953751
76561197961953753
76561197961953754
76561197961953756
76561197961953758
76561197961953765
76561197961953770
76561197961953777
76561197961953788
76561197961953789
76561197961953793
76561197961953795
76561197961953798
76561197961953800
76561197961953803
76561197961953810
76561197961953811
76561197961953813
76561197961953817
76561197961953818
76561197961953819
76561197961953820
76561197961953824
76561197961953825
76561197961953828
76561197961953829
76561197961953832
76561197961953834
76561197961953835
76561197961953837
76561197961953840
76561197961953842
76561197961953843
76561197961953846
76561197961953849
76561197961953850
76561197961953852
76561197961953853
76561197961953854
76561197961953855
76561197961953858
76561197961953859
76561197961953860
76561197961953861
76561197961953862
76561197961953863
76561197961953865
76561197961953867
76561197961953868
76561197961953870
76561197961953871
76561197961953874
76561197961953875
76561197961953879
76561197961953880
76561197961953881
76561197961953883
76561197961953885
76561197961953887
76561197961953891
76561197961953892
76561197961953895
76561197961953898
76561197961953900
76561197961953904
76561197961953905
76561197961953907
76561197961953908
76561197961953910
76561197961953911
76561197961953912
76561197961953920
76561197961953922
76561197961953924
76561197961953928
76561197961953931
76561197961953932
76561197961953933
76561197961953935
76561197961953936
76561197961953937
76561197961953940
76561197961953941
76561197961953943
76561197961953944
76561197961953946
76561197961953947
76561197961953952
76561197961953953
76561197961953956
76561197961953958
76561197961953959
76561197961953960
76561197961953962
76561197961953964
76561197961953965
76561197961953967
76561197961953971
76561197961953972
76561197961953973
76561197961953980
76561197961953982
76561197961953984
76561197961953986
76561197961953987
76561197961953988
76561197961953989
76561197961953993
76561197961953994
76561197961953996
76561197961953997
76561197961953998
76561197961953999
76561197961954001
76561197961954004
76561197961954005
76561197961954006
76561197961954011
76561197961954013
76561197961954014
76561197961954018
76561197961954020
76561197961954022
76561197961954024
76561197961954025
76561197961954027
76561197961954028
76561197961954029
76561197961954031
76561197961954034
76561197961954035
76561197961954037
76561197961954039
76561197961954041
76561197961954044
76561197961954045
76561197961954046
76561197961954047
76561197961954048
76561197961954050
76561197961954053
76561197961954054
76561197961954057
76561197961954058
76561197961954059
76561197961954063
76561197961954064
76561197961954065
76561197961954066
76561197961954067
76561197961954068
76561197961954072
76561197961954073
76561197961954074
76561197961954076
76561197961954077
76561197961954078
76561197961954079
76561197961954080
76561197961954082
76561197961954085
76561197961954086
76561197961954087
76561197961954089
76561197961954090
76561197961954092
76561197961954095
76561197961954096
76561197961954097
76561197961954098
76561197961954103
76561197961954104
76561197961954105
76561197961954106
76561197961954107
76561197961954108
76561197961954109
76561197961954110
76561197961954112
76561197961954113
76561197961954114
76561197961954116
76561197961954118
76561197961954120
76561197961954121
76561197961954122
76561197961954125
76561197961954126
76561197961954129
76561197961954131
76561197961954132
76561197961954133
76561197961954134
76561197961954135
76561197961954136
76561197961954138
76561197961954140
76561197961954142
76561197961954145
76561197961954146
76561197961954147
76561197961954154
76561197961954159
76561197961954160
76561197961954162
76561197961954163
76561197961954164
76561197961954166
76561197961954168
76561197961954169
76561197961954173
76561197961954175
76561197961954176
76561197961954177
76561197961954178
76561197961954184
76561197961954185
76561197961954186
76561197961954187
76561197961954188
76561197961954196
76561197961954200
76561197961954204
76561197961954205
76561197961954208
76561197961954209
76561197961954210
76561197961954212
76561197961954215
76561197961954218
76561197961954220
76561197961954221
76561197961954223
76561197961954224
76561197961954225
76561197961954228
76561197961954231
76561197961954233
76561197961954235
76561197961954236
76561197961954239
76561197961954242
76561197961954243
76561197961954245
76561197961954246
76561197961954249
76561197961954251
76561197961954254
76561197961954257
76561197961954260
76561197961954263
76561197961954264
76561197961954265
76561197961954266
76561197961954269
76561197961954272
76561197961954273
76561197961954275
76561197961954276
76561197961954279
76561197961954280
76561197961954284
76561197961954287
76561197961954288
76561197961954289
76561197961954294
76561197961954295
76561197961954302
76561197961954303
76561197961954305
76561197961954307
76561197961954308
76561197961954309
76561197961954312
76561197961954313
76561197961954315
76561197961954317
76561197961954321
76561197961954324
76561197961954325
76561197961954328
76561197961954330
76561197961954332
76561197961954334
76561197961954337
76561197961954341
76561197961954342
76561197961954343
76561197961954344
76561197961954348
76561197961954350
76561197961954351
76561197961954353
76561197961954354
76561197961954356
76561197961954358
76561197961954360
76561197961954362
76561197961954364
76561197961954365
76561197961954366
76561197961954370
76561197961954374
76561197961954378
76561197961954381
76561197961954382
76561197961954386
76561197961954388
76561197961954390
76561197961954394
76561197961954396
76561197961954399
76561197961954401
76561197961954403
76561197961954404
76561197961954405
76561197961954410
76561197961954414
76561197961954415
76561197961954416
76561197961954420
76561197961954422
76561197961954423
76561197961954427
76561197961954429
76561197961954430
76561197961954432
76561197961954433
76561197961954435
76561197961954440
76561197961954441
76561197961954444
76561197961954445
76561197961954448
76561197961954449
76561197961954450
76561197961954451
76561197961954454
76561197961954456
76561197961954457
76561197961954458
76561197961954464
76561197961954470
76561197961954472
76561197961954473
76561197961954481
76561197961954488
76561197961954489
76561197961954493
76561197961954494
76561197961954495
76561197961954496
76561197961954499
76561197961954500
76561197961954503
76561197961954506
76561197961954508
76561197961954511
76561197961954513
76561197961954515
76561197961954516
76561197961954517
76561197961954518
76561197961954519
76561197961954521
76561197961954523
76561197961954524
76561197961954605
76561197961954609
76561197961954619
76561197961954672
76561197961954694
76561197961954703
76561197961954712
76561197961954742
76561197961954754
76561197961954792
76561197961954794
76561197961954817
76561197961954838
76561197961954840
76561197961954849
76561197961954859
76561197961954867
76561197961954879
76561197961954911
76561197961954916
76561197961954975
76561197961954980
76561197961954982
76561197961954983
76561197961954986
76561197961954988
76561197961954991
76561197961954993
76561197961954995
76561197961954997
76561197961954998
76561197961955000
76561197961955002
76561197961955004
76561197961955007
76561197961955008
76561197961955009
76561197961955010
76561197961955013
76561197961955014
76561197961955015
76561197961955016
76561197961955020
76561197961955021
76561197961955022
76561197961955024
76561197961955025
76561197961955028
76561197961955029
76561197961955030
76561197961955031
76561197961955032
76561197961955034
76561197961955036
76561197961955037
76561197961955038
76561197961955039
76561197961955041
76561197961955047
76561197961955048
76561197961955050
76561197961955054
76561197961955060
76561197961955061
76561197961955062
76561197961955063
76561197961955064
76561197961955065
76561197961955067
76561197961955071
76561197961955073
76561197961955076
76561197961955079
76561197961955080
76561197961955082
76561197961955083
76561197961955086
76561197961955087
76561197961955091
76561197961955093
76561197961955094
76561197961955095
76561197961955098
76561197961955099
76561197961955101
76561197961955104
76561197961955105
76561197961955107
76561197961955108
76561197961955109
76561197961955110
76561197961955112
76561197961955116
76561197961955117
76561197961955120
76561197961955121
76561197961955122
76561197961955126
76561197961955127
76561197961955128
76561197961955135
76561197961955136
76561197961955141
76561197961955142
76561197961955147
76561197961955152
76561197961955153
76561197961955154
76561197961955157
76561197961955168
76561197961955171
76561197961955175
76561197961955176
76561197961955178
76561197961955181
76561197961955184
76561197961955185
76561197961955186
76561197961955188
76561197961955189
76561197961955192
76561197961955197
76561197961955199
76561197961955202
76561197961955204
76561197961955207
76561197961955209
76561197961955212
76561197961955213
76561197961955214
76561197961955218
76561197961955222
76561197961955224
76561197961955225
76561197961955226
76561197961955227
76561197961955228
76561197961955229
76561197961955230
76561197961955232
76561197961955234
76561197961955236
76561197961955239
76561197961955241
76561197961955242
76561197961955245
76561197961955248
76561197961955252
76561197961955254
76561197961955255
76561197961955256
76561197961955264
76561197961955266
76561197961955268
76561197961955270
76561197961955271
76561197961955272
76561197961955275
76561197961955277
76561197961955278
76561197961955280
76561197961955281
76561197961955282
76561197961955284
76561197961955285
76561197961955287
76561197961955289
76561197961955290
76561197961955291
76561197961955293
76561197961955295
76561197961955304
76561197961955308
76561197961955309
76561197961955314
76561197961955319
76561197961955321
76561197961955323
76561197961955324
76561197961955325
76561197961955326
76561197961955327
76561197961955331
76561197961955332
76561197961955333
76561197961955334
76561197961955336
76561197961955338
76561197961955343
76561197961955347
76561197961955354
76561197961955355
76561197961955356
76561197961955357
76561197961955359
76561197961955360
76561197961955362
76561197961955367
76561197961955370
76561197961955376
76561197961955377
76561197961955380
76561197961955383
76561197961955384
76561197961955386
76561197961955388
76561197961955390
76561197961955392
76561197961955401
76561197961955402
76561197961955405
76561197961955410
76561197961955411
76561197961955413
76561197961955414
76561197961955417
76561197961955424
76561197961955427
76561197961955428
76561197961955429
76561197961955430
76561197961955431
76561197961955435
76561197961955437
76561197961955439
76561197961955441
76561197961955442
76561197961955445
76561197961955446
76561197961955449
76561197961955450
76561197961955451
76561197961955452
76561197961955455
76561197961955458
76561197961955465
76561197961955466
76561197961955467
76561197961955468
76561197961955470
76561197961955471
76561197961955473
76561197961955476
76561197961955477
76561197961955478
76561197961955481
76561197961955483
76561197961955484
76561197961955485
76561197961955486
76561197961955487
76561197961955489
76561197961955490
76561197961955491
76561197961955495
76561197961955497
76561197961955498
76561197961955499
76561197961955501
76561197961955504
76561197961955505
76561197961955508
76561197961955511
76561197961955513
76561197961955517
76561197961955518
76561197961955520
76561197961955521
76561197961955522
76561197961955523
76561197961955524
76561197961955526
76561197961955529
76561197961955530
76561197961955531
76561197961955533
76561197961955534
76561197961955536
76561197961955538
76561197961955539
76561197961955540
76561197961955541
76561197961955542
76561197961955546
76561197961955547
76561197961955548
76561197961955552
76561197961955557
76561197961955559
76561197961955562
76561197961955563
76561197961955564
76561197961955566
76561197961955573
76561197961955576
76561197961955578
76561197961955581
76561197961955582
76561197961955584
76561197961955586
76561197961955588
76561197961955589
76561197961955590
76561197961955591
76561197961955592
76561197961955593
76561197961955594
76561197961955602
76561197961955605
76561197961955606
76561197961955607
76561197961955609
76561197961955612
76561197961955614
76561197961955615
76561197961955617
76561197961955618
76561197961955619
76561197961955622
76561197961955623
76561197961955624
76561197961955626
76561197961955629
76561197961955630
76561197961955631
76561197961955634
76561197961955641
76561197961955643
76561197961955644
76561197961955645
76561197961955646
76561197961955647
76561197961955654
76561197961955655
76561197961955656
76561197961955657
76561197961955658
76561197961955659
76561197961955660
76561197961955666
76561197961955667
76561197961955668
76561197961955671
76561197961955674
76561197961955675
76561197961955676
76561197961955677
76561197961955678
76561197961955680
76561197961955681
76561197961955682
76561197961955683
76561197961955684
76561197961955687
76561197961955688
76561197961955689
76561197961955691
76561197961955692
76561197961955693
76561197961955694
76561197961955697
76561197961955699
76561197961955703
76561197961955706
76561197961955709
76561197961955711
76561197961955713
76561197961955714
76561197961955717
76561197961955720
76561197961955722
76561197961955724
76561197961955725
76561197961955727
76561197961955728
76561197961955731
76561197961955732
76561197961955733
76561197961955735
76561197961955736
76561197961955737
76561197961955739
76561197961955743
76561197961955744
76561197961955749
76561197961955750
76561197961955752
76561197961955755
76561197961955759
76561197961955761
76561197961955765
76561197961955769
76561197961955770
76561197961955773
76561197961955774
76561197961955775
76561197961955777
76561197961955782
76561197961955784
76561197961955787
76561197961955792
76561197961955793
76561197961955794
76561197961955795
76561197961955796
76561197961955797
76561197961955799
76561197961955800
76561197961955801
76561197961955804
76561197961955806
76561197961955809
76561197961955810
76561197961955811
76561197961955816
76561197961955817
76561197961955818
76561197961955822
76561197961955823
