76561197961742053
76561197961742054
76561197961742059
76561197961742060
76561197961742065
76561197961742067
76561197961742069
76561197961742071
76561197961742073
76561197961742075
76561197961742076
76561197961742077
76561197961742078
76561197961742079
76561197961742081
76561197961742082
76561197961742083
76561197961742084
76561197961742086
76561197961742088
76561197961742089
76561197961742090
76561197961742093
76561197961742094
76561197961742095
76561197961742096
76561197961742098
76561197961742099
76561197961742103
76561197961742104
76561197961742105
76561197961742108
76561197961742109
76561197961742111
76561197961742116
76561197961742121
76561197961742122
76561197961742124
76561197961742125
76561197961742126
76561197961742127
76561197961742129
76561197961742131
76561197961742132
76561197961742133
76561197961742135
76561197961742137
76561197961742138
76561197961742140
76561197961742142
76561197961742145
76561197961742148
76561197961742149
76561197961742151
76561197961742156
76561197961742157
76561197961742161
76561197961742163
76561197961742165
76561197961742168
76561197961742173
76561197961742174
76561197961742178
76561197961742183
76561197961742184
76561197961742187
76561197961742188
76561197961742189
76561197961742190
76561197961742194
76561197961742195
76561197961742196
76561197961742199
76561197961742200
76561197961742201
76561197961742202
76561197961742206
76561197961742211
76561197961742212
76561197961742214
76561197961742215
76561197961742217
76561197961742218
76561197961742219
76561197961742223
76561197961742224
76561197961742226
76561197961742227
76561197961742229
76561197961742231
76561197961742232
76561197961742233
76561197961742234
76561197961742235
76561197961742237
76561197961742240
76561197961742241
76561197961742242
76561197961742245
76561197961742246
76561197961742248
76561197961742249
76561197961742250
76561197961742251
76561197961742254
76561197961742255
76561197961742256
76561197961742258
76561197961742261
76561197961742262
76561197961742264
76561197961742265
76561197961742268
76561197961742269
76561197961742271
76561197961742273
76561197961742274
76561197961742277
76561197961742280
76561197961742281
76561197961742283
76561197961742285
76561197961742286
76561197961742294
76561197961742295
76561197961742296
76561197961742297
76561197961742298
76561197961742299
76561197961742305
76561197961742306
76561197961742307
76561197961742308
76561197961742309
76561197961742311
76561197961742319
76561197961742321
76561197961742322
76561197961742323
76561197961742324
76561197961742326
76561197961742329
76561197961742330
76561197961742334
76561197961742339
76561197961742343
76561197961742344
76561197961742345
76561197961742346
76561197961742347
76561197961742348
76561197961742349
76561197961742353
76561197961742355
76561197961742356
76561197961742357
76561197961742359
76561197961742361
76561197961742362
76561197961742366
76561197961742367
76561197961742369
76561197961742371
76561197961742372
76561197961742373
76561197961742374
76561197961742375
76561197961742377
76561197961742379
76561197961742384
76561197961742385
76561197961742395
76561197961742397
76561197961742399
76561197961742401
76561197961742402
76561197961742405
76561197961742411
76561197961742412
76561197961742414
76561197961742420
76561197961742421
76561197961742424
76561197961742425
76561197961742426
76561197961742427
76561197961742428
76561197961742429
76561197961742430
76561197961742431
76561197961742436
76561197961742438
76561197961742443
76561197961742445
76561197961742450
76561197961742451
76561197961742454
76561197961742456
76561197961742458
76561197961742461
76561197961742462
76561197961742465
76561197961742467
76561197961742468
76561197961742471
76561197961742474
76561197961742477
76561197961742479
76561197961742480
76561197961742483
76561197961742484
76561197961742486
76561197961742487
76561197961742488
76561197961742491
76561197961742492
76561197961742493
76561197961742499
76561197961742501
76561197961742503
76561197961742504
76561197961742513
76561197961742515
76561197961742520
76561197961742525
76561197961742526
76561197961742527
76561197961742529
76561197961742531
76561197961742533
76561197961742535
76561197961742536
76561197961742537
76561197961742540
76561197961742543
76561197961742544
76561197961742545
76561197961742548
76561197961742549
76561197961742550
76561197961742551
76561197961742552
76561197961742553
76561197961742557
76561197961742559
76561197961742560
76561197961742562
76561197961742565
76561197961742567
76561197961742568
76561197961742569
76561197961742570
76561197961742577
76561197961742580
76561197961742581
76561197961742583
76561197961742587
76561197961742588
76561197961742589
76561197961742590
76561197961742593
76561197961742594
76561197961742598
76561197961742600
76561197961742601
76561197961742602
76561197961742604
76561197961742607
76561197961742609
76561197961742611
76561197961742612
76561197961742614
76561197961742616
76561197961742617
76561197961742618
76561197961742620
76561197961742621
76561197961742622
76561197961742623
76561197961742625
76561197961742626
76561197961742628
76561197961742629
76561197961742630
76561197961742631
76561197961742632
76561197961742634
76561197961742638
76561197961742639
76561197961742641
76561197961742642
76561197961742643
76561197961742648
76561197961742649
76561197961742652
76561197961742654
76561197961742655
76561197961742659
76561197961742664
76561197961742666
76561197961742667
76561197961742668
76561197961742669
76561197961742670
76561197961742673
76561197961742676
76561197961742677
76561197961742680
76561197961742686
76561197961742688
76561197961742690
76561197961742698
76561197961742699
76561197961742700
76561197961742701
76561197961742702
76561197961742706
76561197961742707
76561197961742709
76561197961742710
76561197961742714
76561197961742715
76561197961742716
76561197961742722
76561197961742723
76561197961742724
76561197961742725
76561197961742727
76561197961742730
76561197961742733
76561197961742734
76561197961742736
76561197961742737
76561197961742738
76561197961742746
76561197961742752
76561197961742755
76561197961742757
76561197961742762
76561197961742764
76561197961742765
76561197961742767
76561197961742768
76561197961742772
76561197961742773
76561197961742774
76561197961742776
76561197961742778
76561197961742779
76561197961742780
76561197961742781
76561197961742782
76561197961742783
76561197961742786
76561197961742787
76561197961742789
76561197961742791
76561197961742792
76561197961742795
76561197961742796
76561197961742797
76561197961742798
76561197961742799
76561197961742802
76561197961742803
76561197961742805
76561197961742806
76561197961742807
76561197961742808
76561197961742810
76561197961742811
76561197961742813
76561197961742815
76561197961742817
76561197961742819
76561197961742820
76561197961742821
76561197961742822
76561197961742823
76561197961742824
76561197961742825
76561197961742826
76561197961742830
76561197961742833
76561197961742835
76561197961742836
76561197961742837
76561197961742838
76561197961742840
76561197961742841
76561197961742845
76561197961742847
76561197961742849
76561197961742850
76561197961742854
76561197961742856
76561197961742858
76561197961742860
76561197961742863
76561197961742865
76561197961742866
76561197961742869
76561197961742873
76561197961742875
76561197961742877
76561197961742880
76561197961742881
76561197961742884
76561197961742888
76561197961742890
76561197961742891
76561197961742893
76561197961742895
76561197961742898
76561197961742904
76561197961742906
76561197961742907
76561197961742909
76561197961742911
76561197961742914
76561197961742917
76561197961742920
76561197961742923
76561197961742925
76561197961742926
76561197961742927
76561197961742932
76561197961742933
76561197961742937
76561197961742938
76561197961742940
76561197961742942
76561197961742944
76561197961742951
76561197961742953
76561197961742957
76561197961742960
76561197961742964
76561197961742967
76561197961742968
76561197961742969
76561197961742970
76561197961742975
76561197961742978
76561197961742979
76561197961742980
76561197961742984
76561197961742986
76561197961742987
76561197961742988
76561197961742994
76561197961742995
76561197961742998
76561197961743001
76561197961743002
76561197961743003
76561197961743004
76561197961743005
76561197961743007
76561197961743010
76561197961743011
76561197961743018
76561197961743019
76561197961743022
76561197961743023
76561197961743031
76561197961743035
76561197961743036
76561197961743041
76561197961743045
76561197961743046
76561197961743048
76561197961743049
76561197961743051
76561197961743058
76561197961743059
76561197961743064
76561197961743065
76561197961743068
76561197961743071
76561197961743075
76561197961743076
76561197961743077
76561197961743080
76561197961743081
76561197961743082
76561197961743083
76561197961743087
76561197961743088
76561197961743089
76561197961743090
76561197961743091
76561197961743092
76561197961743094
76561197961743095
76561197961743100
76561197961743105
76561197961743109
76561197961743110
76561197961743111
76561197961743113
76561197961743115
76561197961743116
76561197961743117
76561197961743120
76561197961743121
76561197961743122
76561197961743124
76561197961743127
76561197961743128
76561197961743131
76561197961743136
76561197961743137
76561197961743142
76561197961743143
76561197961743145
76561197961743148
76561197961743149
76561197961743150
76561197961743154
76561197961743156
76561197961743157
76561197961743158
76561197961743159
76561197961743161
76561197961743163
76561197961743164
76561197961743165
76561197961743166
76561197961743168
76561197961743171
76561197961743172
76561197961743176
76561197961743177
76561197961743178
76561197961743179
76561197961743180
76561197961743181
76561197961743182
76561197961743183
76561197961743184
76561197961743185
76561197961743188
76561197961743190
76561197961743192
76561197961743193
76561197961743194
76561197961743195
76561197961743196
76561197961743197
76561197961743198
76561197961743201
76561197961743203
76561197961743213
76561197961743215
76561197961743219
76561197961743223
76561197961743226
76561197961743229
76561197961743232
76561197961743234
76561197961743235
76561197961743236
76561197961743239
76561197961743240
76561197961743241
76561197961743242
76561197961743243
76561197961743244
76561197961743246
76561197961743247
76561197961743249
76561197961743250
76561197961743255
76561197961743257
76561197961743258
76561197961743259
76561197961743263
76561197961743265
76561197961743266
76561197961743267
76561197961743268
76561197961743269
76561197961743270
76561197961743280
76561197961743281
76561197961743282
76561197961743283
76561197961743284
76561197961743286
76561197961743290
76561197961743291
76561197961743293
76561197961743296
76561197961743300
76561197961743305
76561197961743307
76561197961743308
76561197961743309
76561197961743312
76561197961743315
76561197961743317
76561197961743318
76561197961743319
76561197961743323
76561197961743324
76561197961743325
76561197961743327
76561197961743329
76561197961743332
76561197961743334
76561197961743339
76561197961743340
76561197961743343
76561197961743344
76561197961743348
76561197961743350
76561197961743351
76561197961743353
76561197961743354
76561197961743355
76561197961743359
76561197961743360
76561197961743361
76561197961743362
76561197961743363
76561197961743371
76561197961743373
76561197961743375
76561197961743376
76561197961743379
76561197961743380
76561197961743381
76561197961743387
76561197961743389
76561197961743505
76561197961743519
76561197961743533
76561197961743544
76561197961743591
76561197961743593
76561197961743673
76561197961743714
76561197961743741
76561197961743772
76561197961743809
76561197961743810
76561197961743818
76561197961743821
76561197961743823
76561197961743824
76561197961743825
76561197961743826
76561197961743828
76561197961743829
76561197961743830
76561197961743833
76561197961743834
76561197961743837
76561197961743838
76561197961743842
76561197961743843
76561197961743847
76561197961743848
76561197961743850
76561197961743853
76561197961743855
76561197961743862
76561197961743867
76561197961743869
76561197961743871
76561197961743872
76561197961743875
76561197961743876
76561197961743879
76561197961743880
76561197961743881
76561197961743884
76561197961743886
76561197961743887
76561197961743890
76561197961743892
76561197961743894
76561197961743895
76561197961743896
76561197961743898
76561197961743899
76561197961743901
76561197961743902
76561197961743903
76561197961743905
76561197961743909
76561197961743911
76561197961743916
76561197961743917
76561197961743920
76561197961743926
76561197961743928
76561197961743930
76561197961743931
76561197961743935
76561197961743937
76561197961743942
76561197961743945
76561197961743949
76561197961743950
76561197961743959
76561197961743960
76561197961743963
76561197961743965
76561197961743966
76561197961743971
76561197961743972
76561197961743975
76561197961743979
76561197961743981
76561197961743983
76561197961743984
76561197961743991
76561197961743993
76561197961743994
76561197961743995
76561197961743999
76561197961744000
76561197961744002
76561197961744005
76561197961744007
76561197961744009
76561197961744010
76561197961744018
76561197961744019
76561197961744020
76561197961744023
76561197961744030
76561197961744031
76561197961744033
76561197961744034
76561197961744036
76561197961744037
76561197961744039
76561197961744043
76561197961744045
76561197961744046
76561197961744048
76561197961744051
76561197961744057
76561197961744058
76561197961744059
76561197961744062
76561197961744063
76561197961744067
76561197961744068
76561197961744069
76561197961744071
76561197961744075
76561197961744080
76561197961744081
76561197961744083
76561197961744087
76561197961744089
76561197961744090
76561197961744091
76561197961744093
76561197961744097
76561197961744098
76561197961744101
76561197961744105
76561197961744106
76561197961744107
76561197961744108
76561197961744113
76561197961744116
76561197961744118
76561197961744119
76561197961744122
76561197961744124
76561197961744126
76561197961744132
76561197961744134
76561197961744136
76561197961744139
76561197961744140
76561197961744141
76561197961744142
76561197961744143
76561197961744144
76561197961744145
76561197961744147
76561197961744148
76561197961744149
76561197961744159
76561197961744161
76561197961744163
76561197961744165
76561197961744168
76561197961744169
76561197961744171
76561197961744173
76561197961744174
76561197961744176
76561197961744177
76561197961744178
76561197961744181
76561197961744182
76561197961744183
76561197961744185
76561197961744186
76561197961744187
76561197961744192
76561197961744193
76561197961744194
76561197961744195
76561197961744196
76561197961744198
76561197961744199
76561197961744202
76561197961744204
76561197961744205
76561197961744208
76561197961744211
76561197961744213
76561197961744215
76561197961744221
76561197961744222
76561197961744223
76561197961744224
76561197961744225
76561197961744227
76561197961744229
76561197961744236
76561197961744240
76561197961744242
76561197961744243
76561197961744245
76561197961744246
76561197961744247
76561197961744249
76561197961744250
76561197961744251
76561197961744254
76561197961744256
76561197961744258
76561197961744261
76561197961744266
76561197961744269
76561197961744272
76561197961744279
76561197961744280
76561197961744281
76561197961744286
76561197961744287
76561197961744291
76561197961744292
76561197961744294
76561197961744295
76561197961744296
76561197961744299
76561197961744300
76561197961744301
76561197961744303
76561197961744306
76561197961744307
76561197961744309
76561197961744315
76561197961744319
76561197961744322
76561197961744323
76561197961744325
76561197961744327
76561197961744329
76561197961744337
76561197961744339
76561197961744340
76561197961744344
76561197961744345
76561197961744346
76561197961744352
76561197961744353
76561197961744354
76561197961744360
76561197961744361
76561197961744363
76561197961744365
76561197961744370
76561197961744371
76561197961744373
76561197961744374
76561197961744377
76561197961744378
76561197961744382
76561197961744387
76561197961744388
76561197961744389
76561197961744391
76561197961744392
76561197961744393
76561197961744396
76561197961744399
76561197961744401
76561197961744403
76561197961744405
76561197961744407
76561197961744408
76561197961744411
76561197961744412
76561197961744413
76561197961744414
76561197961744417
76561197961744418
76561197961744420
76561197961744423
76561197961744424
76561197961744425
76561197961744426
76561197961744428
76561197961744429
76561197961744430
76561197961744431
76561197961744434
76561197961744439
76561197961744442
76561197961744443
76561197961744446
76561197961744447
76561197961744453
76561197961744454
76561197961744455
76561197961744457
76561197961744460
76561197961744461
76561197961744463
76561197961744464
76561197961744465
76561197961744466
76561197961744467
76561197961744468
76561197961744470
76561197961744471
76561197961744476
76561197961744478
76561197961744480
76561197961744481
76561197961744482
76561197961744487
76561197961744488
76561197961744490
76561197961744492
76561197961744493
76561197961744497
76561197961744499
76561197961744503
76561197961744504
76561197961744505
76561197961744506
76561197961744509
76561197961744512
76561197961744513
76561197961744514
76561197961744515
76561197961744517
76561197961744519
76561197961744520
76561197961744524
76561197961744529
76561197961744533
76561197961744536
76561197961744537
76561197961744538
76561197961744539
76561197961744540
76561197961744541
76561197961744545
76561197961744546
76561197961744547
76561197961744548
76561197961744549
76561197961744551
76561197961744553
76561197961744555
76561197961744557
76561197961744559
76561197961744560
76561197961744561
76561197961744563
76561197961744567
76561197961744568
76561197961744569
76561197961744570
76561197961744572
76561197961744576
76561197961744577
76561197961744578
76561197961744580
76561197961744585
76561197961744587
76561197961744588
76561197961744589
76561197961744590
76561197961744592
76561197961744595
