76561197961900772
76561197961900775
76561197961900776
76561197961900778
76561197961900782
76561197961900783
76561197961900786
76561197961900790
76561197961900794
76561197961900795
76561197961900796
76561197961900798
76561197961900801
76561197961900802
76561197961900804
76561197961900806
76561197961900808
76561197961900810
76561197961900811
76561197961900812
76561197961900813
76561197961900814
76561197961900816
76561197961900818
76561197961900821
76561197961900830
76561197961900831
76561197961900834
76561197961900836
76561197961900838
76561197961900842
76561197961900850
76561197961900851
76561197961900852
76561197961900854
76561197961900856
76561197961900858
76561197961900860
76561197961900863
76561197961900864
76561197961900867
76561197961900868
76561197961900870
76561197961900874
76561197961900879
76561197961900882
76561197961900885
76561197961900886
76561197961900888
76561197961900889
76561197961900890
76561197961900891
76561197961900892
76561197961900895
76561197961900898
76561197961900899
76561197961900900
76561197961900901
76561197961900902
76561197961900903
76561197961900904
76561197961900905
76561197961900906
76561197961900907
76561197961900909
76561197961900910
76561197961900911
76561197961900913
76561197961900914
76561197961900915
76561197961900916
76561197961900917
76561197961900918
76561197961900923
76561197961900924
76561197961900926
76561197961900928
76561197961900931
76561197961900932
76561197961900939
76561197961900940
76561197961900942
76561197961900944
76561197961900945
76561197961900946
76561197961900947
76561197961900948
76561197961900951
76561197961900952
76561197961900958
76561197961900959
76561197961900960
76561197961900961
76561197961900964
76561197961900965
76561197961900966
76561197961900968
76561197961900971
76561197961900974
76561197961900980
76561197961900982
76561197961900984
76561197961900987
76561197961900988
76561197961900989
76561197961900993
76561197961900995
76561197961900996
76561197961900997
76561197961900998
76561197961900999
76561197961901001
76561197961901003
76561197961901007
76561197961901009
76561197961901010
76561197961901012
76561197961901013
76561197961901014
76561197961901018
76561197961901022
76561197961901026
76561197961901028
76561197961901029
76561197961901033
76561197961901035
76561197961901037
76561197961901040
76561197961901041
76561197961901043
76561197961901045
76561197961901046
76561197961901048
76561197961901049
76561197961901050
76561197961901051
76561197961901052
76561197961901053
76561197961901056
76561197961901058
76561197961901059
76561197961901062
76561197961901064
76561197961901067
76561197961901070
76561197961901071
76561197961901072
76561197961901075
76561197961901076
76561197961901078
76561197961901079
76561197961901081
76561197961901082
76561197961901086
76561197961901090
76561197961901091
76561197961901093
76561197961901094
76561197961901096
76561197961901100
76561197961901102
76561197961901104
76561197961901105
76561197961901109
76561197961901113
76561197961901115
76561197961901116
76561197961901118
76561197961901119
76561197961901120
76561197961901121
76561197961901124
76561197961901125
76561197961901126
76561197961901132
76561197961901133
76561197961901134
76561197961901139
76561197961901142
76561197961901144
76561197961901146
76561197961901147
76561197961901150
76561197961901152
76561197961901153
76561197961901154
76561197961901158
76561197961901163
76561197961901167
76561197961901169
76561197961901175
76561197961901176
76561197961901178
76561197961901180
76561197961901182
76561197961901184
76561197961901187
76561197961901188
76561197961901189
76561197961901192
76561197961901194
76561197961901196
76561197961901198
76561197961901199
76561197961901200
76561197961901201
76561197961901207
76561197961901208
76561197961901210
76561197961901211
76561197961901212
76561197961901214
76561197961901216
76561197961901219
76561197961901220
76561197961901221
76561197961901222
76561197961901223
76561197961901226
76561197961901230
76561197961901231
76561197961901232
76561197961901234
76561197961901238
76561197961901244
76561197961901245
76561197961901249
76561197961901251
76561197961901252
76561197961901254
76561197961901257
76561197961901259
76561197961901263
76561197961901264
76561197961901266
76561197961901267
76561197961901270
76561197961901271
76561197961901273
76561197961901276
76561197961901278
76561197961901280
76561197961901282
76561197961901283
76561197961901284
76561197961901286
76561197961901287
76561197961901288
76561197961901290
76561197961901291
76561197961901292
76561197961901294
76561197961901295
76561197961901298
76561197961901304
76561197961901308
76561197961901309
76561197961901310
76561197961901312
76561197961901313
76561197961901314
76561197961901315
76561197961901316
76561197961901318
76561197961901319
76561197961901320
76561197961901322
76561197961901323
76561197961901326
76561197961901327
76561197961901329
76561197961901338
76561197961901340
76561197961901342
76561197961901344
76561197961901347
76561197961901348
76561197961901349
76561197961901350
76561197961901355
76561197961901358
76561197961901362
76561197961901363
76561197961901365
76561197961901368
76561197961901369
76561197961901371
76561197961901374
76561197961901375
76561197961901390
76561197961901392
76561197961901395
76561197961901397
76561197961901402
76561197961901405
76561197961901410
76561197961901411
76561197961901416
76561197961901418
76561197961901419
76561197961901421
76561197961901426
76561197961901428
76561197961901429
76561197961901432
76561197961901433
76561197961901435
76561197961901437
76561197961901438
76561197961901440
76561197961901443
76561197961901444
76561197961901446
76561197961901451
76561197961901452
76561197961901454
76561197961901455
76561197961901458
76561197961901460
76561197961901463
76561197961901464
76561197961901465
76561197961901466
76561197961901469
76561197961901471
76561197961901474
76561197961901477
76561197961901478
76561197961901479
76561197961901482
76561197961901484
76561197961901486
76561197961901488
76561197961901496
76561197961901497
76561197961901500
76561197961901502
76561197961901504
76561197961901511
76561197961901514
76561197961901515
76561197961901516
76561197961901519
76561197961901523
76561197961901524
76561197961901528
76561197961901530
76561197961901532
76561197961901537
76561197961901538
76561197961901544
76561197961901546
76561197961901549
76561197961901552
76561197961901561
76561197961901562
76561197961901564
76561197961901568
76561197961901569
76561197961901570
76561197961901572
76561197961901574
76561197961901575
76561197961901577
76561197961901579
76561197961901583
76561197961901584
76561197961901592
76561197961901594
76561197961901596
76561197961901599
76561197961901602
76561197961901603
76561197961901604
76561197961901608
76561197961901610
76561197961901612
76561197961901616
76561197961901617
76561197961901619
76561197961901622
76561197961901623
76561197961901624
76561197961901626
76561197961901627
76561197961901629
76561197961901630
76561197961901632
76561197961901633
76561197961901634
76561197961901637
76561197961901641
76561197961901644
76561197961901647
76561197961901648
76561197961901649
76561197961901653
76561197961901658
76561197961901659
76561197961901660
76561197961901662
76561197961901667
76561197961901670
76561197961901672
76561197961901677
76561197961901678
76561197961901680
76561197961901684
76561197961901690
76561197961901691
76561197961901692
76561197961901696
76561197961901700
76561197961901701
76561197961901703
76561197961901704
76561197961901706
76561197961901710
76561197961901713
76561197961901714
76561197961901717
76561197961901718
76561197961901719
76561197961901720
76561197961901721
76561197961901724
76561197961901725
76561197961901726
76561197961901728
76561197961901730
76561197961901731
76561197961901732
76561197961901734
76561197961901736
76561197961901738
76561197961901740
76561197961901741
76561197961901742
76561197961901743
76561197961901746
76561197961901750
76561197961901753
76561197961901754
76561197961901758
76561197961901760
76561197961901763
76561197961901766
76561197961901768
76561197961901774
76561197961901777
76561197961901778
76561197961901782
76561197961901783
76561197961901784
76561197961901786
76561197961901788
76561197961901791
76561197961901792
76561197961901793
76561197961901796
76561197961901798
76561197961901801
76561197961901802
76561197961901803
76561197961901808
76561197961901810
76561197961901811
76561197961901819
76561197961901820
76561197961901821
76561197961901822
76561197961901824
76561197961901825
76561197961901826
76561197961901828
76561197961901830
76561197961901831
76561197961901832
76561197961901834
76561197961901836
76561197961901837
76561197961901840
76561197961901841
76561197961901843
76561197961901844
76561197961901845
76561197961901847
76561197961901848
76561197961901849
76561197961901850
76561197961901851
76561197961901854
76561197961901855
76561197961901857
76561197961901859
76561197961901860
76561197961901861
76561197961901864
76561197961901867
76561197961901868
76561197961901874
76561197961901875
76561197961901880
76561197961901882
76561197961901884
76561197961901889
76561197961901890
76561197961901891
76561197961901892
76561197961901893
76561197961901896
76561197961901897
76561197961901902
76561197961901904
76561197961901906
76561197961901908
76561197961901909
76561197961901910
76561197961901912
76561197961901919
76561197961901921
76561197961901922
76561197961901926
76561197961901927
76561197961901930
76561197961901935
76561197961901936
76561197961901940
76561197961901941
76561197961901944
76561197961901946
76561197961901955
76561197961901956
76561197961901958
76561197961901960
76561197961901963
76561197961901964
76561197961901967
76561197961901968
76561197961901987
76561197961902024
76561197961902045
76561197961902100
76561197961902127
76561197961902190
76561197961902207
76561197961902252
76561197961902266
76561197961902328
76561197961902330
76561197961902333
76561197961902337
76561197961902338
76561197961902340
76561197961902341
76561197961902342
76561197961902343
76561197961902345
76561197961902348
76561197961902349
76561197961902350
76561197961902352
76561197961902354
76561197961902355
76561197961902357
76561197961902359
76561197961902360
76561197961902362
76561197961902363
76561197961902365
76561197961902366
76561197961902367
76561197961902368
76561197961902369
76561197961902370
76561197961902372
76561197961902373
76561197961902374
76561197961902377
76561197961902378
76561197961902379
76561197961902380
76561197961902381
76561197961902385
76561197961902386
76561197961902388
76561197961902390
76561197961902392
76561197961902395
76561197961902396
76561197961902398
76561197961902400
76561197961902401
76561197961902403
76561197961902408
76561197961902410
76561197961902412
76561197961902414
76561197961902415
76561197961902416
76561197961902419
76561197961902420
76561197961902422
76561197961902424
76561197961902425
76561197961902426
76561197961902428
76561197961902430
76561197961902432
76561197961902434
76561197961902436
76561197961902437
76561197961902441
76561197961902442
76561197961902443
76561197961902444
76561197961902445
76561197961902446
76561197961902448
76561197961902451
76561197961902456
76561197961902460
76561197961902461
76561197961902462
76561197961902463
76561197961902465
76561197961902470
76561197961902472
76561197961902474
76561197961902475
76561197961902478
76561197961902483
76561197961902484
76561197961902491
76561197961902500
76561197961902501
76561197961902502
76561197961902504
76561197961902505
76561197961902506
76561197961902507
76561197961902509
76561197961902511
76561197961902514
76561197961902516
76561197961902518
76561197961902522
76561197961902524
76561197961902525
76561197961902528
76561197961902529
76561197961902532
76561197961902533
76561197961902534
76561197961902540
76561197961902541
76561197961902542
76561197961902544
76561197961902547
76561197961902552
76561197961902553
76561197961902554
76561197961902556
76561197961902557
76561197961902560
76561197961902561
76561197961902562
76561197961902563
76561197961902566
76561197961902570
76561197961902574
76561197961902575
76561197961902577
76561197961902578
76561197961902579
76561197961902580
76561197961902581
76561197961902583
76561197961902585
76561197961902587
76561197961902590
76561197961902591
76561197961902592
76561197961902599
76561197961902600
76561197961902601
76561197961902603
76561197961902604
76561197961902606
76561197961902608
76561197961902609
76561197961902610
76561197961902611
76561197961902612
76561197961902613
76561197961902618
76561197961902619
76561197961902620
76561197961902623
76561197961902624
76561197961902626
76561197961902627
76561197961902630
76561197961902631
76561197961902634
76561197961902636
76561197961902638
76561197961902639
76561197961902640
76561197961902641
76561197961902642
76561197961902643
76561197961902644
76561197961902649
76561197961902650
76561197961902651
76561197961902655
76561197961902656
76561197961902658
76561197961902660
76561197961902662
76561197961902666
76561197961902668
76561197961902669
76561197961902671
76561197961902672
76561197961902674
76561197961902675
76561197961902676
76561197961902678
76561197961902679
76561197961902684
76561197961902686
76561197961902687
76561197961902688
76561197961902689
76561197961902693
76561197961902694
76561197961902698
76561197961902703
76561197961902706
76561197961902707
76561197961902708
76561197961902709
76561197961902710
76561197961902711
76561197961902712
76561197961902715
76561197961902716
76561197961902718
76561197961902719
76561197961902720
76561197961902722
76561197961902724
76561197961902725
76561197961902727
76561197961902731
76561197961902732
76561197961902733
76561197961902738
76561197961902739
76561197961902740
76561197961902741
76561197961902747
76561197961902748
76561197961902749
76561197961902751
76561197961902752
76561197961902758
76561197961902759
76561197961902760
76561197961902762
76561197961902764
76561197961902765
76561197961902766
76561197961902768
76561197961902769
76561197961902771
76561197961902774
76561197961902775
76561197961902777
76561197961902778
76561197961902780
76561197961902781
76561197961902783
76561197961902784
76561197961902792
76561197961902794
76561197961902795
76561197961902796
76561197961902798
76561197961902799
76561197961902800
76561197961902801
76561197961902802
76561197961902803
76561197961902807
76561197961902808
76561197961902811
76561197961902812
76561197961902813
76561197961902818
76561197961902819
76561197961902822
76561197961902826
76561197961902827
76561197961902829
76561197961902832
76561197961902834
76561197961902836
76561197961902837
76561197961902838
76561197961902839
76561197961902840
76561197961902842
76561197961902843
76561197961902846
76561197961902847
76561197961902850
76561197961902854
76561197961902857
76561197961902860
76561197961902861
76561197961902863
76561197961902865
76561197961902867
76561197961902868
76561197961902869
76561197961902871
76561197961902872
76561197961902873
76561197961902876
76561197961902877
76561197961902878
76561197961902879
76561197961902886
76561197961902888
76561197961902890
76561197961902891
76561197961902894
76561197961902896
76561197961902897
76561197961902901
76561197961902903
76561197961902904
76561197961902905
76561197961902906
76561197961902907
76561197961902914
76561197961902916
76561197961902917
76561197961902918
76561197961902920
76561197961902922
76561197961902923
76561197961902925
76561197961902926
76561197961902928
76561197961902930
76561197961902932
76561197961902933
76561197961902934
76561197961902935
76561197961902937
76561197961902940
76561197961902944
76561197961902948
76561197961902953
76561197961902954
76561197961902957
76561197961902960
76561197961902962
76561197961902964
76561197961902965
76561197961902968
76561197961902969
76561197961902970
76561197961902972
76561197961902974
76561197961902975
76561197961902977
76561197961902986
76561197961902987
76561197961902989
76561197961902990
76561197961902992
76561197961902994
76561197961902997
76561197961902998
76561197961902999
76561197961903000
76561197961903003
76561197961903004
76561197961903007
76561197961903008
76561197961903009
76561197961903011
76561197961903012
76561197961903014
76561197961903015
76561197961903017
76561197961903019
76561197961903021
76561197961903023
76561197961903026
76561197961903027
76561197961903028
76561197961903030
76561197961903031
76561197961903032
76561197961903034
76561197961903038
76561197961903046
76561197961903048
76561197961903050
76561197961903051
76561197961903053
76561197961903056
76561197961903057
76561197961903058
76561197961903059
76561197961903060
76561197961903062
76561197961903063
76561197961903068
76561197961903074
76561197961903075
76561197961903077
76561197961903078
76561197961903079
76561197961903080
76561197961903081
76561197961903086
76561197961903088
76561197961903092
76561197961903093
76561197961903098
76561197961903099
76561197961903100
76561197961903101
76561197961903103
76561197961903104
76561197961903106
76561197961903107
76561197961903108
76561197961903109
76561197961903111
76561197961903113
76561197961903119
76561197961903122
76561197961903123
76561197961903126
76561197961903127
76561197961903130
76561197961903131
76561197961903132
76561197961903133
76561197961903135
76561197961903138
76561197961903141
76561197961903142
76561197961903145
76561197961903146
76561197961903150
76561197961903152
76561197961903153
76561197961903155
76561197961903156
76561197961903159
76561197961903160
76561197961903164
76561197961903165
76561197961903170
76561197961903173
76561197961903175
76561197961903176
76561197961903179
76561197961903183
76561197961903185
76561197961903187
76561197961903189
76561197961903190
76561197961903196
76561197961903198
76561197961903204
76561197961903206
76561197961903207
76561197961903209
76561197961903210
76561197961903212
76561197961903213
76561197961903215
76561197961903218
76561197961903219
76561197961903220
76561197961903221
76561197961903222
76561197961903224
76561197961903225
76561197961903229
