76561197960685119
76561197960685120
76561197960685122
76561197960685123
76561197960685124
76561197960685125
76561197960685126
76561197960685127
76561197960685129
76561197960685131
76561197960685132
76561197960685133
76561197960685134
76561197960685135
76561197960685136
76561197960685138
76561197960685139
76561197960685141
76561197960685143
76561197960685144
76561197960685145
76561197960685147
76561197960685148
76561197960685149
76561197960685151
76561197960685153
76561197960685154
76561197960685155
76561197960685156
76561197960685158
76561197960685159
76561197960685160
76561197960685161
76561197960685162
76561197960685163
76561197960685164
76561197960685165
76561197960685166
76561197960685167
76561197960685168
76561197960685169
76561197960685170
76561197960685173
76561197960685174
76561197960685175
76561197960685176
76561197960685177
76561197960685181
76561197960685183
76561197960685185
76561197960685186
76561197960685187
76561197960685188
76561197960685190
76561197960685192
76561197960685193
76561197960685195
76561197960685196
76561197960685197
76561197960685198
76561197960685200
76561197960685201
76561197960685202
76561197960685205
76561197960685206
76561197960685207
76561197960685208
76561197960685209
76561197960685212
76561197960685215
76561197960685216
76561197960685219
76561197960685220
76561197960685222
76561197960685224
76561197960685225
76561197960685226
76561197960685227
76561197960685228
76561197960685229
76561197960685230
76561197960685232
76561197960685233
76561197960685234
76561197960685235
76561197960685236
76561197960685237
76561197960685238
76561197960685239
76561197960685240
76561197960685242
76561197960685243
76561197960685244
76561197960685247
76561197960685249
76561197960685250
76561197960685252
76561197960685253
76561197960685254
76561197960685256
76561197960685258
76561197960685259
76561197960685261
76561197960685263
76561197960685264
76561197960685265
76561197960685267
76561197960685268
76561197960685269
76561197960685270
76561197960685272
76561197960685273
76561197960685274
76561197960685275
76561197960685278
76561197960685279
76561197960685281
76561197960685282
76561197960685283
76561197960685286
76561197960685287
76561197960685288
76561197960685292
76561197960685294
76561197960685295
76561197960685296
76561197960685297
76561197960685298
76561197960685301
76561197960685302
76561197960685303
76561197960685305
76561197960685309
76561197960685311
76561197960685312
76561197960685313
76561197960685315
76561197960685316
76561197960685317
76561197960685318
76561197960685319
76561197960685320
76561197960685321
76561197960685322
76561197960685323
76561197960685325
76561197960685327
76561197960685329
76561197960685330
76561197960685331
76561197960685332
76561197960685333
76561197960685334
76561197960685335
76561197960685336
76561197960685337
76561197960685338
76561197960685339
76561197960685340
76561197960685341
76561197960685342
76561197960685343
76561197960685344
76561197960685345
76561197960685346
76561197960685347
76561197960685348
76561197960685349
76561197960685350
76561197960685351
76561197960685352
76561197960685354
76561197960685357
76561197960685358
76561197960685359
76561197960685360
76561197960685363
76561197960685364
76561197960685365
76561197960685366
76561197960685368
76561197960685371
76561197960685372
76561197960685373
76561197960685374
76561197960685376
76561197960685377
76561197960685378
76561197960685379
76561197960685380
76561197960685382
76561197960685383
76561197960685384
76561197960685385
76561197960685386
76561197960685387
76561197960685388
76561197960685391
76561197960685392
76561197960685393
76561197960685394
76561197960685395
76561197960685396
76561197960685397
76561197960685398
76561197960685400
76561197960685401
76561197960685402
76561197960685403
76561197960685404
76561197960685405
76561197960685406
76561197960685407
76561197960685408
76561197960685409
76561197960685410
76561197960685413
76561197960685414
76561197960685416
76561197960685418
76561197960685419
76561197960685420
76561197960685421
76561197960685423
76561197960685424
76561197960685426
76561197960685427
76561197960685428
76561197960685429
76561197960685430
76561197960685431
76561197960685432
76561197960685433
76561197960685435
76561197960685436
76561197960685438
76561197960685439
76561197960685440
76561197960685441
76561197960685442
76561197960685443
76561197960685444
76561197960685446
76561197960685448
76561197960685449
76561197960685450
76561197960685451
76561197960685452
76561197960685453
76561197960685454
76561197960685456
76561197960685457
76561197960685459
76561197960685460
76561197960685461
76561197960685462
76561197960685463
76561197960685464
76561197960685465
76561197960685467
76561197960685468
76561197960685470
76561197960685471
76561197960685473
76561197960685474
76561197960685480
76561197960685481
76561197960685483
76561197960685484
76561197960685485
76561197960685486
76561197960685487
76561197960685489
76561197960685490
76561197960685491
76561197960685492
76561197960685493
76561197960685494
76561197960685495
76561197960685496
76561197960685498
76561197960685499
76561197960685500
76561197960685502
76561197960685503
76561197960685505
76561197960685506
76561197960685507
76561197960685509
76561197960685510
76561197960685513
76561197960685514
76561197960685515
76561197960685516
76561197960685517
76561197960685519
76561197960685520
76561197960685521
76561197960685522
76561197960685523
76561197960685524
76561197960685527
76561197960685529
76561197960685531
76561197960685532
76561197960685534
76561197960685535
76561197960685536
76561197960685538
76561197960685539
76561197960685540
76561197960685541
76561197960685542
76561197960685543
76561197960685544
76561197960685547
76561197960685548
76561197960685549
76561197960685550
76561197960685551
76561197960685553
76561197960685554
76561197960685556
76561197960685557
76561197960685558
76561197960685559
76561197960685560
76561197960685561
76561197960685562
76561197960685563
76561197960685564
76561197960685565
76561197960685566
76561197960685567
76561197960685568
76561197960685569
76561197960685570
76561197960685571
76561197960685574
76561197960685575
76561197960685576
76561197960685577
76561197960685580
76561197960685581
76561197960685582
76561197960685583
76561197960685585
76561197960685586
76561197960685587
76561197960685592
76561197960685594
76561197960685595
76561197960685596
76561197960685597
76561197960685598
76561197960685599
76561197960685600
76561197960685601
76561197960685602
76561197960685603
76561197960685604
76561197960685607
76561197960685608
76561197960685610
76561197960685611
76561197960685612
76561197960685616
76561197960685618
76561197960685621
76561197960685622
76561197960685623
76561197960685624
76561197960685626
76561197960685628
76561197960685629
76561197960685630
76561197960685631
76561197960685632
76561197960685634
76561197960685636
76561197960685637
76561197960685638
76561197960685640
76561197960685641
76561197960685642
76561197960685644
76561197960685648
76561197960685649
76561197960685650
76561197960685651
76561197960685652
76561197960685653
76561197960685654
76561197960685655
76561197960685656
76561197960685657
76561197960685659
76561197960685660
76561197960685662
76561197960685663
76561197960685664
76561197960685665
76561197960685666
76561197960685668
76561197960685669
76561197960685670
76561197960685673
76561197960685674
76561197960685675
76561197960685676
76561197960685677
76561197960685678
76561197960685679
76561197960685680
76561197960685681
76561197960685682
76561197960685684
76561197960685685
76561197960685686
76561197960685689
76561197960685690
76561197960685692
76561197960685693
76561197960685696
76561197960685697
76561197960685698
76561197960685699
76561197960685702
76561197960685703
76561197960685704
76561197960685705
76561197960685706
76561197960685708
76561197960685709
76561197960685710
76561197960685712
76561197960685713
76561197960685714
76561197960685715
76561197960685716
76561197960685718
76561197960685719
76561197960685720
76561197960685722
76561197960685723
76561197960685724
76561197960685725
76561197960685726
76561197960685728
76561197960685729
76561197960685730
76561197960685731
76561197960685732
76561197960685734
76561197960685736
76561197960685737
76561197960685739
76561197960685740
76561197960685741
76561197960685742
76561197960685744
76561197960685745
76561197960685748
76561197960685749
76561197960685750
76561197960685751
76561197960685752
76561197960685753
76561197960685754
76561197960685755
76561197960685756
76561197960685759
76561197960685760
76561197960685761
76561197960685762
76561197960685763
76561197960685764
76561197960685768
76561197960685769
76561197960685770
76561197960685771
76561197960685772
76561197960685773
76561197960685774
76561197960685776
76561197960685778
76561197960685779
76561197960685780
76561197960685781
76561197960685782
76561197960685783
76561197960685784
76561197960685785
76561197960685786
76561197960685787
76561197960685789
76561197960685790
76561197960685792
76561197960685793
76561197960685794
76561197960685795
76561197960685797
76561197960685798
76561197960685800
76561197960685802
76561197960685803
76561197960685804
76561197960685805
76561197960685806
76561197960685808
76561197960685810
76561197960685811
76561197960685812
76561197960685813
76561197960685815
76561197960685816
76561197960685817
76561197960685818
76561197960685819
76561197960685820
76561197960685821
76561197960685822
76561197960685823
76561197960685824
76561197960685825
76561197960685826
76561197960685828
76561197960685829
76561197960685830
76561197960685831
76561197960685832
76561197960685833
76561197960685834
76561197960685835
76561197960685836
76561197960685837
76561197960685838
76561197960685839
76561197960685840
76561197960685841
76561197960685842
76561197960685843
76561197960685844
76561197960685846
76561197960685847
76561197960685848
76561197960685849
76561197960685850
76561197960685852
76561197960685853
76561197960685855
76561197960685856
76561197960685857
76561197960685858
76561197960685859
76561197960685860
76561197960685861
76561197960685862
76561197960685864
76561197960685865
76561197960685866
76561197960685867
76561197960685868
76561197960685869
76561197960685870
76561197960685871
76561197960685872
76561197960685873
76561197960685874
76561197960685875
76561197960685876
76561197960685877
76561197960685878
76561197960685881
76561197960685882
76561197960685883
76561197960685887
76561197960685888
76561197960685889
76561197960685890
76561197960685891
76561197960685892
76561197960685893
76561197960685894
76561197960685895
76561197960685896
76561197960685897
76561197960685898
76561197960685899
76561197960685900
76561197960685901
76561197960685902
76561197960685903
76561197960685904
76561197960685905
76561197960685906
76561197960685907
76561197960685908
76561197960685911
76561197960685912
76561197960685913
76561197960685915
76561197960685916
76561197960685917
76561197960685918
76561197960685919
76561197960685921
76561197960685922
76561197960685923
76561197960685924
76561197960685925
76561197960685926
76561197960685928
76561197960685929
76561197960685932
76561197960685933
76561197960685935
76561197960685936
76561197960685937
76561197960685939
76561197960685940
76561197960685941
76561197960685942
76561197960685943
76561197960685944
76561197960685945
76561197960685949
76561197960685950
76561197960685951
76561197960685952
76561197960685956
76561197960685957
76561197960685958
76561197960685960
76561197960685961
76561197960685962
76561197960685963
76561197960685964
76561197960685965
76561197960685967
76561197960685969
76561197960685971
76561197960685973
76561197960685975
76561197960685976
76561197960685977
76561197960685978
76561197960685980
76561197960685981
76561197960685984
76561197960685985
76561197960685987
76561197960685989
76561197960685990
76561197960685991
76561197960685993
76561197960685994
76561197960685996
76561197960685997
76561197960685998
76561197960685999
76561197960686000
76561197960686001
76561197960686002
76561197960686004
76561197960686005
76561197960686006
76561197960686007
76561197960686008
76561197960686011
76561197960686012
76561197960686013
76561197960686014
76561197960686015
76561197960686017
76561197960686019
76561197960686020
76561197960686021
76561197960686022
76561197960686023
76561197960686024
76561197960686025
76561197960686026
76561197960686027
76561197960686028
76561197960686030
76561197960686031
76561197960686033
76561197960686034
76561197960686035
76561197960686036
76561197960686037
76561197960686038
76561197960686039
76561197960686040
76561197960686041
76561197960686042
76561197960686044
76561197960686045
76561197960686046
76561197960686047
76561197960686048
76561197960686049
76561197960686050
76561197960686051
76561197960686053
76561197960686054
76561197960686056
76561197960686059
76561197960686061
76561197960686063
76561197960686064
76561197960686066
76561197960686068
76561197960686069
76561197960686070
76561197960686071
76561197960686073
76561197960686074
76561197960686075
76561197960686077
76561197960686078
76561197960686080
76561197960686081
76561197960686082
76561197960686083
76561197960686084
76561197960686085
76561197960686086
76561197960686087
76561197960686089
76561197960686090
76561197960686091
76561197960686092
76561197960686093
76561197960686094
76561197960686096
76561197960686097
76561197960686099
76561197960686100
76561197960686101
76561197960686102
76561197960686103
76561197960686104
76561197960686105
76561197960686106
76561197960686107
76561197960686108
76561197960686109
76561197960686110
76561197960686111
76561197960686113
76561197960686114
76561197960686115
76561197960686116
76561197960686117
76561197960686120
76561197960686121
76561197960686123
76561197960686124
76561197960686125
76561197960686126
76561197960686127
76561197960686128
76561197960686129
76561197960686130
76561197960686131
76561197960686132
76561197960686134
76561197960686136
76561197960686137
76561197960686138
76561197960686140
76561197960686141
76561197960686142
76561197960686143
76561197960686144
76561197960686145
76561197960686146
76561197960686147
76561197960686148
76561197960686149
76561197960686150
76561197960686151
76561197960686153
76561197960686154
76561197960686155
76561197960686156
76561197960686158
76561197960686160
76561197960686161
76561197960686163
76561197960686165
76561197960686168
76561197960686169
76561197960686170
76561197960686171
76561197960686172
76561197960686178
76561197960686179
76561197960686180
76561197960686181
76561197960686182
76561197960686184
76561197960686185
76561197960686186
76561197960686187
76561197960686188
76561197960686189
76561197960686190
76561197960686191
76561197960686192
76561197960686193
76561197960686194
76561197960686195
76561197960686197
76561197960686198
76561197960686199
76561197960686200
76561197960686202
76561197960686203
76561197960686204
76561197960686205
76561197960686206
76561197960686207
76561197960686208
76561197960686212
76561197960686214
76561197960686215
76561197960686217
76561197960686218
76561197960686219
76561197960686220
76561197960686222
76561197960686224
76561197960686227
76561197960686228
76561197960686229
76561197960686230
76561197960686231
76561197960686232
76561197960686234
76561197960686237
76561197960686238
76561197960686239
76561197960686240
76561197960686241
76561197960686242
76561197960686243
76561197960686244
76561197960686245
76561197960686246
76561197960686247
76561197960686248
76561197960686250
76561197960686251
76561197960686252
76561197960686253
76561197960686255
76561197960686256
76561197960686257
76561197960686258
76561197960686259
76561197960686261
76561197960686262
76561197960686263
76561197960686264
76561197960686266
76561197960686268
76561197960686269
76561197960686270
76561197960686271
76561197960686272
76561197960686274
76561197960686275
76561197960686276
76561197960686277
76561197960686282
76561197960686284
76561197960686285
76561197960686287
76561197960686288
76561197960686289
76561197960686290
76561197960686292
76561197960686293
76561197960686294
76561197960686295
76561197960686296
76561197960686297
76561197960686298
76561197960686299
76561197960686300
76561197960686301
76561197960686302
76561197960686303
76561197960686304
76561197960686305
76561197960686306
76561197960686307
76561197960686308
76561197960686309
76561197960686311
76561197960686312
76561197960686314
76561197960686315
76561197960686319
76561197960686320
76561197960686321
76561197960686322
76561197960686323
76561197960686324
76561197960686325
76561197960686326
76561197960686328
76561197960686329
76561197960686330
76561197960686331
76561197960686332
76561197960686334
76561197960686335
76561197960686336
76561197960686337
76561197960686338
76561197960686339
76561197960686341
76561197960686343
76561197960686344
76561197960686345
76561197960686348
76561197960686349
76561197960686350
76561197960686351
76561197960686352
76561197960686353
76561197960686354
76561197960686355
76561197960686356
76561197960686358
76561197960686359
76561197960686361
76561197960686362
76561197960686364
76561197960686365
76561197960686366
76561197960686367
76561197960686368
76561197960686369
76561197960686370
76561197960686371
76561197960686372
76561197960686374
76561197960686375
76561197960686377
76561197960686379
76561197960686381
76561197960686382
76561197960686384
76561197960686385
76561197960686386
76561197960686388
76561197960686389
76561197960686390
76561197960686391
76561197960686392
76561197960686393
76561197960686394
76561197960686397
76561197960686398
76561197960686399
76561197960686400
76561197960686402
76561197960686404
76561197960686406
76561197960686409
76561197960686410
76561197960686412
76561197960686416
76561197960686417
76561197960686418
76561197960686419
76561197960686420
76561197960686421
76561197960686422
76561197960686423
76561197960686425
76561197960686426
76561197960686427
76561197960686429
76561197960686430
76561197960686431
76561197960686432
76561197960686433
76561197960686434
76561197960686435
76561197960686436
76561197960686437
76561197960686438
76561197960686439
76561197960686440
