76561197961364902
76561197961364903
76561197961364904
76561197961364905
76561197961364906
76561197961364909
76561197961364911
76561197961364913
76561197961364914
76561197961364915
76561197961364916
76561197961364918
76561197961364919
76561197961364922
76561197961364924
76561197961364925
76561197961364926
76561197961364927
76561197961364931
76561197961364935
76561197961364936
76561197961364937
76561197961364940
76561197961364942
76561197961364944
76561197961364945
76561197961364946
76561197961364952
76561197961364954
76561197961364956
76561197961364957
76561197961364958
76561197961364959
76561197961364960
76561197961364961
76561197961364962
76561197961364963
76561197961364965
76561197961364967
76561197961364969
76561197961364971
76561197961364976
76561197961364977
76561197961364978
76561197961364980
76561197961364982
76561197961364983
76561197961364984
76561197961364985
76561197961364986
76561197961364988
76561197961364990
76561197961364991
76561197961364993
76561197961364995
76561197961364996
76561197961364997
76561197961364998
76561197961364999
76561197961365001
76561197961365002
76561197961365003
76561197961365005
76561197961365006
76561197961365008
76561197961365009
76561197961365011
76561197961365016
76561197961365017
76561197961365018
76561197961365019
76561197961365020
76561197961365024
76561197961365026
76561197961365031
76561197961365033
76561197961365035
76561197961365036
76561197961365037
76561197961365038
76561197961365039
76561197961365040
76561197961365042
76561197961365043
76561197961365045
76561197961365046
76561197961365047
76561197961365048
76561197961365049
76561197961365051
76561197961365052
76561197961365053
76561197961365056
76561197961365057
76561197961365060
76561197961365064
76561197961365065
76561197961365066
76561197961365067
76561197961365069
76561197961365070
76561197961365074
76561197961365075
76561197961365076
76561197961365079
76561197961365080
76561197961365081
76561197961365083
76561197961365084
76561197961365086
76561197961365087
76561197961365089
76561197961365090
76561197961365092
76561197961365094
76561197961365095
76561197961365096
76561197961365098
76561197961365100
76561197961365101
76561197961365102
76561197961365103
76561197961365105
76561197961365108
76561197961365109
76561197961365111
76561197961365112
76561197961365113
76561197961365116
76561197961365117
76561197961365119
76561197961365122
76561197961365123
76561197961365124
76561197961365127
76561197961365129
76561197961365130
76561197961365131
76561197961365132
76561197961365133
76561197961365134
76561197961365138
76561197961365143
76561197961365144
76561197961365145
76561197961365146
76561197961365147
76561197961365149
76561197961365150
76561197961365155
76561197961365156
76561197961365157
76561197961365158
76561197961365159
76561197961365160
76561197961365161
76561197961365163
76561197961365167
76561197961365168
76561197961365169
76561197961365170
76561197961365171
76561197961365174
76561197961365176
76561197961365177
76561197961365178
76561197961365179
76561197961365180
76561197961365182
76561197961365185
76561197961365187
76561197961365189
76561197961365191
76561197961365192
76561197961365194
76561197961365195
76561197961365196
76561197961365199
76561197961365200
76561197961365201
76561197961365202
76561197961365203
76561197961365204
76561197961365205
76561197961365208
76561197961365209
76561197961365210
76561197961365212
76561197961365213
76561197961365215
76561197961365217
76561197961365219
76561197961365220
76561197961365221
76561197961365223
76561197961365224
76561197961365226
76561197961365227
76561197961365228
76561197961365231
76561197961365232
76561197961365234
76561197961365235
76561197961365237
76561197961365238
76561197961365239
76561197961365242
76561197961365246
76561197961365254
76561197961365255
76561197961365256
76561197961365257
76561197961365258
76561197961365261
76561197961365262
76561197961365263
76561197961365265
76561197961365266
76561197961365267
76561197961365269
76561197961365270
76561197961365272
76561197961365273
76561197961365274
76561197961365276
76561197961365277
76561197961365280
76561197961365281
76561197961365282
76561197961365286
76561197961365288
76561197961365290
76561197961365292
76561197961365293
76561197961365294
76561197961365295
76561197961365298
76561197961365299
76561197961365301
76561197961365306
76561197961365307
76561197961365309
76561197961365310
76561197961365311
76561197961365312
76561197961365314
76561197961365317
76561197961365318
76561197961365319
76561197961365320
76561197961365323
76561197961365325
76561197961365326
76561197961365328
76561197961365329
76561197961365332
76561197961365333
76561197961365335
76561197961365339
76561197961365343
76561197961365344
76561197961365345
76561197961365348
76561197961365349
76561197961365350
76561197961365351
76561197961365352
76561197961365353
76561197961365354
76561197961365358
76561197961365359
76561197961365361
76561197961365362
76561197961365363
76561197961365364
76561197961365365
76561197961365366
76561197961365369
76561197961365370
76561197961365371
76561197961365375
76561197961365376
76561197961365379
76561197961365380
76561197961365381
76561197961365382
76561197961365384
76561197961365388
76561197961365389
76561197961365390
76561197961365392
76561197961365394
76561197961365395
76561197961365397
76561197961365398
76561197961365401
76561197961365403
76561197961365404
76561197961365406
76561197961365408
76561197961365409
76561197961365410
76561197961365414
76561197961365416
76561197961365417
76561197961365421
76561197961365422
76561197961365423
76561197961365424
76561197961365425
76561197961365426
76561197961365428
76561197961365429
76561197961365430
76561197961365434
76561197961365435
76561197961365436
76561197961365437
76561197961365438
76561197961365439
76561197961365445
76561197961365446
76561197961365447
76561197961365448
76561197961365450
76561197961365451
76561197961365452
76561197961365453
76561197961365454
76561197961365455
76561197961365456
76561197961365458
76561197961365462
76561197961365464
76561197961365465
76561197961365466
76561197961365467
76561197961365471
76561197961365473
76561197961365474
76561197961365476
76561197961365478
76561197961365479
76561197961365480
76561197961365484
76561197961365485
76561197961365487
76561197961365489
76561197961365490
76561197961365491
76561197961365492
76561197961365494
76561197961365495
76561197961365498
76561197961365499
76561197961365500
76561197961365502
76561197961365504
76561197961365507
76561197961365508
76561197961365509
76561197961365511
76561197961365513
76561197961365516
76561197961365519
76561197961365520
76561197961365521
76561197961365522
76561197961365523
76561197961365524
76561197961365526
76561197961365528
76561197961365530
76561197961365531
76561197961365533
76561197961365534
76561197961365535
76561197961365537
76561197961365538
76561197961365542
76561197961365543
76561197961365545
76561197961365546
76561197961365548
76561197961365549
76561197961365552
76561197961365553
76561197961365554
76561197961365555
76561197961365557
76561197961365558
76561197961365562
76561197961365564
76561197961365567
76561197961365572
76561197961365576
76561197961365577
76561197961365579
76561197961365582
76561197961365584
76561197961365585
76561197961365586
76561197961365587
76561197961365590
76561197961365597
76561197961365598
76561197961365600
76561197961365602
76561197961365604
76561197961365605
76561197961365606
76561197961365607
76561197961365609
76561197961365610
76561197961365611
76561197961365612
76561197961365613
76561197961365614
76561197961365616
76561197961365618
76561197961365619
76561197961365620
76561197961365621
76561197961365622
76561197961365623
76561197961365626
76561197961365629
76561197961365630
76561197961365633
76561197961365634
76561197961365637
76561197961365638
76561197961365640
76561197961365641
76561197961365642
76561197961365643
76561197961365644
76561197961365646
76561197961365647
76561197961365649
76561197961365650
76561197961365651
76561197961365652
76561197961365653
76561197961365656
76561197961365657
76561197961365659
76561197961365660
76561197961365662
76561197961365663
76561197961365664
76561197961365666
76561197961365667
76561197961365668
76561197961365670
76561197961365671
76561197961365672
76561197961365673
76561197961365676
76561197961365677
76561197961365680
76561197961365681
76561197961365682
76561197961365683
76561197961365686
76561197961365687
76561197961365689
76561197961365692
76561197961365693
76561197961365695
76561197961365696
76561197961365697
76561197961365698
76561197961365701
76561197961365703
76561197961365705
76561197961365706
76561197961365707
76561197961365709
76561197961365710
76561197961365711
76561197961365712
76561197961365713
76561197961365714
76561197961365716
76561197961365719
76561197961365720
76561197961365721
76561197961365722
76561197961365724
76561197961365725
76561197961365726
76561197961365727
