76561197961880095
76561197961880096
76561197961880097
76561197961880098
76561197961880099
76561197961880100
76561197961880106
76561197961880109
76561197961880110
76561197961880111
76561197961880114
76561197961880115
76561197961880116
76561197961880118
76561197961880119
76561197961880121
76561197961880122
76561197961880126
76561197961880129
76561197961880132
76561197961880133
76561197961880134
76561197961880138
76561197961880139
76561197961880140
76561197961880143
76561197961880145
76561197961880146
76561197961880147
76561197961880151
76561197961880153
76561197961880156
76561197961880158
76561197961880159
76561197961880161
76561197961880162
76561197961880165
76561197961880166
76561197961880168
76561197961880169
76561197961880172
76561197961880173
76561197961880174
76561197961880175
76561197961880177
76561197961880179
76561197961880180
76561197961880182
76561197961880184
76561197961880188
76561197961880189
76561197961880190
76561197961880194
76561197961880195
76561197961880196
76561197961880197
76561197961880198
76561197961880200
76561197961880201
76561197961880206
76561197961880207
76561197961880208
76561197961880210
76561197961880213
76561197961880216
76561197961880217
76561197961880218
76561197961880221
76561197961880222
76561197961880223
76561197961880226
76561197961880229
76561197961880230
76561197961880231
76561197961880232
76561197961880233
76561197961880235
76561197961880237
76561197961880240
76561197961880244
76561197961880245
76561197961880247
76561197961880248
76561197961880249
76561197961880250
76561197961880252
76561197961880254
76561197961880255
76561197961880257
76561197961880262
76561197961880264
76561197961880267
76561197961880268
76561197961880269
76561197961880270
76561197961880271
76561197961880272
76561197961880278
76561197961880279
76561197961880281
76561197961880282
76561197961880284
76561197961880285
76561197961880291
76561197961880292
76561197961880296
76561197961880297
76561197961880298
76561197961880299
76561197961880300
76561197961880301
76561197961880303
76561197961880305
76561197961880306
76561197961880307
76561197961880312
76561197961880313
76561197961880316
76561197961880318
76561197961880320
76561197961880322
76561197961880324
76561197961880325
76561197961880328
76561197961880329
76561197961880330
76561197961880334
76561197961880336
76561197961880338
76561197961880340
76561197961880342
76561197961880343
76561197961880346
76561197961880347
76561197961880351
76561197961880354
76561197961880355
76561197961880356
76561197961880358
76561197961880363
76561197961880366
76561197961880367
76561197961880368
76561197961880369
76561197961880370
76561197961880372
76561197961880373
76561197961880374
76561197961880378
76561197961880382
76561197961880383
76561197961880384
76561197961880386
76561197961880387
76561197961880388
76561197961880389
76561197961880390
76561197961880391
76561197961880392
76561197961880395
76561197961880396
76561197961880397
76561197961880398
76561197961880399
76561197961880401
76561197961880402
76561197961880404
76561197961880407
76561197961880410
76561197961880411
76561197961880416
76561197961880417
76561197961880420
76561197961880422
76561197961880424
76561197961880426
76561197961880428
76561197961880429
76561197961880431
76561197961880433
76561197961880436
76561197961880439
76561197961880440
76561197961880442
76561197961880443
76561197961880444
76561197961880447
76561197961880450
76561197961880456
76561197961880459
76561197961880461
76561197961880464
76561197961880465
76561197961880468
76561197961880471
76561197961880472
76561197961880474
76561197961880475
76561197961880478
76561197961880479
76561197961880481
76561197961880483
76561197961880484
76561197961880486
76561197961880488
76561197961880491
76561197961880494
76561197961880497
76561197961880500
76561197961880503
76561197961880506
76561197961880509
76561197961880510
76561197961880511
76561197961880512
76561197961880513
76561197961880520
76561197961880521
76561197961880522
76561197961880524
76561197961880525
76561197961880529
76561197961880531
76561197961880534
76561197961880536
76561197961880537
76561197961880538
76561197961880540
76561197961880541
76561197961880542
76561197961880548
76561197961880549
76561197961880550
76561197961880551
76561197961880553
76561197961880556
76561197961880557
76561197961880561
76561197961880562
76561197961880563
76561197961880564
76561197961880565
76561197961880566
76561197961880568
76561197961880569
76561197961880570
76561197961880571
76561197961880572
76561197961880573
76561197961880578
76561197961880580
76561197961880582
76561197961880583
76561197961880584
76561197961880585
76561197961880592
76561197961880595
76561197961880596
76561197961880598
76561197961880599
76561197961880604
76561197961880606
76561197961880607
76561197961880608
76561197961880609
76561197961880611
76561197961880612
76561197961880614
76561197961880615
76561197961880616
76561197961880618
76561197961880620
76561197961880623
76561197961880625
76561197961880626
76561197961880628
76561197961880629
76561197961880630
76561197961880631
76561197961880633
76561197961880634
76561197961880635
76561197961880645
76561197961880648
76561197961880649
76561197961880650
76561197961880651
76561197961880652
76561197961880654
76561197961880657
76561197961880658
76561197961880661
76561197961880663
76561197961880665
76561197961880666
76561197961880669
76561197961880670
76561197961880672
76561197961880674
76561197961880675
76561197961880678
76561197961880683
76561197961880685
76561197961880686
76561197961880688
76561197961880692
76561197961880693
76561197961880694
76561197961880698
76561197961880700
76561197961880703
76561197961880705
76561197961880706
76561197961880711
76561197961880713
76561197961880714
76561197961880718
76561197961880721
76561197961880722
76561197961880725
76561197961880726
76561197961880729
76561197961880730
76561197961880735
76561197961880736
76561197961880741
76561197961880742
76561197961880749
76561197961880751
76561197961880752
76561197961880756
76561197961880757
76561197961880758
76561197961880761
76561197961880765
76561197961880766
76561197961880767
76561197961880768
76561197961880769
76561197961880770
76561197961880771
76561197961880774
76561197961880775
76561197961880776
76561197961880777
76561197961880779
76561197961880781
76561197961880785
76561197961880786
76561197961880787
76561197961880789
76561197961880790
76561197961880791
76561197961880793
76561197961880794
76561197961880795
76561197961880798
76561197961880799
76561197961880802
76561197961880806
76561197961880807
76561197961880808
76561197961880815
76561197961880818
76561197961880821
76561197961880822
76561197961880824
76561197961880825
76561197961880826
76561197961880827
76561197961880831
76561197961880833
76561197961880834
76561197961880835
76561197961880838
76561197961880839
76561197961880840
76561197961880841
76561197961880843
76561197961880844
76561197961880845
76561197961880846
76561197961880847
76561197961880848
76561197961880853
76561197961880854
76561197961880856
76561197961880857
76561197961880858
76561197961880860
76561197961880861
76561197961880864
76561197961880866
76561197961880867
76561197961880869
76561197961880871
76561197961880872
76561197961880874
76561197961880875
76561197961880877
76561197961880878
76561197961880879
76561197961880880
76561197961880888
76561197961880890
76561197961880891
76561197961880892
76561197961880893
76561197961880894
76561197961880897
76561197961880898
76561197961880899
76561197961880900
76561197961880901
76561197961880903
76561197961880905
76561197961880907
76561197961880909
76561197961880910
76561197961880912
76561197961880913
76561197961880919
76561197961880921
76561197961880923
76561197961880927
76561197961880929
76561197961880930
76561197961880931
76561197961880932
76561197961880942
76561197961880946
76561197961880948
76561197961880949
76561197961880950
76561197961880952
76561197961880954
76561197961880955
76561197961880958
76561197961880960
76561197961880961
76561197961880962
76561197961880963
76561197961880966
76561197961880969
76561197961880970
76561197961880971
76561197961880977
76561197961880978
76561197961880981
76561197961880983
76561197961880984
76561197961880986
76561197961880989
76561197961880992
76561197961880993
76561197961880995
76561197961880996
76561197961880997
76561197961880999
76561197961881001
76561197961881002
76561197961881011
76561197961881018
76561197961881019
76561197961881023
76561197961881025
76561197961881026
76561197961881027
76561197961881028
76561197961881030
76561197961881032
76561197961881035
76561197961881036
76561197961881041
76561197961881044
76561197961881046
76561197961881048
76561197961881049
76561197961881053
76561197961881055
76561197961881058
76561197961881060
76561197961881061
76561197961881064
76561197961881066
76561197961881068
76561197961881071
76561197961881072
76561197961881073
76561197961881074
76561197961881075
76561197961881076
76561197961881077
76561197961881078
76561197961881079
76561197961881080
76561197961881083
76561197961881085
76561197961881086
76561197961881089
76561197961881092
76561197961881096
76561197961881106
76561197961881108
76561197961881109
76561197961881112
76561197961881115
76561197961881118
76561197961881119
76561197961881121
76561197961881123
76561197961881126
76561197961881128
76561197961881129
76561197961881130
76561197961881133
76561197961881135
76561197961881136
76561197961881141
76561197961881143
76561197961881146
76561197961881149
76561197961881152
76561197961881154
76561197961881156
76561197961881157
76561197961881158
76561197961881159
76561197961881160
76561197961881165
76561197961881166
76561197961881168
76561197961881169
76561197961881170
76561197961881171
76561197961881175
76561197961881176
76561197961881177
76561197961881178
76561197961881179
76561197961881180
76561197961881185
76561197961881187
76561197961881188
76561197961881189
76561197961881192
76561197961881193
76561197961881194
76561197961881195
76561197961881197
76561197961881204
76561197961881206
76561197961881207
76561197961881211
76561197961881212
76561197961881213
76561197961881216
76561197961881217
76561197961881218
76561197961881221
76561197961881225
76561197961881227
76561197961881228
76561197961881229
76561197961881231
76561197961881232
76561197961881236
76561197961881237
76561197961881238
76561197961881239
76561197961881241
76561197961881242
76561197961881243
76561197961881247
76561197961881248
76561197961881250
76561197961881255
76561197961881256
76561197961881257
76561197961881258
76561197961881259
76561197961881261
76561197961881262
76561197961881263
76561197961881265
76561197961881266
76561197961881267
76561197961881269
76561197961881270
76561197961881271
76561197961881272
76561197961881273
76561197961881276
76561197961881279
76561197961881280
76561197961881282
76561197961881283
76561197961881288
76561197961881289
76561197961881290
76561197961881293
76561197961881294
76561197961881296
76561197961881297
76561197961881299
76561197961881300
76561197961881302
76561197961881303
76561197961881304
76561197961881313
76561197961881317
76561197961881318
76561197961881322
76561197961881323
76561197961881325
76561197961881327
76561197961881328
76561197961881329
76561197961881330
76561197961881331
76561197961881332
76561197961881333
76561197961881338
76561197961881339
76561197961881340
76561197961881341
76561197961881342
76561197961881343
76561197961881345
76561197961881346
76561197961881347
76561197961881348
76561197961881349
76561197961881351
76561197961881352
76561197961881353
76561197961881354
76561197961881358
76561197961881364
76561197961881365
76561197961881367
76561197961881371
76561197961881373
76561197961881374
76561197961881375
76561197961881376
76561197961881377
76561197961881378
76561197961881379
76561197961881381
76561197961881382
76561197961881386
76561197961881388
76561197961881391
76561197961881392
76561197961881393
76561197961881394
76561197961881395
76561197961881396
76561197961881397
76561197961881400
76561197961881404
76561197961881405
76561197961881409
76561197961881410
76561197961881412
76561197961881413
76561197961881414
76561197961881415
76561197961881417
76561197961881421
76561197961881422
76561197961881423
76561197961881424
76561197961881425
76561197961881426
76561197961881427
76561197961881429
76561197961881430
76561197961881432
76561197961881434
76561197961881435
76561197961881436
76561197961881437
76561197961881438
76561197961881440
76561197961881442
76561197961881443
76561197961881444
76561197961881448
76561197961881450
76561197961881451
76561197961881452
76561197961881454
76561197961881455
76561197961881457
76561197961881463
76561197961881465
76561197961881469
76561197961881470
76561197961881471
76561197961881477
76561197961881479
76561197961881480
76561197961881481
76561197961881482
76561197961881483
76561197961881484
76561197961881485
76561197961881490
76561197961881492
76561197961881493
76561197961881495
76561197961881497
76561197961881498
76561197961881499
76561197961881500
76561197961881501
76561197961881502
76561197961881505
76561197961881508
76561197961881512
76561197961881514
76561197961881516
76561197961881521
76561197961881522
76561197961881523
76561197961881524
76561197961881525
76561197961881527
76561197961881528
76561197961881530
76561197961881533
76561197961881535
76561197961881537
76561197961881542
76561197961881544
76561197961881545
76561197961881546
76561197961881548
76561197961881549
76561197961881550
76561197961881551
76561197961881555
76561197961881557
76561197961881558
76561197961881559
76561197961881562
76561197961881563
76561197961881564
76561197961881568
76561197961881569
76561197961881574
76561197961881582
76561197961881586
76561197961881587
76561197961881588
76561197961881589
76561197961881590
76561197961881591
76561197961881592
76561197961881593
76561197961881594
76561197961881596
76561197961881600
76561197961881601
76561197961881603
76561197961881606
76561197961881607
76561197961881608
76561197961881610
76561197961881611
76561197961881616
76561197961881621
76561197961881624
76561197961881625
76561197961881626
76561197961881630
76561197961881631
76561197961881632
76561197961881634
76561197961881635
76561197961881637
76561197961881639
76561197961881643
76561197961881645
76561197961881648
76561197961881649
76561197961881650
76561197961881652
76561197961881653
76561197961881655
76561197961881656
76561197961881657
76561197961881658
76561197961881659
76561197961881662
76561197961881670
76561197961881672
76561197961881673
76561197961881676
76561197961881678
76561197961881680
76561197961881682
76561197961881685
76561197961881688
76561197961881689
76561197961881690
76561197961881691
76561197961881693
76561197961881694
76561197961881695
76561197961881705
76561197961881706
76561197961881709
76561197961881711
76561197961881716
76561197961881717
76561197961881719
76561197961881720
76561197961881721
76561197961881722
76561197961881724
76561197961881727
76561197961881728
76561197961881729
76561197961881732
76561197961881736
76561197961881737
76561197961881738
76561197961881739
76561197961881740
76561197961881741
76561197961881742
76561197961881746
76561197961881748
76561197961881749
76561197961881750
76561197961881754
76561197961881755
76561197961881759
76561197961881760
76561197961881761
76561197961881762
76561197961881765
76561197961881766
76561197961881767
76561197961881768
76561197961881772
76561197961881775
76561197961881777
76561197961881778
76561197961881781
76561197961881786
76561197961881787
76561197961881789
76561197961881790
76561197961881791
76561197961881796
76561197961881797
76561197961881798
76561197961881801
76561197961881805
76561197961881806
76561197961881811
76561197961881815
76561197961881818
76561197961881819
76561197961881821
76561197961881824
76561197961881825
76561197961881826
76561197961881832
76561197961881833
76561197961881836
76561197961881838
76561197961881840
76561197961881844
76561197961881845
76561197961881848
76561197961881852
76561197961881853
76561197961881856
76561197961881857
76561197961881860
76561197961881862
76561197961881864
76561197961881865
76561197961881870
76561197961881871
76561197961881873
76561197961881874
76561197961881875
76561197961881876
76561197961881877
76561197961881879
76561197961881884
76561197961881885
76561197961881887
76561197961881889
76561197961881890
76561197961881891
76561197961881895
76561197961881899
76561197961881903
76561197961881904
76561197961881906
76561197961881907
76561197961881908
76561197961881909
76561197961881916
76561197961881919
76561197961881923
76561197961881924
76561197961881926
76561197961881927
76561197961881930
76561197961881932
76561197961881933
76561197961881935
76561197961881936
76561197961881937
76561197961881938
76561197961881941
76561197961881943
76561197961881944
76561197961881949
76561197961881950
76561197961881951
76561197961881955
76561197961881960
76561197961881961
76561197961881962
76561197961881963
76561197961881979
76561197961881980
76561197961881981
76561197961881982
76561197961881983
76561197961881985
76561197961881986
76561197961881990
76561197961881992
76561197961881994
76561197961881996
76561197961881997
76561197961882004
76561197961882007
76561197961882011
76561197961882012
76561197961882013
76561197961882014
76561197961882015
76561197961882016
76561197961882017
76561197961882018
76561197961882020
76561197961882021
76561197961882022
76561197961882024
76561197961882025
76561197961882026
76561197961882028
76561197961882030
76561197961882031
76561197961882032
76561197961882034
76561197961882036
76561197961882040
76561197961882050
76561197961882051
76561197961882052
76561197961882054
76561197961882055
76561197961882057
76561197961882058
76561197961882062
76561197961882064
76561197961882065
76561197961882066
76561197961882067
76561197961882071
76561197961882072
76561197961882073
76561197961882074
76561197961882075
76561197961882076
76561197961882077
76561197961882080
76561197961882081
76561197961882086
76561197961882087
76561197961882088
76561197961882091
76561197961882093
76561197961882096
76561197961882098
76561197961882103
76561197961882104
76561197961882106
