76561197961175916
76561197961175917
76561197961175919
76561197961175921
76561197961175923
76561197961175924
76561197961175925
76561197961175926
76561197961175929
76561197961175930
76561197961175931
76561197961175932
76561197961175933
76561197961175934
76561197961175935
76561197961175938
76561197961175939
76561197961175940
76561197961175941
76561197961175943
76561197961175944
76561197961175946
76561197961175947
76561197961175948
76561197961175954
76561197961175956
76561197961175957
76561197961175958
76561197961175959
76561197961175960
76561197961175961
76561197961175962
76561197961175964
76561197961175966
76561197961175967
76561197961175970
76561197961175972
76561197961175973
76561197961175977
76561197961175978
76561197961175980
76561197961175985
76561197961175987
76561197961175990
76561197961175991
76561197961175992
76561197961175993
76561197961175994
76561197961175995
76561197961175998
76561197961175999
76561197961176003
76561197961176004
76561197961176005
76561197961176007
76561197961176008
76561197961176009
76561197961176012
76561197961176013
76561197961176015
76561197961176020
76561197961176022
76561197961176025
76561197961176029
76561197961176030
76561197961176031
76561197961176032
76561197961176035
76561197961176036
76561197961176038
76561197961176039
76561197961176040
76561197961176043
76561197961176044
76561197961176045
76561197961176047
76561197961176048
76561197961176049
76561197961176050
76561197961176052
76561197961176053
76561197961176054
76561197961176055
76561197961176056
76561197961176057
76561197961176060
76561197961176061
76561197961176064
76561197961176065
76561197961176066
76561197961176067
76561197961176069
76561197961176075
76561197961176076
76561197961176077
76561197961176079
76561197961176081
76561197961176084
76561197961176086
76561197961176088
76561197961176089
76561197961176090
76561197961176091
76561197961176093
76561197961176096
76561197961176099
76561197961176100
76561197961176101
76561197961176102
76561197961176103
76561197961176104
76561197961176111
76561197961176114
76561197961176115
76561197961176116
76561197961176120
76561197961176121
76561197961176126
76561197961176127
76561197961176128
76561197961176129
76561197961176130
76561197961176131
76561197961176132
76561197961176134
76561197961176136
76561197961176138
76561197961176139
76561197961176142
76561197961176143
76561197961176144
76561197961176145
76561197961176146
76561197961176148
76561197961176149
76561197961176150
76561197961176151
76561197961176153
76561197961176155
76561197961176158
76561197961176159
76561197961176160
76561197961176162
76561197961176163
76561197961176165
76561197961176166
76561197961176167
76561197961176168
76561197961176169
76561197961176170
76561197961176173
76561197961176175
76561197961176176
76561197961176177
76561197961176178
76561197961176179
76561197961176183
76561197961176184
76561197961176190
76561197961176192
76561197961176194
76561197961176198
76561197961176202
76561197961176203
76561197961176204
76561197961176208
76561197961176209
76561197961176210
76561197961176212
76561197961176214
76561197961176217
76561197961176218
76561197961176222
76561197961176223
76561197961176226
76561197961176229
76561197961176233
76561197961176236
76561197961176237
76561197961176241
76561197961176244
76561197961176245
76561197961176246
76561197961176249
76561197961176251
76561197961176252
76561197961176255
76561197961176257
76561197961176259
76561197961176260
76561197961176261
76561197961176262
76561197961176266
76561197961176270
76561197961176274
76561197961176276
76561197961176277
76561197961176280
76561197961176281
76561197961176282
76561197961176283
76561197961176287
76561197961176289
76561197961176292
76561197961176294
76561197961176296
76561197961176298
76561197961176302
76561197961176306
76561197961176309
76561197961176311
76561197961176314
76561197961176319
76561197961176321
76561197961176325
76561197961176327
76561197961176329
76561197961176331
76561197961176334
76561197961176344
76561197961176346
76561197961176348
76561197961176354
76561197961176355
76561197961176356
76561197961176357
76561197961176358
76561197961176359
76561197961176363
76561197961176364
76561197961176365
76561197961176366
76561197961176368
76561197961176370
76561197961176372
76561197961176375
76561197961176378
76561197961176381
76561197961176383
76561197961176384
76561197961176387
76561197961176389
76561197961176390
76561197961176392
76561197961176393
76561197961176394
76561197961176399
76561197961176400
76561197961176401
76561197961176406
76561197961176407
76561197961176410
76561197961176412
76561197961176415
76561197961176417
76561197961176418
76561197961176419
76561197961176420
76561197961176422
76561197961176423
76561197961176424
76561197961176425
76561197961176427
76561197961176428
76561197961176429
76561197961176430
76561197961176432
76561197961176435
76561197961176437
76561197961176438
76561197961176439
76561197961176442
76561197961176444
76561197961176445
76561197961176448
76561197961176450
76561197961176454
76561197961176455
76561197961176456
76561197961176457
76561197961176458
76561197961176459
76561197961176463
76561197961176467
76561197961176471
76561197961176478
76561197961176481
76561197961176482
76561197961176484
76561197961176485
76561197961176487
76561197961176489
76561197961176492
76561197961176494
76561197961176495
76561197961176496
76561197961176501
76561197961176502
76561197961176503
76561197961176506
76561197961176507
76561197961176508
76561197961176509
76561197961176512
76561197961176513
76561197961176517
76561197961176520
76561197961176521
76561197961176524
76561197961176525
76561197961176527
76561197961176530
76561197961176531
76561197961176536
76561197961176537
76561197961176538
76561197961176539
76561197961176541
76561197961176542
76561197961176543
76561197961176545
76561197961176546
76561197961176547
76561197961176550
76561197961176551
76561197961176553
76561197961176554
76561197961176555
76561197961176556
76561197961176558
76561197961176563
76561197961176567
76561197961176570
76561197961176573
76561197961176575
76561197961176579
76561197961176580
76561197961176583
76561197961176588
76561197961176592
76561197961176593
76561197961176594
76561197961176595
76561197961176596
76561197961176598
76561197961176599
76561197961176600
76561197961176611
76561197961176613
76561197961176614
76561197961176618
76561197961176619
76561197961176621
76561197961176622
76561197961176623
76561197961176625
76561197961176626
76561197961176627
76561197961176628
76561197961176629
76561197961176635
76561197961176639
76561197961176640
76561197961176641
76561197961176643
76561197961176645
76561197961176646
76561197961176647
76561197961176648
76561197961176650
76561197961176652
76561197961176654
76561197961176657
76561197961176658
76561197961176663
76561197961176664
76561197961176666
76561197961176671
76561197961176674
76561197961176676
76561197961176678
76561197961176679
76561197961176681
76561197961176682
76561197961176684
76561197961176686
76561197961176688
76561197961176689
76561197961176690
76561197961176691
76561197961176692
76561197961176694
76561197961176695
76561197961176696
76561197961176704
76561197961176705
76561197961176707
76561197961176708
76561197961176709
76561197961176715
76561197961176717
76561197961176718
76561197961176719
76561197961176721
76561197961176722
76561197961176723
76561197961176727
76561197961176728
76561197961176729
76561197961176733
76561197961176734
76561197961176735
76561197961176738
76561197961176742
76561197961176743
76561197961176744
76561197961176746
76561197961176748
76561197961176749
76561197961176750
76561197961176753
76561197961176754
76561197961176756
76561197961176759
76561197961176762
76561197961176765
76561197961176767
76561197961176768
76561197961176776
76561197961176777
76561197961176779
76561197961176780
76561197961176781
76561197961176782
76561197961176783
76561197961176784
76561197961176785
76561197961176786
76561197961176787
76561197961176788
76561197961176791
76561197961176792
76561197961176794
76561197961176795
76561197961176796
76561197961176797
76561197961176799
76561197961176800
76561197961176803
76561197961176805
76561197961176806
76561197961176808
76561197961176812
76561197961176815
76561197961176819
76561197961176822
76561197961176823
76561197961176826
76561197961176828
76561197961176830
76561197961176832
76561197961176834
76561197961176836
76561197961176840
76561197961176842
76561197961176846
76561197961176851
76561197961176853
76561197961176856
76561197961176857
76561197961176858
76561197961176860
76561197961176862
76561197961176863
76561197961176866
76561197961176869
76561197961176872
76561197961176873
76561197961176874
76561197961176877
76561197961176878
76561197961176879
76561197961176880
76561197961176881
76561197961176882
76561197961176886
76561197961176887
76561197961176889
76561197961176893
76561197961176895
76561197961176898
76561197961176899
76561197961176901
76561197961176902
76561197961176903
76561197961176906
76561197961176907
76561197961176910
76561197961176911
76561197961176912
76561197961176914
76561197961176915
76561197961176918
76561197961176919
76561197961176920
76561197961176923
76561197961176925
76561197961176926
76561197961176928
76561197961176929
76561197961176932
76561197961176933
76561197961176934
76561197961176937
76561197961176938
76561197961176940
76561197961176942
76561197961176945
76561197961176947
76561197961176948
76561197961176949
76561197961176950
76561197961176952
76561197961176957
76561197961176958
76561197961176959
76561197961176960
76561197961176961
76561197961176962
76561197961176963
76561197961176965
76561197961176966
76561197961176967
76561197961176969
76561197961176971
76561197961176972
76561197961176974
76561197961176975
76561197961176976
76561197961176977
76561197961176978
76561197961176979
76561197961176981
76561197961176982
76561197961176983
76561197961176984
76561197961176989
76561197961176990
76561197961176993
76561197961176994
76561197961176995
76561197961176996
76561197961176997
76561197961176998
76561197961176999
76561197961177000
76561197961177001
76561197961177003
76561197961177006
76561197961177009
76561197961177010
76561197961177012
76561197961177013
76561197961177017
76561197961177019
76561197961177021
76561197961177022
76561197961177027
76561197961177028
76561197961177030
76561197961177033
76561197961177036
76561197961177038
76561197961177043
76561197961177044
76561197961177045
76561197961177046
76561197961177047
76561197961177048
76561197961177050
76561197961177055
76561197961177057
76561197961177060
76561197961177061
76561197961177062
76561197961177064
76561197961177069
76561197961177071
76561197961177076
76561197961177078
76561197961177079
76561197961177081
76561197961177082
76561197961177084
76561197960265744
76561197961465728
76561197961465733
76561197961465735
76561197961465736
76561197961465738
76561197961465742
76561197961465743
76561197961465744
76561197961465749
76561197961465750
76561197961465753
76561197961465754
76561197961465755
76561197961465757
76561197961465758
76561197961465769
76561197961465770
76561197961465771
76561197961465772
76561197961465775
76561197961465776
76561197961465777
76561197961465781
76561197961465783
76561197961465787
76561197961465794
76561197961465796
76561197961465801
76561197961465802
76561197961465804
76561197961465805
76561197961465806
76561197961465807
76561197961465811
76561197961465812
76561197961465814
76561197961465820
76561197961465824
76561197961465829
76561197961465831
76561197961465832
76561197961465833
76561197961465834
76561197961465836
76561197961465838
76561197961465840
76561197961465841
76561197961465843
76561197961465845
76561197961465848
76561197961465851
76561197961465854
76561197961465857
76561197961465858
76561197961465860
76561197961465861
76561197961465864
76561197961465869
76561197961465873
76561197961465874
76561197961465875
76561197961465877
76561197961465878
76561197961465879
76561197961465882
76561197961465886
76561197961465887
76561197961465889
76561197961465891
76561197961465892
76561197961465895
76561197961465897
76561197961465904
76561197961465909
76561197961465910
76561197961465912
76561197961465913
76561197961465915
76561197961465917
76561197961465918
76561197961465920
76561197961465921
76561197961465925
76561197961465926
76561197961465927
76561197961465929
76561197961465933
76561197961465936
76561197961465937
76561197961465939
76561197961465940
76561197961465941
76561197961465942
76561197961465944
76561197961465945
76561197961465948
76561197961465949
76561197961465952
76561197961465956
76561197961465957
76561197961465958
76561197961465959
76561197961465961
76561197961465966
76561197961465970
76561197961465971
76561197961465975
76561197961465979
76561197961465981
76561197961465982
76561197961465984
76561197961465986
76561197961465988
76561197961465993
76561197961465998
76561197961465999
76561197961466003
76561197961466005
76561197961466007
76561197961466009
76561197961466010
76561197961466011
76561197961466012
76561197961466013
76561197961466016
76561197961466019
76561197961466020
76561197961466023
76561197961466025
76561197961466026
76561197961466029
76561197961466032
76561197961466034
76561197961466037
76561197961466039
76561197961466041
76561197961466042
76561197961466043
76561197961466046
76561197961466048
76561197961466052
76561197961466058
76561197961466063
76561197961466065
76561197961466068
76561197961466070
76561197961466071
76561197961466072
76561197961466074
76561197961466075
76561197961466076
76561197961466077
76561197961466078
76561197961466081
76561197961466082
76561197961466089
76561197961466094
76561197961466095
76561197961466097
76561197961466099
76561197961466102
76561197961466103
76561197961466104
76561197961466105
76561197961466106
76561197961466107
76561197961466109
76561197961466111
76561197961466114
76561197961466115
76561197961466118
76561197961466119
76561197961466122
76561197961466123
76561197961466125
76561197961466127
76561197961466129
76561197961466132
76561197961466134
76561197961466136
76561197961466139
76561197961466141
76561197961466142
76561197961466144
76561197961466146
76561197961466149
76561197961466150
76561197961466152
76561197961466153
76561197961466155
76561197961466156
76561197961466158
76561197961466167
76561197961466170
76561197961466171
76561197961466172
76561197961466174
76561197961466176
76561197961466178
76561197961466181
76561197961466182
76561197961466184
76561197961466185
76561197961466186
76561197961466187
76561197961466188
76561197961466195
76561197961466199
76561197961466200
76561197961466204
76561197961466206
76561197961466207
76561197961466208
76561197961466209
76561197961466211
76561197961466212
76561197961466213
76561197961466218
76561197961466225
76561197961466229
76561197961466231
76561197961466232
76561197961466235
76561197961466239
76561197961466241
76561197961466246
76561197961466247
76561197961466248
76561197961466249
76561197961466251
76561197961466252
76561197961466254
76561197961466255
76561197961466259
76561197961466260
76561197961466261
76561197961466262
76561197961466264
76561197961466266
76561197961466269
76561197961466270
76561197961466271
76561197961466274
76561197961466275
76561197961466277
76561197961466278
76561197961466280
76561197961466281
76561197961466283
76561197961466285
76561197961466290
76561197961466292
76561197961466293
76561197961466294
76561197961466296
76561197961466298
76561197961466299
76561197961466302
76561197961466304
76561197961466307
76561197961466309
76561197961466313
76561197961466317
76561197961466319
76561197961466320
76561197961466322
76561197961466327
76561197961466329
76561197961466331
76561197961466333
76561197961466336
76561197961466337
76561197961466338
76561197961466343
76561197961466344
76561197961466347
76561197961466348
76561197961466349
76561197961466352
76561197961466360
76561197961466361
76561197961466371
76561197961466372
76561197961466374
76561197961466377
76561197961466378
76561197961466382
76561197961466383
76561197961466384
76561197961466388
76561197961466389
76561197961466392
76561197961466398
76561197961466400
76561197961466401
76561197961466402
76561197961466403
76561197961466405
76561197961466406
76561197961466408
76561197961466414
76561197961466415
76561197961466417
76561197961466419
76561197961466421
76561197961466423
76561197961466424
76561197961466425
76561197961466426
76561197961466432
76561197961466433
76561197961466434
76561197961466435
76561197961466436
76561197961466437
76561197961466439
76561197961466441
76561197961466442
76561197961466444
76561197961466450
76561197961466454
76561197961466455
76561197961466459
76561197961466461
76561197961466462
76561197961466463
76561197961466464
76561197961466465
76561197961466469
76561197961466470
76561197961466472
76561197961466473
76561197961466475
76561197961466476
76561197961466479
76561197961466480
76561197961466482
76561197961466483
76561197961466488
76561197961466489
76561197961466491
76561197961466497
76561197961466498
76561197961466499
76561197961466500
76561197961466501
76561197961466503
76561197961466510
76561197961466511
76561197961466514
76561197961466517
76561197961466522
76561197961466524
76561197961466526
76561197961466527
76561197961466528
76561197961466529
76561197961466530
76561197961466533
76561197961466534
76561197961466535
76561197961466538
76561197961466546
76561197961466547
76561197961466551
76561197961466552
76561197961466555
76561197961466561
76561197961466563
76561197961466566
76561197961466567
76561197961466568
76561197961466570
76561197961466576
76561197961466577
76561197961466581
76561197961466582
76561197961466583
76561197961466584
76561197961466586
76561197961466587
76561197961466588
76561197961466590
76561197961466594
76561197961466598
76561197961466601
76561197961466602
76561197961466603
76561197961466605
76561197961466606
76561197961466608
76561197961466611
76561197961466612
76561197961466615
76561197961466617
76561197961466621
76561197961466623
76561197961466629
76561197961466630
76561197961466635
76561197961466638
76561197961466640
76561197961466642
76561197961466654
76561197961466655
