76561197961161251
76561197961161253
76561197961161254
76561197961161255
76561197961161259
76561197961161260
76561197961161263
76561197961161265
76561197961161266
76561197961161267
76561197961161268
76561197961161269
76561197961161270
76561197961161271
76561197961161278
76561197961161280
76561197961161281
76561197961161282
76561197961161283
76561197961161284
76561197961161285
76561197961161287
76561197961161289
76561197961161290
76561197961161291
76561197961161292
76561197961161293
76561197961161294
76561197961161295
76561197961161296
76561197961161297
76561197961161298
76561197961161300
76561197961161301
76561197961161302
76561197961161303
76561197961161304
76561197961161307
76561197961161308
76561197961161309
76561197961161311
76561197961161312
76561197961161314
76561197961161315
76561197961161316
76561197961161317
76561197961161318
76561197961161319
76561197961161321
76561197961161322
76561197961161323
76561197961161328
76561197961161330
76561197961161333
76561197961161335
76561197961161336
76561197961161337
76561197961161338
76561197961161339
76561197961161340
76561197961161341
76561197961161343
76561197961161344
76561197961161345
76561197961161346
76561197961161347
76561197961161348
76561197961161349
76561197961161352
76561197961161354
76561197961161355
76561197961161356
76561197961161357
76561197961161358
76561197961161360
76561197961161361
76561197961161362
76561197961161363
76561197961161364
76561197961161365
76561197961161366
76561197961161367
76561197961161369
76561197961161370
76561197961161371
76561197961161372
76561197961161374
76561197961161375
76561197961161376
76561197961161378
76561197961161379
76561197961161380
76561197961161386
76561197961161389
76561197961161391
76561197961161392
76561197961161393
76561197961161395
76561197961161396
76561197961161398
76561197961161399
76561197961161400
76561197961161402
76561197961161403
76561197961161404
76561197961161405
76561197961161406
76561197961161408
76561197961161409
76561197961161410
76561197961161412
76561197961161414
76561197961161415
76561197961161416
76561197961161417
76561197961161419
76561197961161421
76561197961161422
76561197961161423
76561197961161424
76561197961161426
76561197961161427
76561197961161428
76561197961161430
76561197961161434
76561197961161435
76561197961161437
76561197961161438
76561197961161439
76561197961161440
76561197961161441
76561197961161445
76561197961161446
76561197961161447
76561197961161454
76561197961161455
76561197961161456
76561197961161458
76561197961161459
76561197961161461
76561197961161462
76561197961161463
76561197961161466
76561197961161467
76561197961161469
76561197961161470
76561197961161475
76561197961161476
76561197961161477
76561197961161479
76561197961161480
76561197961161484
76561197961161486
76561197961161487
76561197961161488
76561197961161489
76561197961161491
76561197961161492
76561197961161494
76561197961161496
76561197961161497
76561197961161500
76561197961161501
76561197961161503
76561197961161504
76561197961161505
76561197961161506
76561197961161508
76561197961161509
76561197961161510
76561197961161511
76561197961161512
76561197961161514
76561197961161515
76561197961161516
76561197961161517
76561197961161519
76561197961161521
76561197961161526
76561197961161528
76561197961161529
76561197961161531
76561197961161532
76561197961161533
76561197961161534
76561197961161536
76561197961161538
76561197961161539
76561197961161541
76561197961161542
76561197961161544
76561197961161545
76561197961161546
76561197961161547
76561197961161548
76561197961161549
76561197961161550
76561197961161551
76561197961161553
76561197961161554
76561197961161556
76561197961161559
76561197961161560
76561197961161561
76561197961161562
76561197961161563
76561197961161565
76561197961161568
76561197961161569
76561197961161570
76561197961161572
76561197961161573
76561197961161574
76561197961161576
76561197961161577
76561197961161578
76561197961161580
76561197961161582
76561197961161583
76561197961161585
76561197961161586
76561197961161587
76561197961161590
76561197961161591
76561197961161594
76561197961161595
76561197961161599
76561197961161600
76561197961161601
76561197961161602
76561197961161603
76561197961161604
76561197961161605
76561197961161606
76561197961161607
76561197961161609
76561197961161611
76561197961161613
76561197961161614
76561197961161615
76561197961161617
76561197961161618
76561197961161619
76561197961161621
76561197961161622
76561197961161624
76561197961161625
76561197961161626
76561197961161628
76561197961161629
76561197961161630
76561197961161631
76561197961161632
76561197961161636
76561197961161637
76561197961161639
76561197961161640
76561197961161642
76561197961161643
76561197961161646
76561197961161647
76561197961161648
76561197961161649
76561197961161651
76561197961161653
76561197961161654
76561197961161655
76561197961161656
76561197961161658
76561197961161659
76561197961161662
76561197961161667
76561197961161668
76561197961161669
76561197961161671
76561197961161672
76561197961161673
76561197961161674
76561197961161675
76561197961161676
76561197961161677
76561197961161678
76561197961161680
76561197961161681
76561197961161682
76561197961161683
76561197961161686
76561197961161687
76561197961161688
76561197961161689
76561197961161691
76561197961161693
76561197961161695
76561197961161696
76561197961161698
76561197961161699
76561197961161700
76561197961161704
76561197961161705
76561197961161706
76561197961161707
76561197961161709
76561197961161710
76561197961161712
76561197961161713
76561197961161714
76561197961161715
76561197961161716
76561197961161717
76561197961161718
76561197961161721
76561197961161722
76561197961161727
76561197961161728
76561197961161729
76561197961161730
76561197961161732
76561197961161734
76561197961161736
76561197961161737
76561197961161738
76561197961161739
76561197961161740
76561197961161741
76561197961161742
76561197961161743
76561197961161744
76561197961161745
76561197961161746
76561197961161747
76561197961161750
76561197961161752
76561197961161753
76561197961161754
76561197961161755
76561197961161756
76561197961161757
76561197961161759
76561197961161760
76561197961161761
76561197961161762
76561197961161765
76561197961161767
76561197961161768
76561197961161770
76561197961161772
76561197961161773
76561197961161775
76561197961161780
76561197961161781
76561197961161782
76561197961161783
76561197961161784
76561197961161785
76561197961161787
76561197961161788
76561197961161790
76561197961161791
76561197961161792
76561197961161793
76561197961161795
76561197961161796
76561197961161798
76561197961161799
76561197961161800
76561197961161801
76561197961161802
76561197961161803
76561197961161804
76561197961161805
76561197961161809
76561197961161812
76561197961161813
76561197961161814
76561197961161815
76561197961161816
76561197961161819
76561197961161820
76561197961161822
76561197961161823
76561197961161824
76561197961161826
76561197961161828
76561197961161829
76561197961161830
76561197961161832
76561197961161834
76561197961161835
76561197961161836
76561197961161839
76561197961161840
76561197961161842
76561197961161843
76561197961161847
76561197961161848
76561197961161849
76561197961161850
76561197961161851
76561197961161853
76561197961161854
76561197961161855
76561197961161856
76561197961161857
76561197961161859
76561197961161860
76561197961161861
76561197961161863
76561197961161865
76561197961161867
76561197961161868
76561197961161869
76561197961161870
76561197961161871
76561197961161873
76561197961161874
76561197961161875
76561197961161876
76561197961161878
76561197961161879
76561197961161880
76561197961161882
76561197961161883
76561197961161884
76561197961161888
76561197961161889
76561197961161893
76561197961161896
76561197961161897
76561197961161898
76561197961161900
76561197961161902
76561197961161903
76561197961161908
76561197961161909
76561197961161910
76561197961161911
76561197961161913
76561197961161916
76561197961161917
76561197961161919
76561197961161920
76561197961161922
76561197961161924
76561197961161925
76561197961161929
76561197961161930
76561197961161935
76561197961161936
76561197961161937
76561197961161942
76561197961161943
76561197961161945
76561197961161946
76561197961161947
76561197961161951
76561197961161952
76561197961161953
76561197961161954
76561197961161956
76561197961161958
76561197961161959
76561197961161963
76561197961161964
76561197961161965
76561197961161966
76561197961161967
76561197961161968
76561197961161969
76561197961161971
76561197961161972
76561197961161976
76561197961161979
76561197961161980
76561197961161981
76561197961161982
76561197961161986
76561197961161987
76561197961161988
76561197961161989
76561197961161990
76561197961161991
76561197961161994
76561197961161996
76561197961161997
76561197961162000
76561197961162003
76561197961162005
76561197961162006
76561197961162007
76561197961162008
76561197961162010
76561197961162011
76561197961162015
76561197961162016
76561197961162017
76561197961162018
76561197961162019
76561197961162020
76561197961162022
76561197961162023
76561197961162025
76561197961162026
76561197961162027
76561197961162029
76561197961162032
76561197961162035
76561197961162037
76561197961162038
76561197961162040
76561197961162045
76561197961162046
76561197961162047
76561197961162048
76561197961162049
76561197961162050
76561197961162052
76561197961162053
76561197961162054
76561197961162058
76561197961162061
76561197961162063
76561197961162064
76561197961162065
76561197961162066
76561197961162067
76561197961162069
76561197961162070
76561197961162071
76561197961162074
76561197961162076
76561197961162077
76561197961162079
76561197961162083
76561197961162084
76561197961162085
76561197961162088
76561197961162093
76561197961162095
76561197961162097
76561197961162098
76561197961162102
76561197961162103
76561197961162104
76561197961162105
76561197961162106
76561197961162108
76561197961162109
76561197961162112
76561197961162113
76561197961162114
76561197961162115
76561197961162116
76561197961162117
76561197961162118
76561197961162119
76561197961162120
76561197961162127
76561197961162128
76561197961162129
76561197961162130
76561197961162132
76561197961162134
76561197961162137
76561197961162138
76561197961162140
76561197961162144
76561197961162145
76561197961162146
76561197961162148
76561197961162149
76561197961162151
76561197961162153
76561197961162155
76561197961162157
76561197961162159
76561197961162161
76561197961162162
76561197961162164
76561197961162165
76561197961162166
76561197961162168
76561197961162169
76561197961162170
76561197961162171
76561197961162176
76561197961162177
76561197961162179
76561197961162181
76561197961162182
76561197961162183
76561197961162184
76561197961162186
76561197961162187
76561197961162189
76561197961162193
76561197961162196
76561197961162197
76561197961162198
76561197961162199
76561197961162200
76561197961162202
76561197961162203
76561197961162204
76561197961162205
76561197961162206
76561197961162207
76561197961162208
76561197961162209
76561197961162211
76561197961162214
76561197961162216
76561197961162217
76561197961162220
76561197961162221
76561197961162223
76561197961162224
76561197961162225
76561197961162226
76561197961162227
76561197961162228
76561197961162229
76561197961162232
76561197961162233
76561197961162234
76561197961162237
76561197961162238
76561197961162239
76561197961162240
76561197961162241
76561197961162246
76561197961162247
76561197961162248
76561197961162249
76561197961162251
76561197961162254
76561197961162255
76561197961162257
76561197961162258
76561197961162260
76561197961162261
76561197961162264
76561197961162265
76561197961162268
76561197961162269
76561197961162273
76561197961162274
76561197961162276
76561197961162277
76561197961162278
76561197961162279
76561197961162281
76561197961162285
76561197961162286
76561197961162287
76561197961162288
76561197961162289
76561197961162290
76561197961162291
76561197961162292
76561197961162294
76561197961162295
76561197961162297
76561197961162298
76561197961162300
76561197961162301
76561197961162303
76561197961162305
76561197961162306
76561197961162307
76561197961162308
76561197961162309
76561197961162310
76561197961162312
76561197961162313
76561197961162314
76561197961162315
76561197961162316
76561197961162320
76561197961162321
76561197961162322
76561197961162323
76561197961162326
76561197961162328
76561197961162329
76561197961162330
76561197961162331
76561197961162332
76561197961162336
76561197961162337
76561197961162339
76561197961162341
76561197961162342
76561197961162343
76561197961162344
76561197961162345
76561197961162347
76561197961162349
76561197961162350
76561197961162352
76561197961162353
76561197961162354
76561197961162357
76561197961162361
76561197961162366
76561197961162370
76561197961162371
76561197961162373
76561197961162374
76561197961162375
76561197961162376
76561197961162377
76561197961162380
76561197961162381
76561197961162382
76561197961162383
76561197961162385
76561197961162386
76561197961162387
76561197961162388
76561197961162391
76561197961162392
76561197961162393
76561197961162394
76561197961162396
76561197961162398
76561197961162400
76561197961162403
76561197961162407
76561197961162408
76561197961162411
76561197961162412
76561197961162415
76561197961162417
76561197961162420
76561197961162424
76561197961162425
76561197961162429
76561197961162430
76561197961162431
76561197961162432
76561197961162433
76561197961162434
76561197961162435
76561197961162436
76561197961162439
76561197961162440
76561197961162441
76561197961162442
76561197961162447
76561197961162448
76561197961162449
76561197961162450
76561197961162452
76561197961162453
76561197961162454
76561197961162455
76561197961162456
76561197961162457
76561197961162458
76561197961162460
76561197961162461
76561197961162465
76561197961162466
76561197961162469
76561197961162470
76561197961162471
76561197961162477
76561197961162478
76561197961162479
76561197961162480
76561197961162482
76561197961162484
76561197961162485
76561197961162486
76561197961162488
76561197961162491
76561197961162493
76561197961162494
76561197961162497
76561197961162498
76561197961162499
76561197961162500
76561197961162501
76561197961162502
76561197961162503
76561197961162505
76561197961162507
76561197961162510
76561197961162511
76561197961162513
76561197961162514
76561197961162515
76561197961162516
76561197961162517
76561197961162519
76561197961162521
76561197961162522
76561197961162523
76561197961162525
76561197961162526
76561197961162527
76561197961162528
76561197961162529
76561197961162531
76561197961162534
76561197961162535
76561197961162537
76561197961162538
76561197961162539
76561197961162540
76561197961162542
76561197961162544
76561197961162547
76561197961162548
76561197961162549
76561197961162551
76561197961162552
76561197961162553
76561197961162554
76561197961162556
76561197961162557
76561197961162558
76561197961162559
76561197961162560
76561197961162561
76561197961162562
76561197961162563
76561197961162564
76561197961162567
76561197961162568
76561197961162569
76561197961162570
76561197961162571
76561197961162572
76561197961162573
76561197961162574
76561197961162576
76561197961162577
76561197961162578
76561197961162582
76561197961162584
76561197961162585
76561197961162588
76561197961162589
76561197961162590
76561197961162591
76561197961162594
76561197961162595
76561197961162596
76561197961162599
76561197961162601
76561197961162603
76561197961162604
76561197961162605
76561197961162609
76561197961162610
76561197961162613
76561197961162614
76561197961162615
76561197961162616
76561197961162619
76561197961162620
76561197961162622
76561197961162623
76561197961162625
76561197961162626
76561197961162627
76561197961162630
76561197961162631
76561197961162634
76561197961162637
76561197961162638
76561197961162641
76561197961162644
76561197961162646
76561197961162647
76561197961162649
76561197961162651
76561197961162652
76561197961162653
76561197961162656
76561197961162657
76561197961162658
76561197961162659
76561197961162660
76561197961162661
76561197961162663
76561197961162664
76561197961162665
76561197961162667
76561197961162669
76561197961162672
76561197961162673
76561197961162674
76561197961162675
76561197961162676
76561197961162679
76561197961162680
76561197961162681
76561197961162682
76561197961162683
76561197961162684
76561197961162685
76561197961162691
76561197961162692
76561197961162693
76561197961162696
76561197961162697
76561197961162698
76561197961162700
76561197961162701
76561197961162702
76561197961162703
76561197961162705
76561197961162707
76561197961162710
76561197961162711
76561197961162712
76561197961162716
76561197961162719
76561197961162720
76561197961162721
76561197961162722
76561197961162731
76561197961162732
76561197961162733
76561197961162734
76561197961162735
76561197961162738
76561197961162739
76561197961162741
76561197961162745
76561197961162747
76561197961162748
76561197961162749
76561197961162750
76561197961162751
76561197961162752
76561197961162753
76561197961162754
76561197961162756
76561197961162757
76561197961162758
76561197961162759
76561197961162760
76561197961162761
76561197961162764
76561197961162766
76561197961162767
76561197961162768
76561197961162771
76561197961162773
76561197961162774
76561197961162776
76561197961162777
76561197961162779
76561197961162780
76561197961162781
76561197961162783
76561197961162784
76561197961162785
76561197961162787
76561197961162789
76561197961162790
76561197961162791
76561197961162792
76561197961162794
76561197961162796
76561197961162797
76561197961162798
76561197961162799
76561197961162801
76561197961162803
76561197961162805
76561197961162806
76561197961162808
76561197961162810
76561197961162814
76561197961162815
76561197961162816
76561197961162817
76561197961162819
76561197961162820
76561197961162821
76561197961162823
76561197961162824
76561197961162826
76561197961162827
76561197961162828
76561197961162830
76561197961162831
76561197961162834
76561197961162835
76561197961162836
76561197961162837
76561197961162839
76561197961162841
76561197961162842
76561197961162843
76561197961162845
