76561197960271021
76561197960271022
76561197960271023
76561197960271024
76561197960271025
76561197960271026
76561197960271027
76561197960271028
76561197960271029
76561197960271030
76561197960271031
76561197960271032
76561197960271033
76561197960271034
76561197960271035
76561197960271037
76561197960271038
76561197960271039
76561197960271040
76561197960271041
76561197960271042
76561197960271043
76561197960271044
76561197960271045
76561197960271046
76561197960271047
76561197960271048
76561197960271049
76561197960271050
76561197960271051
76561197960271052
76561197960271053
76561197960271054
76561197960271055
76561197960271056
76561197960271057
76561197960271058
76561197960271059
76561197960271060
76561197960271061
76561197960271062
76561197960271063
76561197960271064
76561197960271065
76561197960271066
76561197960271067
76561197960271068
76561197960271069
76561197960271070
76561197960271071
76561197960271072
76561197960271073
76561197960271074
76561197960271076
76561197960271077
76561197960271078
76561197960271079
76561197960271080
76561197960271081
76561197960271082
76561197960271083
76561197960271084
76561197960271085
76561197960271086
76561197960271087
76561197960271088
76561197960271089
76561197960271090
76561197960271091
76561197960271092
76561197960271094
76561197960271095
76561197960271096
76561197960271097
76561197960271098
76561197960271099
76561197960271100
76561197960271101
76561197960271102
76561197960271103
76561197960271104
76561197960271105
76561197960271106
76561197960271107
76561197960271108
76561197960271109
76561197960271110
76561197960271111
76561197960271112
76561197960271113
76561197960271114
76561197960271115
76561197960271116
76561197960271117
76561197960271118
76561197960271119
76561197960271120
76561197960271121
76561197960271122
76561197960271123
76561197960271125
76561197960271126
76561197960271127
76561197960271128
76561197960271129
76561197960271131
76561197960271132
76561197960271133
76561197960271134
76561197960271135
76561197960271136
76561197960271137
76561197960271138
76561197960271139
76561197960271140
76561197960271141
76561197960271142
76561197960271143
76561197960271144
76561197960271145
76561197960271146
76561197960271147
76561197960271148
76561197960271149
76561197960271150
76561197960271151
76561197960271152
76561197960271153
76561197960271154
76561197960271155
76561197960271156
76561197960271157
76561197960271158
76561197960271159
76561197960271161
76561197960271162
76561197960271163
76561197960271164
76561197960271166
76561197960271167
76561197960271168
76561197960271169
76561197960271170
76561197960271171
76561197960271172
76561197960271173
76561197960271174
76561197960271175
76561197960271176
76561197960271177
76561197960271178
76561197960271179
76561197960271180
76561197960271181
76561197960271182
76561197960271183
76561197960271184
76561197960271185
76561197960271186
76561197960271187
76561197960271188
76561197960271189
76561197960271190
76561197960271191
76561197960271192
76561197960271193
76561197960271194
76561197960271195
76561197960271196
76561197960271197
76561197960271198
76561197960271199
76561197960271200
76561197960271201
76561197960271202
76561197960271203
76561197960271204
76561197960271205
76561197960271206
76561197960271207
76561197960271208
76561197960271209
76561197960271210
76561197960271211
76561197960271212
76561197960271213
76561197960271214
76561197960271215
76561197960271216
76561197960271217
76561197960271219
76561197960271220
76561197960271221
76561197960271222
76561197960271223
76561197960271224
76561197960271225
76561197960271226
76561197960271227
76561197960271228
76561197960271229
76561197960271230
76561197960271231
76561197960271232
76561197960271233
76561197960271234
76561197960271235
76561197960271236
76561197960271237
76561197960271238
76561197960271239
76561197960271240
76561197960271241
76561197960271242
76561197960271243
76561197960271244
76561197960271245
76561197960271246
76561197960271247
76561197960271248
76561197960271250
76561197960271251
76561197960271252
76561197960271253
76561197960271254
76561197960271255
76561197960271256
76561197960271257
76561197960271258
76561197960271259
76561197960271260
76561197960271261
76561197960271262
76561197960271263
76561197960271264
76561197960271265
76561197960271266
76561197960271267
76561197960271268
76561197960271269
76561197960271270
76561197960271271
76561197960271272
76561197960271273
76561197960271274
76561197960271275
76561197960271276
76561197960271277
76561197960271278
76561197960271279
76561197960271280
76561197960271281
76561197960271282
76561197960271283
76561197960271284
76561197960271285
76561197960271286
76561197960271287
76561197960271288
76561197960271289
76561197960271290
76561197960271291
76561197960271292
76561197960271293
76561197960271294
76561197960271295
76561197960271296
76561197960271297
76561197960271298
76561197960271299
76561197960271300
76561197960271301
76561197960271302
76561197960271303
76561197960271304
76561197960271305
76561197960271306
76561197960271307
76561197960271308
76561197960271309
76561197960271310
76561197960271311
76561197960271312
76561197960271313
76561197960271314
76561197960271315
76561197960271316
76561197960271317
76561197960271319
76561197960271320
76561197960271321
76561197960271322
76561197960271323
76561197960271324
76561197960271325
76561197960271326
76561197960271327
76561197960271328
76561197960271329
76561197960271330
76561197960271331
76561197960271332
76561197960271333
76561197960271334
76561197960271335
76561197960271336
76561197960271337
76561197960271338
76561197960271339
76561197960271340
76561197960271341
76561197960271342
76561197960271343
76561197960271344
76561197960271345
76561197960271346
76561197960271347
76561197960271348
76561197960271349
76561197960271350
76561197960271351
76561197960271352
76561197960271353
76561197960271354
76561197960271355
76561197960271356
76561197960271357
76561197960271358
76561197960271359
76561197960271360
76561197960271361
76561197960271362
76561197960271363
76561197960271364
76561197960271365
76561197960271366
76561197960271367
76561197960271368
76561197960271369
76561197960271370
76561197960271371
76561197960271372
76561197960271373
76561197960271374
76561197960271375
76561197960271376
76561197960271377
76561197960271378
76561197960271379
76561197960271380
76561197960271382
76561197960271383
76561197960271384
76561197960271385
76561197960271386
76561197960271387
76561197960271388
76561197960271389
76561197960271390
76561197960271391
76561197960271392
76561197960271393
76561197960271394
76561197960271395
76561197960271396
76561197960271397
76561197960271398
76561197960271399
76561197960271400
76561197960271401
76561197960271402
76561197960271403
76561197960271404
76561197960271405
76561197960271406
76561197960271407
76561197960271408
76561197960271409
76561197960271410
76561197960271411
76561197960271412
76561197960271413
76561197960271414
76561197960271416
76561197960271417
76561197960271418
76561197960271419
76561197960271420
76561197960271422
76561197960271423
76561197960271424
76561197960271425
76561197960271426
76561197960271427
76561197960271428
76561197960271429
76561197960271430
76561197960271431
76561197960271432
76561197960271433
76561197960271434
76561197960271435
76561197960271436
76561197960271437
76561197960271438
76561197960271439
76561197960271441
76561197960271442
76561197960271443
76561197960271444
76561197960271445
76561197960271446
76561197960271447
76561197960271448
76561197960271449
76561197960271450
76561197960271451
76561197960271452
76561197960271453
76561197960271454
76561197960271455
76561197960271456
76561197960271457
76561197960271458
76561197960271459
76561197960271460
76561197960271461
76561197960271462
76561197960271463
76561197960271465
76561197960271466
76561197960271467
76561197960271468
76561197960271469
76561197960271470
76561197960271471
76561197960271472
76561197960271473
76561197960271474
76561197960271475
76561197960271476
76561197960271477
76561197960271478
76561197960271479
76561197960271480
76561197960271481
76561197960271482
76561197960271483
76561197960271484
76561197960271485
76561197960271486
76561197960271487
76561197960271488
76561197960271490
76561197960271491
76561197960271492
76561197960271493
76561197960271494
76561197960271495
76561197960271496
76561197960271497
76561197960271498
76561197960271499
76561197960271500
76561197960271501
76561197960271502
76561197960271503
76561197960271504
76561197960271505
76561197960271506
76561197960271507
76561197960271508
76561197960271509
76561197960271510
76561197960271511
76561197960271512
76561197960271513
76561197960271514
76561197960271515
76561197960271516
76561197960271517
76561197960271518
76561197960271519
76561197960271520
76561197960271521
76561197960271523
76561197960271524
76561197960271525
76561197960271526
76561197960271527
76561197960271528
76561197960271529
76561197960271530
76561197960271531
76561197960271532
76561197960271533
76561197960271534
76561197960271535
76561197960271536
76561197960271537
76561197960271538
76561197960271539
76561197960271540
76561197960271541
76561197960271542
76561197960271543
76561197960271544
76561197960271545
76561197960271546
76561197960271547
76561197960271548
76561197960271549
76561197960271550
76561197960271551
76561197960271552
76561197960271553
76561197960271554
76561197960271556
76561197960271557
76561197960271558
76561197960271559
76561197960271560
76561197960271562
76561197960271563
76561197960271564
76561197960271565
76561197960271566
76561197960271567
76561197960271568
76561197960271569
76561197960271570
76561197960271571
76561197960271572
76561197960271573
76561197960271574
76561197960271575
76561197960271576
76561197960271577
76561197960271578
76561197960271579
76561197960271581
76561197960271582
76561197960271583
76561197960271584
76561197960271585
76561197960271586
76561197960271587
76561197960271588
76561197960271589
76561197960271590
76561197960271591
76561197960271592
76561197960271593
76561197960271594
76561197960271595
76561197960271596
76561197960271597
76561197960271598
76561197960271600
76561197960271601
76561197960271602
76561197960271603
76561197960271604
76561197960271605
76561197960271606
76561197960271607
76561197960271608
76561197960271609
76561197960271610
76561197960271611
76561197960271612
76561197960271613
76561197960271615
76561197960271616
76561197960271617
76561197960271618
76561197960271619
76561197960271620
76561197960271621
76561197960271622
76561197960271623
76561197960271624
76561197960271625
76561197960271626
76561197960271627
76561197960271628
76561197960271629
76561197960271630
76561197960271631
76561197960271632
76561197960271633
76561197960271634
76561197960271636
76561197960271637
76561197960271638
76561197960271640
76561197960271641
76561197960271642
76561197960271643
76561197960271644
76561197960271645
76561197960271646
76561197960271647
76561197960271648
76561197960271649
76561197960271650
76561197960271651
76561197960271652
76561197960271653
76561197960271654
76561197960271655
76561197960271656
76561197960271657
76561197960271658
76561197960271659
76561197960271660
76561197960271661
76561197960271662
76561197960271663
76561197960271664
76561197960271665
76561197960271666
76561197960271667
76561197960271668
76561197960271669
76561197960271670
76561197960271671
76561197960271673
76561197960271674
76561197960271675
76561197960271676
76561197960271677
76561197960271678
76561197960271679
76561197960271680
76561197960271681
76561197960271682
76561197960271683
76561197960271684
76561197960271685
76561197960271686
76561197960271687
76561197960271688
76561197960271689
76561197960271690
76561197960271691
76561197960271692
76561197960271694
76561197960271696
76561197960271697
76561197960271698
76561197960271699
76561197960271700
76561197960271701
76561197960271703
76561197960271704
76561197960271705
76561197960271706
76561197960271707
76561197960271708
76561197960271709
76561197960271710
76561197960271711
76561197960271713
76561197960271714
76561197960271715
76561197960271716
76561197960271717
76561197960271718
76561197960271719
76561197960271720
76561197960271721
76561197960271722
76561197960271723
76561197960271724
76561197960271725
76561197960271726
76561197960271727
76561197960271728
76561197960271729
76561197960271731
76561197960271732
76561197960271733
76561197960271734
76561197960271735
76561197960271737
76561197960271738
76561197960271740
76561197960271741
76561197960271742
76561197960271743
76561197960271744
76561197960271745
76561197960271746
76561197960271747
76561197960271748
76561197960271749
76561197960271750
76561197960271751
76561197960271752
76561197960271753
76561197960271754
76561197960271755
76561197960271756
76561197960271757
76561197960271758
76561197960271759
76561197960271760
76561197960271761
76561197960271762
76561197960271763
76561197960271764
76561197960271765
76561197960271766
76561197960271767
76561197960271768
76561197960271769
76561197960271770
76561197960271771
76561197960271772
76561197960271773
76561197960271774
76561197960271775
76561197960271776
76561197960271777
76561197960271778
76561197960271779
76561197960271780
76561197960271781
76561197960271782
76561197960271783
76561197960271784
76561197960271785
76561197960271786
76561197960271787
76561197960271788
76561197960271789
76561197960271790
76561197960271791
76561197960271792
76561197960271793
76561197960271794
76561197960271795
76561197960271796
76561197960271797
76561197960271798
76561197960271799
76561197960271800
76561197960271801
76561197960271802
76561197960271803
76561197960271804
76561197960271805
76561197960271806
76561197960271807
76561197960271808
76561197960271809
76561197960271810
76561197960271811
76561197960271812
76561197960271813
76561197960271814
76561197960271815
76561197960271816
76561197960271817
76561197960271818
76561197960271819
76561197960271820
76561197960271821
76561197960271822
76561197960271823
76561197960271824
76561197960271825
76561197960271828
76561197960271829
76561197960271830
76561197960271831
76561197960271832
76561197960271833
76561197960271835
76561197960271836
76561197960271837
76561197960271838
76561197960271839
76561197960271840
76561197960271841
76561197960271842
76561197960271843
76561197960271844
76561197960271845
76561197960271846
76561197960271847
76561197960271848
76561197960271849
76561197960271850
76561197960271851
76561197960271852
76561197960271853
76561197960271854
76561197960271855
76561197960271856
76561197960271857
76561197960271858
76561197960271859
76561197960271860
76561197960271861
76561197960271862
76561197960271864
76561197960271865
76561197960271866
76561197960271867
76561197960271868
76561197960271869
76561197960271870
76561197960271871
76561197960271872
76561197960271873
76561197960271874
76561197960271875
76561197960271876
76561197960271877
76561197960271878
76561197960271879
76561197960271880
76561197960271881
76561197960271882
76561197960271883
76561197960271884
76561197960271885
76561197960271886
76561197960271887
76561197960271888
76561197960271890
76561197960271891
76561197960271892
76561197960271893
76561197960271896
76561197960271897
76561197960271898
76561197960271899
76561197960271900
76561197960271901
76561197960271902
76561197960271903
76561197960271904
76561197960271905
76561197960271906
76561197960271907
76561197960271908
76561197960271909
76561197960271910
76561197960271911
76561197960271912
76561197960271913
76561197960271914
76561197960271915
76561197960271916
76561197960271917
76561197960271918
76561197960271919
76561197960271920
76561197960271921
76561197960271922
76561197960271923
76561197960271924
76561197960271925
76561197960271926
76561197960271927
76561197960271928
76561197960271929
76561197960271930
76561197960271931
76561197960271932
76561197960271933
76561197960271934
76561197960271935
76561197960271936
76561197960271937
76561197960271938
76561197960271939
76561197960271940
76561197960271941
76561197960271942
76561197960271943
76561197960271944
76561197960271945
76561197960271946
76561197960271947
76561197960271948
76561197960271949
76561197960271950
76561197960271951
76561197960271952
76561197960271953
76561197960271954
76561197960271956
76561197960271957
76561197960271958
76561197960271959
76561197960271960
76561197960271961
76561197960271962
76561197960271963
76561197960271964
76561197960271965
76561197960271966
76561197960271968
76561197960271969
76561197960271970
76561197960271971
76561197960271972
76561197960271974
76561197960271975
76561197960271976
76561197960271977
76561197960271978
76561197960271979
76561197960271980
76561197960271981
76561197960271982
76561197960271983
76561197960271984
76561197960271985
76561197960271986
76561197960271987
76561197960271988
76561197960271989
76561197960271990
76561197960271991
76561197960271992
76561197960271993
76561197960271994
76561197960271995
76561197960271996
76561197960271997
76561197960271998
76561197960271999
76561197960272000
76561197960272001
76561197960272002
76561197960272003
76561197960272004
76561197960272005
76561197960272006
76561197960272007
76561197960272008
76561197960272009
76561197960272010
76561197960272011
76561197960272012
76561197960272013
76561197960272014
76561197960272015
76561197960272016
76561197960272017
76561197960272018
76561197960272019
76561197960272020
76561197960272021
76561197960272022
76561197960272023
76561197960272024
76561197960272025
76561197960272026
76561197960272027
76561197960272028
76561197960272029
76561197960272030
76561197960272031
76561197960272032
76561197960272033
76561197960272034
76561197960272035
76561197960272036
76561197960272037
76561197960272038
76561197960272039
76561197960272040
76561197960272041
76561197960272042
76561197960272043
76561197960272044
76561197960272045
76561197960272046
76561197960272047
76561197960272048
76561197960272049
76561197960272050
76561197960272051
76561197960272052
76561197960272053
76561197960272054
76561197960272055
76561197960272056
76561197960272057
76561197960272058
76561197960272059
76561197960272060
76561197960272061
76561197960272062
