76561197960566131
76561197960566132
76561197960566133
76561197960566134
76561197960566135
76561197960566137
76561197960566138
76561197960566139
76561197960566140
76561197960566142
76561197960566143
76561197960566144
76561197960566145
76561197960566147
76561197960566148
76561197960566150
76561197960566151
76561197960566153
76561197960566154
76561197960566155
76561197960566157
76561197960566158
76561197960566160
76561197960566162
76561197960566163
76561197960566164
76561197960566165
76561197960566166
76561197960566167
76561197960566168
76561197960566170
76561197960566173
76561197960566174
76561197960566176
76561197960566178
76561197960566179
76561197960566180
76561197960566181
76561197960566182
76561197960566183
76561197960566185
76561197960566186
76561197960566187
76561197960566190
76561197960566191
76561197960566192
76561197960566193
76561197960566194
76561197960566195
76561197960566197
76561197960566200
76561197960566202
76561197960566203
76561197960566205
76561197960566206
76561197960566207
76561197960566208
76561197960566209
76561197960566210
76561197960566211
76561197960566212
76561197960566213
76561197960566215
76561197960566216
76561197960566218
76561197960566219
76561197960566221
76561197960566224
76561197960566226
76561197960566229
76561197960566231
76561197960566233
76561197960566234
76561197960566235
76561197960566238
76561197960566239
76561197960566242
76561197960566244
76561197960566245
76561197960566247
76561197960566249
76561197960566250
76561197960566251
76561197960566252
76561197960566254
76561197960566255
76561197960566256
76561197960566257
76561197960566258
76561197960566259
76561197960566261
76561197960566262
76561197960566263
76561197960566264
76561197960566265
76561197960566268
76561197960566269
76561197960566270
76561197960566271
76561197960566272
76561197960566273
76561197960566274
76561197960566275
76561197960566276
76561197960566277
76561197960566278
76561197960566280
76561197960566281
76561197960566283
76561197960566284
76561197960566286
76561197960566287
76561197960566288
76561197960566289
76561197960566290
76561197960566291
76561197960566292
76561197960566293
76561197960566294
76561197960566296
76561197960566297
76561197960566299
76561197960566301
76561197960566302
76561197960566304
76561197960566305
76561197960566306
76561197960566307
76561197960566308
76561197960566309
76561197960566311
76561197960566312
76561197960566313
76561197960566314
76561197960566316
76561197960566318
76561197960566320
76561197960566322
76561197960566324
76561197960566325
76561197960566326
76561197960566327
76561197960566328
76561197960566329
76561197960566330
76561197960566331
76561197960566332
76561197960566333
76561197960566337
76561197960566338
76561197960566339
76561197960566340
76561197960566341
76561197960566342
76561197960566344
76561197960566345
76561197960566346
76561197960566347
76561197960566348
76561197960566350
76561197960566351
76561197960566352
76561197960566353
76561197960566354
76561197960566355
76561197960566356
76561197960566358
76561197960566359
76561197960566360
76561197960566361
76561197960566362
76561197960566363
76561197960566364
76561197960566365
76561197960566366
76561197960566367
76561197960566369
76561197960566370
76561197960566371
76561197960566372
76561197960566374
76561197960566375
76561197960566377
76561197960566378
76561197960566379
76561197960566383
76561197960566386
76561197960566387
76561197960566389
76561197960566391
76561197960566392
76561197960566393
76561197960566394
76561197960566398
76561197960566401
76561197960566403
76561197960566404
76561197960566405
76561197960566409
76561197960566410
76561197960566411
76561197960566412
76561197960566413
76561197960566414
76561197960566415
76561197960566416
76561197960566417
76561197960566418
76561197960566419
76561197960566421
76561197960566423
76561197960566425
76561197960566426
76561197960566427
76561197960566428
76561197960566429
76561197960566431
76561197960566432
76561197960566433
76561197960566434
76561197960566436
76561197960566437
76561197960566438
76561197960566442
76561197960566443
76561197960566444
76561197960566445
76561197960566446
76561197960566447
76561197960566448
76561197960566449
76561197960566450
76561197960566451
76561197960566452
76561197960566453
76561197960566454
76561197960566455
76561197960566457
76561197960566458
76561197960566460
76561197960566461
76561197960566462
76561197960566463
76561197960566464
76561197960566465
76561197960566466
76561197960566468
76561197960566469
76561197960566470
76561197960566472
76561197960566474
76561197960566475
76561197960566477
76561197960566478
76561197960566479
76561197960566480
76561197960566481
76561197960566482
76561197960566484
76561197960566485
76561197960566487
76561197960566488
76561197960566489
76561197960566490
76561197960566491
76561197960566492
76561197960566493
76561197960566494
76561197960566496
76561197960566497
76561197960566499
76561197960566500
76561197960566502
76561197960566503
76561197960566504
76561197960566506
76561197960566508
76561197960566509
76561197960566511
76561197960566513
76561197960566515
76561197960566516
76561197960566517
76561197960566520
76561197960566521
76561197960566522
76561197960566523
76561197960566524
76561197960566530
76561197960566531
76561197960566532
76561197960566534
76561197960566536
76561197960566537
76561197960566538
76561197960566544
76561197960566545
76561197960566546
76561197960566547
76561197960566549
76561197960566551
76561197960566552
76561197960566554
76561197960566555
76561197960566556
76561197960566558
76561197960566560
76561197960566561
76561197960566562
76561197960566563
76561197960566564
76561197960566566
76561197960566567
76561197960566568
76561197960566569
76561197960566572
76561197960566574
76561197960566575
76561197960566576
76561197960566577
76561197960566578
76561197960566579
76561197960566582
76561197960566583
76561197960566584
76561197960566585
76561197960566587
76561197960566589
76561197960566590
76561197960566593
76561197960566597
76561197960566598
76561197960566599
76561197960566600
76561197960566604
76561197960566605
76561197960566606
76561197960566607
76561197960566608
76561197960566610
76561197960566611
76561197960566612
76561197960566613
76561197960566615
76561197960566616
76561197960566617
76561197960566619
76561197960566620
76561197960566621
76561197960566623
76561197960566624
76561197960566628
76561197960566629
76561197960566630
76561197960566631
76561197960566632
76561197960566634
76561197960566636
76561197960566639
76561197960566640
76561197960566641
76561197960566642
76561197960566645
76561197960566646
76561197960566647
76561197960566648
76561197960566649
76561197960566650
76561197960566651
76561197960566652
76561197960566653
76561197960566654
76561197960566655
76561197960566656
76561197960566657
76561197960566658
76561197960566659
76561197960566660
76561197960566661
76561197960566662
76561197960566663
76561197960566664
76561197960566665
76561197960566666
76561197960566667
76561197960566668
76561197960566671
76561197960566672
76561197960566673
76561197960566674
76561197960566676
76561197960566677
76561197960566678
76561197960566681
76561197960566682
76561197960566683
76561197960566684
76561197960566686
76561197960566687
76561197960566689
76561197960566690
76561197960566691
76561197960566692
76561197960566693
76561197960566694
76561197960566695
76561197960566696
76561197960566697
76561197960566698
76561197960566700
76561197960566702
76561197960566703
76561197960566704
76561197960566707
76561197960566708
76561197960566709
76561197960566711
76561197960566712
76561197960566713
76561197960566714
76561197960566715
76561197960566716
76561197960566891
76561197960566920
76561197960566947
76561197960566948
76561197960566949
76561197960566950
76561197960566952
76561197960566953
76561197960566954
76561197960566955
76561197960566956
76561197960566957
76561197960566958
76561197960566959
76561197960566961
76561197960566962
76561197960566963
76561197960566964
76561197960566967
76561197960566968
76561197960566969
76561197960566970
76561197960566971
76561197960566973
76561197960566974
76561197960566975
76561197960566976
76561197960566977
76561197960566978
76561197960566981
76561197960566982
76561197960566983
76561197960566984
76561197960566985
76561197960566988
76561197960566989
76561197960566990
76561197960566991
76561197960566993
76561197960566994
76561197960566995
76561197960566997
76561197960566998
76561197960566999
76561197960567000
76561197960567001
76561197960567003
76561197960567004
76561197960567005
76561197960567006
76561197960567007
76561197960567008
76561197960567009
76561197960567010
76561197960567011
76561197960567014
76561197960567016
76561197960567018
76561197960567022
76561197960567025
76561197960567026
76561197960567027
76561197960567028
76561197960567029
76561197960567030
76561197960567031
76561197960567032
76561197960567034
76561197960567035
76561197960567036
76561197960567038
76561197960567039
76561197960567040
76561197960567041
76561197960567042
76561197960567043
76561197960567044
76561197960567045
76561197960567047
76561197960567048
76561197960567050
76561197960567051
76561197960567052
76561197960567053
76561197960567054
76561197960567055
76561197960567056
76561197960567057
76561197960567058
76561197960567059
76561197960567060
76561197960567061
76561197960567062
76561197960567063
76561197960567064
76561197960567066
76561197960567067
76561197960567068
76561197960567069
76561197960567070
76561197960567072
76561197960567073
76561197960567074
76561197960567076
76561197960567078
76561197960567080
76561197960567081
76561197960567083
76561197960567084
76561197960567085
76561197960567088
76561197960567089
76561197960567091
76561197960567092
76561197960567096
76561197960567097
76561197960567098
76561197960567099
76561197960567102
76561197960567103
76561197960567104
76561197960567105
76561197960567106
76561197960567109
76561197960567110
76561197960567111
76561197960567112
76561197960567113
76561197960567114
76561197960567115
76561197960567116
76561197960567117
76561197960567119
76561197960567120
76561197960567121
76561197960567122
76561197960567123
76561197960567124
76561197960567125
76561197960567126
76561197960567128
76561197960567130
76561197960567131
76561197960567132
76561197960567133
76561197960567134
76561197960567135
76561197960567137
76561197960567138
76561197960567140
76561197960567142
76561197960567143
76561197960567144
76561197960567145
76561197960567146
76561197960567147
76561197960567148
76561197960567149
76561197960567150
76561197960567151
76561197960567152
76561197960567153
76561197960567154
76561197960567157
76561197960567159
76561197960567160
76561197960567165
76561197960567166
76561197960567167
76561197960567168
76561197960567169
76561197960567170
76561197960567172
76561197960567173
76561197960567174
76561197960567175
76561197960567176
76561197960567178
76561197960567179
76561197960567180
76561197960567181
76561197960567182
76561197960567183
76561197960567184
76561197960567185
76561197960567187
76561197960567189
76561197960567190
76561197960567191
76561197960567194
76561197960567195
76561197960567196
76561197960567198
76561197960567199
76561197960567201
76561197960567202
76561197960567203
76561197960567204
76561197960567207
76561197960567208
76561197960567209
76561197960567211
76561197960567212
76561197960567214
76561197960567215
76561197960567217
76561197960567218
76561197960567219
76561197960567220
76561197960567223
76561197960567224
76561197960567225
76561197960567226
76561197960567228
76561197960567230
76561197960567231
76561197960567234
76561197960567235
76561197960567236
76561197960567237
76561197960567239
76561197960567240
76561197960567241
76561197960567242
76561197960567243
76561197960567245
76561197960567246
76561197960567247
76561197960567248
76561197960567249
76561197960567250
76561197960567251
76561197960567252
76561197960567253
76561197960567254
76561197960567256
76561197960567257
76561197960567258
76561197960567261
76561197960567263
76561197960567265
76561197960567266
76561197960567267
76561197960567268
76561197960567269
76561197960567270
76561197960567273
76561197960567274
76561197960567275
76561197960567276
76561197960567277
76561197960567278
76561197960567279
76561197960567280
76561197960567281
76561197960567282
76561197960567283
76561197960567284
76561197960567285
76561197960567286
76561197960567287
76561197960567288
76561197960567289
76561197960567290
76561197960567291
76561197960567293
76561197960567294
76561197960567295
76561197960567297
76561197960567298
76561197960567299
76561197960567300
76561197960567301
76561197960567302
76561197960567303
76561197960567304
76561197960567305
76561197960567306
76561197960567307
76561197960567308
76561197960567309
76561197960567310
76561197960567312
76561197960567313
76561197960567314
76561197960567317
76561197960567318
76561197960567319
76561197960567320
76561197960567321
76561197960567323
76561197960567324
76561197960567325
76561197960567328
76561197960567329
76561197960567330
76561197960567331
76561197960567333
76561197960567334
76561197960567335
76561197960567336
76561197960567337
76561197960567339
76561197960567340
76561197960567341
76561197960567342
76561197960567343
76561197960567345
76561197960567346
76561197960567348
76561197960567349
76561197960567350
76561197960567351
76561197960567352
76561197960567356
76561197960567357
76561197960567358
76561197960567361
76561197960567362
76561197960567363
76561197960567364
76561197960567365
76561197960567366
76561197960567368
76561197960567369
76561197960567370
76561197960567371
76561197960567372
76561197960567374
76561197960567375
76561197960567376
76561197960567377
76561197960567379
76561197960567381
76561197960567382
76561197960567383
76561197960567384
76561197960567385
76561197960567387
76561197960567388
76561197960567389
76561197960567390
76561197960567391
76561197960567393
76561197960567394
76561197960567395
76561197960567396
76561197960567397
76561197960567399
76561197960567403
76561197960567404
76561197960567405
76561197960567406
76561197960567407
76561197960567408
76561197960567411
76561197960567412
76561197960567413
76561197960567414
76561197960567415
76561197960567416
76561197960567417
76561197960567418
76561197960567419
76561197960567422
76561197960567423
76561197960567426
76561197960567428
76561197960567429
76561197960567430
76561197960567431
76561197960567433
76561197960567434
76561197960567435
76561197960567436
76561197960567437
76561197960567438
76561197960567439
76561197960567441
76561197960567443
76561197960567444
76561197960567445
76561197960567446
76561197960567447
76561197960567448
76561197960567449
76561197960567451
76561197960567452
76561197960567453
76561197960567454
76561197960567455
76561197960567457
76561197960567460
76561197960567462
76561197960567463
76561197960567464
76561197960567465
76561197960567466
76561197960567467
76561197960567469
76561197960567470
76561197960567471
76561197960567472
76561197960567474
76561197960567475
76561197960567476
76561197960567478
76561197960567480
76561197960567481
76561197960567483
76561197960567484
76561197960567485
76561197960567487
76561197960567488
76561197960567489
76561197960567490
76561197960567491
76561197960567492
76561197960567494
76561197960567495
76561197960567497
76561197960567498
76561197960567502
76561197960567503
76561197960567504
76561197960567506
76561197960567507
76561197960567508
76561197960567510
76561197960567512
76561197960567513
76561197960567514
76561197960567518
76561197960567519
76561197960567520
76561197960567521
76561197960567523
76561197960567524
76561197960567526
76561197960567527
76561197960567528
76561197960567530
76561197960567531
76561197960567532
76561197960567533
76561197960567535
76561197960567537
76561197960567538
76561197960567540
76561197960567542
76561197960567543
76561197960567544
76561197960567545
76561197960567547
76561197960567548
76561197960567550
76561197960567551
76561197960567552
76561197960567553
76561197960567555
76561197960567556
76561197960567557
76561197960567559
76561197960567560
76561197960567561
76561197960567564
76561197960567566
76561197960567567
76561197960567568
76561197960567569
76561197960567570
76561197960567572
76561197960567573
76561197960567574
76561197960567576
76561197960567577
76561197960567578
76561197960567579
76561197960567584
76561197960567585
76561197960567586
76561197960567587
76561197960567588
76561197960567589
76561197960567590
76561197960567591
76561197960567592
76561197960567593
76561197960567597
76561197960567598
76561197960567599
76561197960567600
76561197960567602
76561197960567603
76561197960567604
76561197960567605
76561197960567606
76561197960567607
76561197960567608
76561197960567610
76561197960567612
76561197960567614
76561197960567615
76561197960567616
76561197960567617
76561197960567620
76561197960567621
76561197960567624
76561197960567625
76561197960567626
76561197960567627
76561197960567628
76561197960567630
76561197960567631
76561197960567632
76561197960567633
76561197960567635
76561197960567636
76561197960567637
76561197960567638
76561197960567639
76561197960567640
76561197960567642
76561197960567643
76561197960567647
76561197960567648
76561197960567649
76561197960567650
76561197960567652
76561197960567655
76561197960567656
76561197960567657
76561197960567658
76561197960567659
76561197960567661
76561197960567662
76561197960567663
76561197960567664
76561197960567665
76561197960567666
76561197960567667
76561197960567668
76561197960567669
76561197960567671
76561197960567672
76561197960567673
76561197960567674
76561197960567675
76561197960567678
76561197960567681
76561197960567683
76561197960567684
76561197960567685
76561197960567687
76561197960567688
76561197960567690
76561197960567691
76561197960567692
76561197960567693
76561197960567695
76561197960567696
76561197960567699
76561197960567700
76561197960567701
76561197960567703
76561197960567704
76561197960567705
76561197960567706
76561197960567707
76561197960567708
76561197960567710
76561197960567711
76561197960567713
76561197960567715
76561197960567717
76561197960567718
76561197960567719
76561197960567720
