76561197960967039
76561197960967040
76561197960967041
76561197960967042
76561197960967043
76561197960967045
76561197960967046
76561197960967048
76561197960967050
76561197960967051
76561197960967053
76561197960967054
76561197960967056
76561197960967061
76561197960967062
76561197960967064
76561197960967066
76561197960967068
76561197960967070
76561197960967071
76561197960967072
76561197960967073
76561197960967076
76561197960967078
76561197960967083
76561197960967084
76561197960967085
76561197960967089
76561197960967090
76561197960967091
76561197960967092
76561197960967093
76561197960967094
76561197960967096
76561197960967100
76561197960967102
76561197960967104
76561197960967105
76561197960967108
76561197960967109
76561197960967115
76561197960967116
76561197960967119
76561197960967120
76561197960967121
76561197960967122
76561197960967123
76561197960967127
76561197960967128
76561197960967129
76561197960967130
76561197960967132
76561197960967134
76561197960967138
76561197960967140
76561197960967141
76561197960967142
76561197960967145
76561197960967146
76561197960967148
76561197960967150
76561197960967151
76561197960967153
76561197960967154
76561197960967155
76561197960967156
76561197960967158
76561197960967160
76561197960967164
76561197960967166
76561197960967167
76561197960967170
76561197960967173
76561197960967174
76561197960967176
76561197960967177
76561197960967182
76561197960967183
76561197960967184
76561197960967186
76561197960967188
76561197960967189
76561197960967191
76561197960967192
76561197960967193
76561197960967194
76561197960967195
76561197960967198
76561197960967201
76561197960967202
76561197960967204
76561197960967206
76561197960967207
76561197960967209
76561197960967211
76561197960967214
76561197960967216
76561197960967217
76561197960967218
76561197960967219
76561197960967221
76561197960967222
76561197960967225
76561197960967232
76561197960967233
76561197960967234
76561197960967235
76561197960967238
76561197960967240
76561197960967241
76561197960967243
76561197960967248
76561197960967249
76561197960967251
76561197960967253
76561197960967254
76561197960967255
76561197960967256
76561197960967257
76561197960967258
76561197960967261
76561197960967262
76561197960967265
76561197960967266
76561197960967268
76561197960967270
76561197960967272
76561197960967276
76561197960967277
76561197960967278
76561197960967279
76561197960967280
76561197960967281
76561197960967285
76561197960967288
76561197960967289
76561197960967290
76561197960967292
76561197960967293
76561197960967294
76561197960967296
76561197960967298
76561197960967299
76561197960967300
76561197960967303
76561197960967304
76561197960967305
76561197960967306
76561197960967307
76561197960967308
76561197960967312
76561197960967313
76561197960967316
76561197960967317
76561197960967319
76561197960967320
76561197960967322
76561197960967323
76561197960967324
76561197960967325
76561197960967328
76561197960967329
76561197960967337
76561197960967338
76561197960967340
76561197960967342
76561197960967343
76561197960967344
76561197960967345
76561197960967346
76561197960967348
76561197960967349
76561197960967350
76561197960967351
76561197960967353
76561197960967355
76561197960967356
76561197960967357
76561197960967359
76561197960967363
76561197960967364
76561197960967365
76561197960967375
76561197960967376
76561197960967384
76561197960967385
76561197960967386
76561197960967388
76561197960967389
76561197960967390
76561197960967391
76561197960967394
76561197960967397
76561197960967398
76561197960967400
76561197960967401
76561197960967402
76561197960967403
76561197960967407
76561197960967408
76561197960967409
76561197960967410
76561197960967413
76561197960967414
76561197960967415
76561197960967420
76561197960967423
76561197960967426
76561197960967427
76561197960967428
76561197960967431
76561197960967432
76561197960967433
76561197960967435
76561197960967436
76561197960967438
76561197960967439
76561197960967442
76561197960967444
76561197960967446
76561197960967447
76561197960967449
76561197960967450
76561197960967451
76561197960967453
76561197960967454
76561197960967457
76561197960967458
76561197960967459
76561197960967460
76561197960967461
76561197960967462
76561197960967463
76561197960967467
76561197960967469
76561197960967473
76561197960967476
76561197960967477
76561197960967480
76561197960967481
76561197960967482
76561197960967487
76561197960967488
76561197960967489
76561197960967490
76561197960967491
76561197960967492
76561197960967493
76561197960967495
76561197960967498
76561197960967500
76561197960967503
76561197960967504
76561197960967505
76561197960967509
76561197960967510
76561197960967511
76561197960967512
76561197960967513
76561197960967515
76561197960967516
76561197960967518
76561197960967519
76561197960967520
76561197960967521
76561197960967522
76561197960967526
76561197960967527
76561197960967529
76561197960967530
76561197960967531
76561197960967533
76561197960967534
76561197960967535
76561197960967536
76561197960967537
76561197960967540
76561197960967542
76561197960967543
76561197960967544
76561197960967550
76561197960967552
76561197960967553
76561197960967554
76561197960967555
76561197960967557
76561197960967558
76561197960967559
76561197960967561
76561197960967562
76561197960967564
76561197960967566
76561197960967567
76561197960967569
76561197960967573
76561197960967574
76561197960967576
76561197960967578
76561197960967580
76561197960967581
76561197960967582
76561197960967584
76561197960967585
76561197960967588
76561197960967590
76561197960967591
76561197960967593
76561197960967594
76561197960967595
76561197960967597
76561197960967600
76561197960967602
76561197960967604
76561197960967605
76561197960967608
76561197960967611
76561197960967613
76561197960967614
76561197960967617
76561197960967619
76561197960967620
76561197960967622
76561197960967624
76561197960967627
76561197960967633
76561197960967634
76561197960967636
76561197960967637
76561197960967639
76561197960967643
76561197960967644
76561197960967645
76561197960967646
76561197960967650
76561197960967653
76561197960967655
76561197960967656
76561197960967659
76561197960967661
76561197960967662
76561197960967664
76561197960967666
76561197960967667
76561197960967668
76561197960967669
76561197960967670
76561197960967672
76561197960967673
76561197960967674
76561197960967677
76561197960967680
76561197960967682
76561197960967685
76561197960967686
76561197960967692
76561197960967693
76561197960967694
76561197960967695
76561197960967696
76561197960967697
76561197960967698
76561197960967701
76561197960967702
76561197960967704
76561197960967706
76561197960967710
76561197960967711
76561197960967713
76561197960967715
76561197960967716
76561197960967718
76561197960967719
76561197960967721
76561197960967724
76561197960967725
76561197960967726
76561197960967728
76561197960967731
76561197960967732
76561197960967733
76561197960967738
76561197960967741
76561197960967742
76561197960967743
76561197960967744
76561197960967748
76561197960967749
76561197960967750
76561197960967754
76561197960967755
76561197960967756
76561197960967758
76561197960967760
76561197960967761
76561197960967762
76561197960967763
76561197960967764
76561197960967765
76561197960967767
76561197960967768
76561197960967770
76561197960967771
76561197960967772
76561197960967774
76561197960967776
76561197960967777
76561197960967781
76561197960967782
76561197960967784
76561197960967785
76561197960967787
76561197960967788
76561197960967790
76561197960967791
76561197960967793
76561197960967794
76561197960967795
76561197960967798
76561197960967800
76561197960967801
76561197960967802
76561197960967803
76561197960967804
76561197960967806
76561197960967807
76561197960967810
76561197960967811
76561197960967813
76561197960967814
76561197960967815
76561197960967816
76561197960967821
76561197960967824
76561197960967826
76561197960967828
76561197960967829
76561197960967833
76561197960967835
76561197960967836
76561197960967840
76561197960967842
76561197960967843
76561197960967844
76561197960967845
76561197960967846
76561197960967847
76561197960967848
76561197960967849
76561197960967850
76561197960967852
76561197960967853
76561197960967856
76561197960967857
76561197960967858
76561197960967860
76561197960967862
76561197960967863
76561197960967864
76561197960967865
76561197960967866
76561197960967867
76561197960967868
76561197960967870
76561197960967872
76561197960967874
76561197960967875
76561197960967877
76561197960967882
76561197960967888
76561197960967889
76561197960967890
76561197960967894
76561197960967895
76561197960967896
76561197960967904
76561197960967905
76561197960967908
76561197960967915
76561197960967918
76561197960967919
76561197960967921
76561197960967923
76561197960967926
76561197960967927
76561197960967929
76561197960967930
76561197960967931
76561197960967932
76561197960967937
76561197960967938
76561197960967940
76561197960967941
76561197960967947
76561197960967948
76561197960967949
76561197960967950
76561197960967951
76561197960967956
76561197960967961
76561197960967963
76561197960967965
76561197960967967
76561197960967972
76561197960967973
76561197960967974
76561197960967975
76561197960967976
76561197960967978
76561197960967981
76561197960967982
76561197960967984
76561197960967986
76561197960967987
76561197960967989
76561197960967994
76561197960967995
76561197960967996
76561197960967998
76561197960967999
76561197960968000
76561197960968001
76561197960968004
76561197960968008
76561197960968012
76561197960968013
76561197960968015
76561197960968018
76561197960968019
76561197960968020
76561197960968023
76561197960968025
76561197960968026
76561197960968027
76561197960968030
76561197960968033
76561197960968038
76561197960968039
76561197960968040
76561197960968041
76561197960968042
76561197960968043
76561197960968045
76561197960968046
76561197960968047
76561197960968048
76561197960968049
76561197960968050
76561197960968051
76561197960968052
76561197960968054
76561197960968055
76561197960968059
76561197960968060
76561197960968063
76561197960968065
76561197960968067
76561197960968068
76561197960968069
76561197960968070
76561197960968071
76561197960968073
76561197960968074
76561197960968075
76561197960968080
76561197960968082
76561197960968083
76561197960968085
76561197960968086
76561197960968088
76561197960968090
76561197960968091
76561197960968093
76561197960968098
76561197960968100
76561197960968101
76561197960968102
76561197960968103
76561197960968105
76561197960968106
76561197960968107
76561197960968108
76561197960968110
76561197960968111
76561197960968112
76561197960968113
76561197960968115
76561197960968116
76561197960968119
76561197960968120
76561197960968121
76561197960968126
76561197960968128
76561197960968129
76561197960968130
76561197960968131
76561197960968132
76561197960968133
76561197960968135
76561197960968136
76561197960968137
76561197960968138
76561197960968139
76561197960968140
76561197960968142
76561197960968149
76561197960968150
76561197960968151
76561197960968154
76561197960968155
76561197960968156
76561197960968158
76561197960968160
76561197960968162
76561197960968163
76561197960968165
76561197960968166
76561197960968169
76561197960968174
76561197960968175
76561197960968177
76561197960968179
76561197960968182
76561197960968184
76561197960968192
76561197960968193
76561197960968194
76561197960968195
76561197960968196
76561197960968200
76561197960968201
76561197960968202
76561197960968206
76561197960968208
76561197960968209
76561197960968210
76561197960968213
76561197960968214
76561197960968215
76561197960968216
76561197960968218
76561197960968219
76561197960968220
76561197960968221
76561197960968222
76561197960968223
76561197960968225
76561197960968226
76561197960968228
76561197960968229
76561197960968230
76561197960968233
76561197960968236
76561197960968237
76561197960968238
76561197960968239
76561197960968242
76561197960968245
76561197960968246
76561197960968247
76561197960968248
76561197960968249
76561197960968250
76561197960968254
76561197960968258
76561197960968259
76561197960968260
76561197960968262
76561197960968263
76561197960968265
76561197960968267
76561197960968268
76561197960968270
76561197960968271
76561197960968272
76561197960968273
76561197960968276
76561197960968277
76561197960968279
76561197960968280
76561197960968281
76561197960968282
76561197960968283
76561197960968285
76561197960968287
76561197960968289
76561197960968290
76561197960968292
76561197960968299
76561197960968300
76561197960968301
76561197960968302
76561197960968304
76561197960968306
76561197960968307
76561197960968309
76561197960968310
76561197960968311
76561197960968312
76561197960968313
76561197960968315
76561197960968317
76561197960968318
76561197960968319
76561197960968321
76561197960968326
76561197960968327
76561197960968328
76561197960968329
76561197960968332
76561197960968333
76561197960968334
76561197960968339
76561197960968340
76561197960968342
76561197960968343
76561197960968344
76561197960968345
76561197960968346
76561197960968347
76561197960968348
76561197960968351
76561197960968352
76561197960968356
76561197960968358
76561197960968360
76561197960968361
76561197960968362
76561197960968369
76561197960968374
76561197960968376
76561197960968378
76561197960968379
76561197960968380
76561197960968385
76561197960968387
76561197960968388
76561197960968389
76561197960968396
76561197960968398
76561197960968399
76561197960968400
76561197960968401
76561197960968403
76561197960968404
76561197960968405
76561197960968406
76561197960968410
76561197960968411
76561197960968412
76561197960968413
76561197960968414
76561197960968415
76561197960968416
76561197960968418
76561197960968419
76561197960968420
76561197960968422
76561197960968423
76561197960968426
76561197960968427
76561197960968428
76561197960968429
76561197960968430
76561197960968431
76561197960968432
76561197960968434
76561197960968435
76561197960968436
76561197960968439
76561197960968443
76561197960968444
76561197960968446
76561197960968447
76561197960968449
76561197960968450
76561197960968451
76561197960968454
76561197960968459
76561197960968460
76561197960968462
76561197960968464
76561197960968467
76561197960968468
76561197960968470
76561197960968471
76561197960968472
76561197960968474
76561197960968475
76561197960968481
76561197960968482
76561197960968483
76561197960968486
76561197960968488
76561197960968490
76561197960968493
76561197960968494
76561197960968498
76561197960968501
76561197960968502
76561197960968504
76561197960968506
76561197960968511
76561197960968512
76561197960968515
76561197960968516
76561197960968518
76561197960968520
76561197960968526
76561197960968528
76561197960968529
76561197960968530
76561197960968531
76561197960968532
76561197960968533
76561197960968534
76561197960968538
76561197960968540
76561197960968541
76561197960968546
76561197960968549
76561197960968552
76561197960968554
76561197960968555
76561197960968556
76561197960968557
76561197960968559
76561197960968562
76561197960968564
76561197960968565
76561197960968566
76561197960968567
76561197960968568
76561197960968569
76561197960968570
76561197960968571
76561197960968574
76561197960968576
76561197960968577
76561197960968578
76561197960968579
76561197960968583
76561197960968584
76561197960968585
76561197960968589
76561197960968592
76561197960968593
76561197960968595
76561197960968598
76561197960968599
76561197960968600
76561197960968601
76561197960968603
76561197960968605
76561197960968607
76561197960968608
76561197960968609
76561197960968612
76561197960968616
76561197960968621
76561197960968622
76561197960968625
76561197960968627
76561197960968628
76561197960968631
76561197960968632
76561197960968633
76561197960968637
76561197960968638
76561197960968640
76561197960968641
76561197960968643
76561197960968646
76561197960968647
76561197960968649
76561197960968652
76561197960968654
76561197960968657
76561197960968658
76561197960968660
76561197960968661
76561197960968664
76561197960968666
76561197960968667
76561197960968668
76561197960968669
76561197960968670
76561197960968671
76561197960968672
76561197960968674
76561197960968675
76561197960968676
76561197960968677
76561197960968678
76561197960968680
76561197960968684
76561197960968685
76561197960968686
76561197960968687
76561197960968688
76561197960968689
76561197960968690
76561197960968691
76561197960968694
76561197960968695
76561197960968696
76561197960968697
76561197960968698
76561197960968699
76561197960968700
76561197960968701
76561197960968704
76561197960968705
76561197960968707
76561197960968713
76561197960968718
76561197960968719
76561197960968720
76561197960968722
76561197960968726
76561197960968727
76561197960968728
76561197960968731
76561197960968732
76561197960968736
76561197960968737
76561197960968738
76561197960968739
76561197960968741
76561197960968742
76561197960968743
76561197960968744
76561197960968746
76561197960968747
76561197960968748
76561197960968749
76561197960968751
76561197960968752
76561197960968754
76561197960968755
76561197960968756
76561197960968757
76561197960968763
76561197960968764
76561197960968766
76561197960968767
76561197960968768
76561197960968771
76561197960968774
76561197960968775
76561197960968777
76561197960968778
76561197960968780
76561197960968782
76561197960968783
76561197960968784
76561197960968788
76561197960968789
76561197960968790
76561197960968791
76561197960968792
76561197960968793
76561197960968795
76561197960968797
76561197960968798
76561197960968802
76561197960968804
76561197960968805
76561197960968807
76561197960968808
76561197960968809
76561197960968810
76561197960968812
76561197960968813
76561197960968814
76561197960968815
76561197960968816
76561197960968817
76561197960968819
76561197960968820
76561197960968821
76561197960968822
76561197960968823
76561197960968826
76561197960968828
76561197960968832
76561197960968833
76561197960968834
76561197960968838
76561197960968840
76561197960968841
76561197960968843
76561197960968845
76561197960968847
76561197960968849
76561197960968854
76561197960968855
76561197960968857
76561197960968858
76561197960968861
76561197960968866
