76561197961158087
76561197961158089
76561197961158090
76561197961158091
76561197961158092
76561197961158093
76561197961158094
76561197961158095
76561197961158097
76561197961158098
76561197961158099
76561197961158100
76561197961158101
76561197961158102
76561197961158103
76561197961158104
76561197961158107
76561197961158108
76561197961158109
76561197961158110
76561197961158111
76561197961158113
76561197961158116
76561197961158117
76561197961158119
76561197961158121
76561197961158122
76561197961158123
76561197961158124
76561197961158125
76561197961158126
76561197961158127
76561197961158128
76561197961158129
76561197961158130
76561197961158132
76561197961158135
76561197961158136
76561197961158138
76561197961158139
76561197961158140
76561197961158141
76561197961158142
76561197961158143
76561197961158144
76561197961158145
76561197961158146
76561197961158147
76561197961158148
76561197961158149
76561197961158150
76561197961158151
76561197961158153
76561197961158154
76561197961158157
76561197961158158
76561197961158160
76561197961158161
76561197961158162
76561197961158163
76561197961158164
76561197961158165
76561197961158166
76561197961158168
76561197961158169
76561197961158170
76561197961158171
76561197961158172
76561197961158175
76561197961158177
76561197961158179
76561197961158184
76561197961158185
76561197961158186
76561197961158187
76561197961158189
76561197961158190
76561197961158191
76561197961158192
76561197961158193
76561197961158195
76561197961158196
76561197961158197
76561197961158200
76561197961158201
76561197961158202
76561197961158203
76561197961158204
76561197961158205
76561197961158206
76561197961158207
76561197961158208
76561197961158212
76561197961158213
76561197961158215
76561197961158216
76561197961158217
76561197961158219
76561197961158220
76561197961158221
76561197961158222
76561197961158223
76561197961158224
76561197961158225
76561197961158227
76561197961158229
76561197961158231
76561197961158232
76561197961158233
76561197961158235
76561197961158236
76561197961158237
76561197961158238
76561197961158240
76561197961158241
76561197961158242
76561197961158243
76561197961158244
76561197961158245
76561197961158246
76561197961158247
76561197961158248
76561197961158249
76561197961158251
76561197961158252
76561197961158254
76561197961158255
76561197961158256
76561197961158257
76561197961158259
76561197961158262
76561197961158264
76561197961158265
76561197961158268
76561197961158269
76561197961158270
76561197961158273
76561197961158274
76561197961158275
76561197961158276
76561197961158278
76561197961158280
76561197961158282
76561197961158284
76561197961158286
76561197961158288
76561197961158289
76561197961158292
76561197961158293
76561197961158295
76561197961158296
76561197961158298
76561197961158299
76561197961158302
76561197961158303
76561197961158306
76561197961158308
76561197961158309
76561197961158310
76561197961158312
76561197961158313
76561197961158315
76561197961158316
76561197961158317
76561197961158318
76561197961158320
76561197961158321
76561197961158322
76561197961158323
76561197961158324
76561197961158325
76561197961158326
76561197961158328
76561197961158329
76561197961158330
76561197961158331
76561197961158332
76561197961158333
76561197961158335
76561197961158338
76561197961158339
76561197961158340
76561197961158342
76561197961158343
76561197961158344
76561197961158345
76561197961158346
76561197961158347
76561197961158349
76561197961158350
76561197961158351
76561197961158353
76561197961158354
76561197961158355
76561197961158357
76561197961158360
76561197961158361
76561197961158363
76561197961158364
76561197961158366
76561197961158368
76561197961158369
76561197961158370
76561197961158371
76561197961158372
76561197961158374
76561197961158375
76561197961158377
76561197961158379
76561197961158380
76561197961158381
76561197961158382
76561197961158383
76561197961158384
76561197961158385
76561197961158386
76561197961158387
76561197961158388
76561197961158389
76561197961158390
76561197961158391
76561197961158393
76561197961158394
76561197961158397
76561197961158398
76561197961158399
76561197961158400
76561197961158401
76561197961158402
76561197961158403
76561197961158405
76561197961158409
76561197961158410
76561197961158413
76561197961158418
76561197961158419
76561197961158422
76561197961158423
76561197961158425
76561197961158426
76561197961158431
76561197961158432
76561197961158433
76561197961158435
76561197961158438
76561197961158441
76561197961158442
76561197961158443
76561197961158444
76561197961158445
76561197961158446
76561197961158450
76561197961158451
76561197961158452
76561197961158454
76561197961158456
76561197961158459
76561197961158461
76561197961158462
76561197961158465
76561197961158468
76561197961158469
76561197961158470
76561197961158474
76561197961158475
76561197961158476
76561197961158477
76561197961158478
76561197961158479
76561197961158480
76561197961158481
76561197961158483
76561197961158485
76561197961158486
76561197961158487
76561197961158491
76561197961158492
76561197961158495
76561197961158496
76561197961158497
76561197961158500
76561197961158503
76561197961158505
76561197961158506
76561197961158509
76561197961158511
76561197961158513
76561197961158514
76561197961158515
76561197961158517
76561197961158518
76561197961158519
76561197961158520
76561197961158526
76561197961158533
76561197961158535
76561197961158539
76561197961158540
76561197961158541
76561197961158542
76561197961158543
76561197961158544
76561197961158547
76561197961158550
76561197961158551
76561197961158553
76561197961158554
76561197961158555
76561197961158556
76561197961158557
76561197961158558
76561197961158559
76561197961158561
76561197961158562
76561197961158563
76561197961158565
76561197961158566
76561197961158569
76561197961158571
76561197961158572
76561197961158575
76561197961158576
76561197961158577
76561197961158578
76561197961158579
76561197961158581
76561197961158583
76561197961158585
76561197961158586
76561197961158587
76561197961158588
76561197961158589
76561197961158590
76561197961158592
76561197961158593
76561197961158595
76561197961158596
76561197961158597
76561197961158598
76561197961158599
76561197961158600
76561197961158601
76561197961158603
76561197961158609
76561197961158610
76561197961158612
76561197961158614
76561197961158615
76561197961158616
76561197961158617
76561197961158618
76561197961158619
76561197961158620
76561197961158622
76561197961158623
76561197961158624
76561197961158625
76561197961158626
76561197961158627
76561197961158630
76561197961158631
76561197961158634
76561197961158637
76561197961158639
76561197961158642
76561197961158647
76561197961158649
76561197961158650
76561197961158651
76561197961158652
76561197961158653
76561197961158655
76561197961158656
76561197961158660
76561197961158661
76561197961158662
76561197961158663
76561197961158664
76561197961158667
76561197961158668
76561197961158670
76561197961158671
76561197961158672
76561197961158673
76561197961158674
76561197961158676
76561197961158677
76561197961158678
76561197961158681
76561197961158683
76561197961158684
76561197961158685
76561197961158688
76561197961158689
76561197961158690
76561197961158691
76561197961158692
76561197961158694
76561197961158695
76561197961158696
76561197961158697
76561197961158698
76561197961158701
76561197961158702
76561197961158704
76561197961158705
76561197961158707
76561197961158708
76561197961158710
76561197961158711
76561197961158713
76561197961158714
76561197961158715
76561197961158716
76561197961158719
76561197961158721
76561197961158722
76561197961158723
76561197961158725
76561197961158728
76561197961158729
76561197961158730
76561197961158733
76561197961158734
76561197961158735
76561197961158736
76561197961158737
76561197961158741
76561197961158742
76561197961158745
76561197961158747
76561197961158748
76561197961158750
76561197961158751
76561197961158754
76561197961158755
76561197961158757
76561197961158758
76561197961158759
76561197961158760
76561197961158761
76561197961158763
76561197961158764
76561197961158765
76561197961158766
76561197961158767
76561197961158768
76561197961158769
76561197961158770
76561197961158771
76561197961158772
76561197961158774
76561197961158775
76561197961158776
76561197961158779
76561197961158780
76561197961158781
76561197961158782
76561197961158783
76561197961158787
76561197961158788
76561197961158789
76561197961158790
76561197961158792
76561197961158793
76561197961158795
76561197961158796
76561197961158797
76561197961158798
76561197961158799
76561197961158801
76561197961158802
76561197961158804
76561197961158805
76561197961158806
76561197961158808
76561197961158809
76561197961158813
76561197961158814
76561197961158815
76561197961158817
76561197961158819
76561197961158820
76561197961158821
76561197961158823
76561197961158825
76561197961158826
76561197961158827
76561197961158828
76561197961158829
76561197961158830
76561197961158831
76561197961158832
76561197961158833
76561197961158834
76561197961158836
76561197961158839
76561197961158840
76561197961158843
76561197961158845
76561197961158847
76561197961158848
76561197961158849
76561197961158852
76561197961158853
76561197961158854
76561197961158856
76561197961158859
76561197961158860
76561197961158861
76561197961158862
76561197961158863
76561197961158866
76561197961158867
76561197961158868
76561197961158869
76561197961158871
76561197961158872
76561197961158873
76561197961158874
76561197961158875
76561197961158876
76561197961158878
76561197961158879
76561197961158880
76561197961158881
76561197961158884
76561197961158885
76561197961158887
76561197961158888
76561197961158889
76561197961158891
76561197961158893
76561197961158895
76561197961158897
76561197961158899
76561197961158900
76561197961158903
76561197961158904
76561197961158905
76561197961158906
76561197961158910
76561197961158911
76561197961158912
76561197961158913
76561197961158915
76561197961158916
76561197961158918
76561197961158920
76561197961158921
76561197961158923
76561197961158925
76561197961158927
76561197961158928
76561197961158929
76561197961158930
76561197961158931
76561197961158932
76561197961158933
76561197961158934
76561197961158935
76561197961158936
76561197961158940
76561197961158941
76561197961158942
76561197961158944
76561197961158945
76561197961158948
76561197961158949
76561197961158950
76561197961158951
76561197961158952
76561197961158954
76561197961158957
76561197961158958
76561197961158960
76561197961158963
76561197961158964
76561197961158965
76561197961158968
76561197961158970
76561197961158971
76561197961158975
76561197961158977
76561197961158981
76561197961158982
76561197961158984
76561197961158985
76561197961158986
76561197961158988
76561197961158990
76561197961158991
76561197961158992
76561197961158993
76561197961158994
76561197961158996
76561197961158997
76561197961158999
76561197961159003
76561197961159005
76561197961159007
76561197961159008
76561197961159009
76561197961159012
76561197961159013
76561197961159015
76561197961159016
76561197961159020
76561197961159021
76561197961159022
76561197961159024
76561197961159025
76561197961159026
76561197961159028
76561197961159034
76561197961159035
76561197961159036
76561197961159037
76561197961159040
76561197961159042
76561197961159043
76561197961159045
76561197961159048
76561197961159050
76561197961159051
76561197961159052
76561197961159053
76561197961159054
76561197961159055
76561197961159056
76561197961159057
76561197961159058
76561197961159059
76561197961159060
76561197961159061
76561197961159062
76561197961159063
76561197961159067
76561197961159068
76561197961159069
76561197961159070
76561197961159071
76561197961159072
76561197961159073
76561197961159075
76561197961159076
76561197961159077
76561197961159079
76561197961159080
76561197961159081
76561197961159084
76561197961159087
76561197961159089
76561197961159091
76561197961159092
76561197961159093
76561197961159094
76561197961159095
76561197961159096
76561197961159099
76561197961159101
76561197961159103
76561197961159104
76561197961159105
76561197961159108
76561197961159109
76561197961159111
76561197961159112
76561197961159115
76561197961159119
76561197961159121
76561197961159122
76561197961159124
76561197961159125
76561197961159127
76561197961159128
76561197961159129
76561197961159132
76561197961159133
76561197961159134
76561197961159138
76561197961159139
76561197961159140
76561197961159143
76561197961159144
76561197961159146
76561197961159147
76561197961159149
76561197961159150
76561197961159152
76561197961159154
76561197961159155
76561197961159157
76561197961159159
76561197961159161
76561197961159163
76561197961159165
76561197961159166
76561197961159168
76561197961159169
76561197961159170
76561197961159171
76561197961159173
76561197961159174
76561197961159175
76561197961159176
76561197961159178
76561197961159179
76561197961159180
76561197961159182
76561197961159183
76561197961159184
76561197961159185
76561197961159186
76561197961159188
76561197961159189
76561197961159190
76561197961159191
76561197961159193
76561197961159195
76561197961159196
76561197961159197
76561197961159198
76561197961159200
76561197961159203
76561197961159204
76561197961159205
76561197961159208
76561197961159210
76561197961159211
76561197961159212
76561197961159213
76561197961159216
76561197961159217
76561197961159218
76561197961159220
76561197961159221
76561197961159222
76561197961159223
76561197961159224
76561197961159227
76561197961159228
76561197961159230
76561197961159233
76561197961159234
76561197961159236
76561197961159239
76561197961159240
76561197961159241
76561197961159242
76561197961159243
76561197961159244
76561197961159245
76561197961159246
76561197961159247
76561197961159249
76561197961159251
76561197961159253
76561197961159254
76561197961159257
76561197961159258
76561197961159259
76561197961159260
76561197961159262
76561197961159263
76561197961159264
76561197961159267
76561197961159270
76561197961159272
76561197961159277
76561197961159278
76561197961159279
76561197961159281
76561197961159282
76561197961159283
76561197961159284
76561197961159285
76561197961159286
76561197961159287
76561197961159288
76561197961159289
76561197961159290
76561197961159291
76561197961159292
76561197961159295
76561197961159296
76561197961159297
76561197961159298
76561197961159302
76561197961159303
76561197961159305
76561197961159306
76561197961159308
76561197961159311
76561197961159312
76561197961159313
76561197961159314
76561197961159315
76561197961159317
76561197961159318
76561197961159320
76561197961159322
76561197961159323
76561197961159325
76561197961159326
76561197961159328
76561197961159330
76561197961159335
76561197961159337
76561197961159338
76561197961159339
76561197961159342
76561197961159343
76561197961159344
76561197961159345
76561197961159347
76561197961159351
76561197961159355
76561197961159357
76561197961159358
76561197961159359
76561197961159362
76561197961159363
76561197961159364
76561197961159365
76561197961159366
76561197961159367
76561197961159368
76561197961159370
76561197961159371
76561197961159375
76561197961159378
76561197961159379
76561197961159382
76561197961159383
76561197961159384
76561197961159385
76561197961159387
76561197961159388
76561197961159390
76561197961159391
76561197961159392
76561197961159393
76561197961159394
76561197961159398
76561197961159399
76561197961159401
76561197961159404
76561197961159406
76561197961159408
76561197961159409
76561197961159411
76561197961159412
76561197961159413
76561197961159414
76561197961159416
76561197961159417
76561197961159419
76561197961159420
76561197961159421
76561197961159423
76561197961159424
76561197961159426
76561197961159427
76561197961159428
76561197961159429
76561197961159432
76561197961159433
76561197961159434
76561197961159438
76561197961159439
76561197961159441
76561197961159443
76561197961159444
76561197961159445
76561197961159446
76561197961159447
76561197961159449
76561197961159450
76561197961159451
76561197961159454
76561197961159457
76561197961159459
76561197961159461
76561197961159462
76561197961159465
76561197961159466
76561197961159468
76561197961159469
76561197961159478
76561197961159480
76561197961159481
76561197961159483
76561197961159485
76561197961159486
76561197961159487
76561197961159488
76561197961159491
76561197961159493
76561197961159494
76561197961159496
76561197961159498
76561197961159499
76561197961159500
76561197961159501
76561197961159502
76561197961159503
76561197961159504
76561197961159505
76561197961159506
76561197961159508
76561197961159509
76561197961159510
76561197961159511
76561197961159513
76561197961159515
76561197961159517
76561197961159519
76561197961159525
76561197961159528
76561197961159529
76561197961159531
76561197961159533
76561197961159535
76561197961159536
76561197961159537
76561197961159538
76561197961159539
76561197961159540
76561197961159542
76561197961159543
76561197961159545
76561197961159546
76561197961159547
76561197961159548
76561197961159550
76561197961159551
76561197961159556
76561197961159558
76561197961159560
76561197961159562
76561197961159564
76561197961159565
76561197961159568
76561197961159570
76561197961159571
76561197961159572
76561197961159573
76561197961159574
76561197961159575
76561197961159576
76561197961159581
76561197961159583
76561197961159584
76561197961159586
76561197961159588
76561197961159589
76561197961159590
76561197961159591
76561197961159592
76561197961159593
76561197961159594
76561197961159595
76561197961159596
76561197961159597
76561197961159598
76561197961159600
76561197961159601
76561197961159602
76561197961159603
76561197961159605
76561197961159606
76561197961159608
76561197961159609
76561197961159610
76561197961159612
76561197961159613
76561197961159615
76561197961159616
76561197961159617
76561197961159618
76561197961159619
76561197961159620
76561197961159621
76561197961159622
76561197961159624
76561197961159625
76561197961159626
76561197961159628
76561197961159632
76561197961159633
76561197961159637
76561197961159638
76561197961159639
76561197961159640
76561197961159641
76561197961159642
76561197961159643
76561197961159644
76561197961159646
