76561197961542137
76561197961542140
76561197961542141
76561197961542142
76561197961542143
76561197961542145
76561197961542147
76561197961542148
76561197961542150
76561197961542151
76561197961542152
76561197961542153
76561197961542155
76561197961542156
76561197961542157
76561197961542159
76561197961542162
76561197961542166
76561197961542167
76561197961542170
76561197961542174
76561197961542177
76561197961542178
76561197961542179
76561197961542180
76561197961542182
76561197961542183
76561197961542184
76561197961542185
76561197961542190
76561197961542193
76561197961542194
76561197961542195
76561197961542197
76561197961542200
76561197961542204
76561197961542205
76561197961542206
76561197961542207
76561197961542208
76561197961542211
76561197961542212
76561197961542213
76561197961542215
76561197961542217
76561197961542218
76561197961542219
76561197961542221
76561197961542223
76561197961542224
76561197961542225
76561197961542230
76561197961542232
76561197961542233
76561197961542234
76561197961542235
76561197961542236
76561197961542237
76561197961542240
76561197961542241
76561197961542242
76561197961542247
76561197961542250
76561197961542251
76561197961542252
76561197961542257
76561197961542259
76561197961542263
76561197961542264
76561197961542267
76561197961542268
76561197961542270
76561197961542271
76561197961542272
76561197961542274
76561197961542275
76561197961542277
76561197961542279
76561197961542281
76561197961542282
76561197961542283
76561197961542284
76561197961542286
76561197961542287
76561197961542293
76561197961542296
76561197961542297
76561197961542298
76561197961542300
76561197961542301
76561197961542302
76561197961542303
76561197961542304
76561197961542305
76561197961542306
76561197961542307
76561197961542313
76561197961542314
76561197961542318
76561197961542319
76561197961542321
76561197961542322
76561197961542323
76561197961542325
76561197961542327
76561197961542328
76561197961542331
76561197961542332
76561197961542334
76561197961542336
76561197961542340
76561197961542341
76561197961542343
76561197961542346
76561197961542349
76561197961542354
76561197961542356
76561197961542358
76561197961542363
76561197961542364
76561197961542365
76561197961542369
76561197961542371
76561197961542374
76561197961542375
76561197961542377
76561197961542379
76561197961542381
76561197961542383
76561197961542387
76561197961542389
76561197961542392
76561197961542398
76561197961542399
76561197961542400
76561197961542403
76561197961542405
76561197961542408
76561197961542411
76561197961542412
76561197961542415
76561197961542416
76561197961542418
76561197961542422
76561197961542423
76561197961542426
76561197961542428
76561197961542429
76561197961542430
76561197961542431
76561197961542434
76561197961542438
76561197961542446
76561197961542447
76561197961542449
76561197961542451
76561197961542455
76561197961542458
76561197961542463
76561197961542464
76561197961542468
76561197961542470
76561197961542471
76561197961542472
76561197961542473
76561197961542477
76561197961542478
76561197961542479
76561197961542481
76561197961542482
76561197961542483
76561197961542486
76561197961542488
76561197961542489
76561197961542490
76561197961542492
76561197961542494
76561197961542495
76561197961542497
76561197961542498
76561197961542499
76561197961542501
76561197961542502
76561197961542503
76561197961542506
76561197961542512
76561197961542515
76561197961542516
76561197961542517
76561197961542518
76561197961542521
76561197961542523
76561197961542525
76561197961542527
76561197961542531
76561197961542536
76561197961542537
76561197961542540
76561197961542541
76561197961542542
76561197961542543
76561197961542544
76561197961542545
76561197961542546
76561197961542551
76561197961542552
76561197961542555
76561197961542559
76561197961542565
76561197961542566
76561197961542570
76561197961542573
76561197961542574
76561197961542575
76561197961542579
76561197961542580
76561197961542581
76561197961542582
76561197961542587
76561197961542592
76561197961542593
76561197961542594
76561197961542595
76561197961542597
76561197961542598
76561197961542600
76561197961542603
76561197961542604
76561197961542605
76561197961542606
76561197961542607
76561197961542608
76561197961542609
76561197961542610
76561197961542611
76561197961542613
76561197961542618
76561197961542619
76561197961542620
76561197961542621
76561197961542624
76561197961542625
76561197961542627
76561197961542632
76561197961542633
76561197961542634
76561197961542637
76561197961542639
76561197961542642
76561197961542643
76561197961542644
76561197961542647
76561197961542649
76561197961542651
76561197961542653
76561197961542654
76561197961542659
76561197961542660
76561197961542661
76561197961542665
76561197961542666
76561197961542669
76561197961542671
76561197961542676
76561197961542677
76561197961542678
76561197961542679
76561197961542680
76561197961542682
76561197961542684
76561197961542685
76561197961542686
76561197961542687
76561197961542688
76561197961542689
76561197961542691
76561197961542692
76561197961542693
76561197961542696
76561197961542697
76561197961542700
76561197961542701
76561197961542704
76561197961542705
76561197961542707
76561197961542709
76561197961542713
76561197961542716
76561197961542718
76561197961542719
76561197961542720
76561197961542722
76561197961542725
76561197961542726
76561197961542727
76561197961542729
76561197961542739
76561197961542740
76561197961542742
76561197961542747
76561197961542748
76561197961542750
76561197961542751
76561197961542752
76561197961542754
76561197961542755
76561197961542758
76561197961542761
76561197961542763
76561197961542764
76561197961542765
76561197961542766
76561197961542769
76561197961542772
76561197961542777
76561197961542778
76561197961542779
76561197961542780
76561197961542783
76561197961542785
76561197961542787
76561197961542790
76561197961542797
76561197961542798
76561197961542801
76561197961542803
76561197961542807
76561197961542809
76561197961542812
76561197961542815
76561197961542816
76561197961542817
76561197961542818
76561197961542820
76561197961542823
76561197961542824
76561197961542826
76561197961542827
76561197961542831
76561197961542832
76561197961542834
76561197961542835
76561197961542839
76561197961542841
76561197961542845
76561197961542846
76561197961542848
76561197961542849
76561197961542856
76561197961542857
76561197961542858
76561197961542859
76561197961542860
76561197961542861
76561197961542862
76561197961542863
76561197961542864
76561197961542865
76561197961542867
76561197961542870
76561197961542871
76561197961542872
76561197961542873
76561197961542874
76561197961542876
76561197961542878
76561197961542881
76561197961542882
76561197961542884
76561197961542886
76561197961542887
76561197961542888
76561197961542890
76561197961542892
76561197961542897
76561197961542898
76561197961542900
76561197961542901
76561197961542902
76561197961542903
76561197961542906
76561197961542907
76561197961542910
76561197961542913
76561197961542920
76561197961542923
76561197961542924
76561197961542925
76561197961542926
76561197961542927
76561197961542928
76561197961542929
76561197961542933
76561197961542934
76561197961542935
76561197961542936
76561197961542939
76561197961542940
76561197961542944
76561197961542946
76561197961542947
76561197961542948
76561197961542949
76561197961542950
76561197961542951
76561197961542952
76561197961542955
76561197961542956
76561197961542960
76561197961542962
76561197961542963
76561197961542964
76561197961542966
76561197961542967
76561197961542968
76561197961542969
76561197961542970
76561197961542971
76561197961542972
76561197961542978
76561197961542980
76561197961542984
76561197961542986
76561197961542987
76561197961542992
76561197961542995
76561197961542997
76561197961543001
76561197961543003
76561197961543005
76561197961543006
76561197961543010
76561197961543011
76561197961543012
76561197961543013
76561197961543014
76561197961543017
76561197961543018
76561197961543020
76561197961543023
76561197961543024
76561197961543025
76561197961543026
76561197961543029
76561197961543031
76561197961543035
76561197961543038
76561197961543040
76561197961543041
76561197961543043
76561197961543044
76561197961543048
76561197961543050
76561197961543053
76561197961543056
76561197961543059
76561197961543060
76561197961543061
76561197961543062
76561197961543064
76561197961543069
76561197961543070
76561197961543071
76561197961543074
76561197961543075
76561197961543076
76561197961543077
76561197961543078
76561197961543079
76561197961543080
76561197961543082
76561197961543083
76561197961543084
76561197961543085
76561197961543086
76561197961543088
76561197961543091
76561197961543095
76561197961543096
76561197961543097
76561197961543098
76561197961543099
76561197961543100
76561197961543103
76561197961543104
76561197961543105
76561197961543106
76561197961543108
76561197961543113
76561197961543114
76561197961543115
76561197961543120
76561197961543124
76561197961543127
76561197961543128
76561197961543129
76561197961543130
76561197961543133
76561197961543134
76561197961543135
76561197961543138
76561197961543140
76561197961543141
76561197961543148
76561197961543149
76561197961543150
76561197961543151
76561197961543152
76561197961543154
76561197961543155
76561197961543156
76561197961543157
76561197961543158
76561197961543160
76561197961543161
76561197961543162
76561197961543163
76561197961543164
76561197961543168
76561197961543170
76561197961543172
76561197961543173
76561197961543175
76561197961543176
76561197961543179
76561197961543182
76561197961543183
76561197961543185
76561197961543186
76561197961543188
76561197961543189
76561197961543191
76561197961543192
76561197961543194
76561197961543196
76561197961543197
76561197961543198
76561197961543201
76561197961543207
76561197961543211
76561197961543214
76561197961543215
76561197961543216
76561197961543218
76561197961543219
76561197961543220
76561197961543223
76561197961543225
76561197961543227
76561197961543228
76561197961543229
76561197961543230
76561197961543231
76561197961543233
76561197961543235
76561197961543236
76561197961543237
76561197961543238
76561197961543239
76561197961543242
76561197961543244
76561197961543247
76561197961543248
76561197961543249
76561197961543252
76561197961543254
76561197961543255
76561197961543256
76561197961543257
76561197961543261
76561197961543262
76561197961543265
76561197961543266
76561197961543267
76561197961543269
76561197961543270
76561197961543271
76561197961543272
76561197961543274
76561197961543277
76561197961543281
76561197961543282
76561197961543284
76561197961543286
76561197961543289
76561197961543290
76561197961543292
76561197961543293
76561197961543295
76561197961543296
76561197961543299
76561197961543301
76561197961543302
76561197961543303
76561197961543304
76561197961543306
76561197961543307
76561197961543309
76561197961543310
76561197961543311
76561197961543312
76561197961543313
76561197961543314
76561197961543316
76561197961543318
76561197961543324
76561197961543325
76561197961543327
76561197961543328
76561197961543329
76561197961543336
76561197961543337
76561197961543338
76561197961543339
76561197961543340
76561197961543343
76561197961543346
76561197961543348
76561197961543349
76561197961543350
76561197961543353
76561197961543354
76561197961543355
76561197961543356
76561197961543357
76561197961543359
76561197961543361
76561197961543362
76561197961543364
76561197961543368
76561197961543369
76561197961543371
76561197961543373
76561197961543374
76561197961543375
76561197961543376
76561197961543379
76561197961543382
76561197961543383
76561197961543386
76561197961543388
76561197961543395
76561197961543396
76561197961543398
76561197961543399
76561197961543402
76561197961543407
76561197961543408
76561197961543409
76561197961543412
76561197961543417
76561197961543418
76561197961543419
76561197961543421
76561197961543423
76561197961543427
76561197961543429
76561197961543432
76561197961543433
76561197961543435
76561197961543436
76561197961543437
76561197961543441
76561197961543442
76561197961543446
76561197961543449
76561197961543453
76561197961543454
76561197961543456
76561197961543457
76561197961543458
76561197961543460
76561197961543465
76561197961543466
76561197961543467
76561197961543468
76561197961543470
76561197961543471
76561197961543473
76561197961543475
76561197961543477
76561197961543480
76561197961543482
76561197961543483
76561197961543485
76561197961543487
76561197961543491
76561197961543496
76561197961543498
76561197961543499
76561197961543502
76561197961543507
76561197961543508
76561197961543509
76561197961543512
76561197961543513
76561197961543514
76561197961543519
76561197961543521
76561197961543523
76561197961543524
76561197961543526
76561197961543527
76561197961543528
76561197961543529
76561197961543531
76561197961543532
76561197961543534
76561197961543535
76561197961543536
76561197961543537
76561197961543539
76561197961543541
76561197961543542
76561197961543545
76561197961543547
76561197961543549
76561197961543550
76561197961543552
76561197961543553
76561197961543554
76561197961543557
76561197961543558
76561197961543561
76561197961543567
76561197961543569
76561197961543570
76561197961543572
76561197961543573
76561197961543575
76561197961543576
76561197961543577
76561197961543579
76561197961543580
76561197961543581
76561197961543582
76561197961543583
76561197961543584
76561197961543590
76561197961543595
76561197961543597
76561197961543599
76561197961543600
76561197961543601
76561197961543603
76561197961543604
76561197961543605
76561197961543607
76561197961543608
76561197961543613
76561197961543614
76561197961543618
76561197961543619
76561197961543621
76561197961543622
76561197961543623
76561197961543625
76561197961543626
76561197961543628
76561197961543630
76561197961543631
76561197961543633
76561197961543636
76561197961543637
76561197961543639
76561197961543640
76561197961543642
76561197961543644
76561197961543646
76561197961543647
76561197961543649
76561197961543650
76561197961543654
76561197961543655
76561197961543656
76561197961543670
76561197961543672
76561197961543673
76561197961543677
76561197961543678
76561197961543685
76561197961543687
76561197961543693
76561197961543694
76561197961543695
76561197961543698
76561197961543699
76561197961543705
76561197961543706
76561197961543708
76561197961543710
76561197961543711
76561197961543712
76561197961543713
76561197961543714
76561197961543716
76561197961543717
76561197961543719
76561197961543721
76561197961543725
76561197961543726
76561197961543730
76561197961543731
76561197961543732
76561197961543733
76561197961543737
76561197961543739
76561197961543740
76561197961543741
76561197961543742
76561197961543743
76561197961543744
76561197961543745
76561197961543749
76561197961543750
76561197961543752
76561197961543753
76561197961543755
76561197961543759
76561197961543762
76561197961543763
76561197961543764
76561197961543768
76561197961543769
76561197961543770
76561197961543771
76561197961543774
76561197961543775
76561197961543776
76561197961543778
76561197961543782
76561197961543785
76561197961543787
76561197961543788
76561197961543790
76561197961543791
76561197961543794
76561197961543795
76561197961543797
76561197961543799
76561197961543801
76561197961543804
76561197961543805
76561197961543806
76561197961543807
76561197961543808
76561197961543809
76561197961543810
76561197961543811
76561197961543813
76561197961543814
76561197961543817
76561197961543818
76561197961543819
76561197961543821
76561197961543822
76561197961543823
76561197961543825
76561197961543826
76561197961543827
76561197961543828
76561197961543832
76561197961543833
76561197961543835
76561197961543839
76561197961543840
76561197961543841
76561197961543843
76561197961543844
76561197961543845
76561197961543847
76561197961543849
76561197961543854
76561197961543855
76561197961543857
76561197961543858
76561197961543860
76561197961543861
76561197961543862
76561197961543864
76561197961543867
76561197961543868
76561197961543871
76561197961543872
76561197961543873
76561197961543874
76561197961543875
76561197961543876
76561197961543879
76561197961543881
76561197961543882
76561197961543883
76561197961543884
76561197961543886
76561197961543888
76561197961543890
76561197961543891
76561197961543896
76561197961543897
76561197961543899
76561197961543901
76561197961543907
76561197961543911
76561197961543912
76561197961543914
76561197961543916
76561197961543920
76561197961543922
76561197961543924
76561197961543925
76561197961543928
76561197961543930
76561197961543931
76561197961543932
76561197961543933
76561197961543935
76561197961543940
76561197961543942
76561197961543944
76561197961543945
76561197961543947
76561197961543948
76561197961543949
76561197961543950
76561197961543953
76561197961543954
76561197961543955
76561197961543958
76561197961543959
76561197961543960
76561197961543961
76561197961543962
76561197961543963
76561197961543965
76561197961543966
76561197961543967
76561197961543969
76561197961543971
76561197961543975
76561197961543978
76561197961543979
76561197961543983
76561197961543984
76561197961543985
76561197961543988
76561197961543989
76561197961543992
76561197961543993
76561197961543995
76561197961543997
76561197961544000
76561197961544001
76561197961544004
76561197961544007
76561197961544011
76561197961544014
76561197961544022
76561197961544023
76561197961544026
76561197961544030
76561197961544036
76561197961544040
76561197961544041
76561197961544044
76561197961544045
76561197961544050
76561197961544054
76561197961544061
76561197961544062
76561197961544065
76561197961544068
76561197961544069
76561197961544070
76561197961544071
76561197961544073
76561197961544075
76561197961544078
76561197961544079
76561197961544081
76561197961544082
76561197961544085
76561197961544086
76561197961544090
76561197961544091
76561197961544093
76561197961544095
76561197961544098
76561197961544100
76561197961544106
76561197961544107
76561197961544108
76561197961544115
76561197961544116
76561197961544118
76561197961544119
76561197961544122
76561197961544123
76561197961544124
76561197961544127
76561197961544128
