76561197961350049
76561197961350050
76561197961350052
76561197961350053
76561197961350054
76561197961350055
76561197961350056
76561197961350058
76561197961350060
76561197961350065
76561197961350066
76561197961350070
76561197961350071
76561197961350072
76561197961350073
76561197961350075
76561197961350076
76561197961350077
76561197961350080
76561197961350081
76561197961350082
76561197961350083
76561197961350085
76561197961350086
76561197961350087
76561197961350088
76561197961350089
76561197961350090
76561197961350091
76561197961350092
76561197961350093
76561197961350096
76561197961350098
76561197961350100
76561197961350103
76561197961350104
76561197961350105
76561197961350106
76561197961350107
76561197961350108
76561197961350109
76561197961350111
76561197961350112
76561197961350115
76561197961350116
76561197961350117
76561197961350118
76561197961350119
76561197961350120
76561197961350121
76561197961350122
76561197961350123
76561197961350125
76561197961350128
76561197961350130
76561197961350133
76561197961350134
76561197961350135
76561197961350136
76561197961350137
76561197961350138
76561197961350140
76561197961350141
76561197961350143
76561197961350144
76561197961350145
76561197961350147
76561197961350148
76561197961350149
76561197961350152
76561197961350154
76561197961350155
76561197961350157
76561197961350158
76561197961350163
76561197961350164
76561197961350165
76561197961350166
76561197961350168
76561197961350169
76561197961350172
76561197961350173
76561197961350174
76561197961350175
76561197961350176
76561197961350177
76561197961350181
76561197961350182
76561197961350183
76561197961350184
76561197961350185
76561197961350189
76561197961350190
76561197961350193
76561197961350195
76561197961350196
76561197961350201
76561197961350202
76561197961350203
76561197961350204
76561197961350206
76561197961350207
76561197961350209
76561197961350210
76561197961350213
76561197961350214
76561197961350217
76561197961350219
76561197961350221
76561197961350223
76561197961350226
76561197961350231
76561197961350234
76561197961350236
76561197961350237
76561197961350239
76561197961350240
76561197961350241
76561197961350242
76561197961350244
76561197961350245
76561197961350246
76561197961350247
76561197961350249
76561197961350250
76561197961350251
76561197961350252
76561197961350253
76561197961350254
76561197961350255
76561197961350257
76561197961350259
76561197961350260
76561197961350262
76561197961350263
76561197961350265
76561197961350267
76561197961350268
76561197961350269
76561197961350270
76561197961350271
76561197961350273
76561197961350275
76561197961350276
76561197961350279
76561197961350283
76561197961350284
76561197961350285
76561197961350286
76561197961350287
76561197961350288
76561197961350289
76561197961350293
76561197961350296
76561197961350297
76561197961350299
76561197961350300
76561197961350301
76561197961350303
76561197961350304
76561197961350305
76561197961350307
76561197961350310
76561197961350311
76561197961350312
76561197961350313
76561197961350314
76561197961350317
76561197961350322
76561197961350323
76561197961350326
76561197961350327
76561197961350328
76561197961350330
76561197961350332
76561197961350334
76561197961350338
76561197961350340
76561197961350342
76561197961350343
76561197961350345
76561197961350348
76561197961350349
76561197961350350
76561197961350354
76561197961350356
76561197961350357
76561197961350358
76561197961350360
76561197961350361
76561197961350363
76561197961350364
76561197961350365
76561197961350368
76561197961350369
76561197961350371
76561197961350372
76561197961350374
76561197961350379
76561197961350381
76561197961350383
76561197961350384
76561197961350385
76561197961350386
76561197961350387
76561197961350391
76561197961350393
76561197961350394
76561197961350395
76561197961350396
76561197961350399
76561197961350402
76561197961350404
76561197961350405
76561197961350410
76561197961350411
76561197961350414
76561197961350415
76561197961350416
76561197961350417
76561197961350418
76561197961350421
76561197961350422
76561197961350423
76561197961350426
76561197961350430
76561197961350433
76561197961350434
76561197961350435
76561197961350436
76561197961350438
76561197961350439
76561197961350440
76561197961350441
76561197961350443
76561197961350444
76561197961350445
76561197961350447
76561197961350452
76561197961350453
76561197961350454
76561197961350455
76561197961350456
76561197961350461
76561197961350464
76561197961350467
76561197961350468
76561197961350473
76561197961350475
76561197961350476
76561197961350477
76561197961350479
76561197961350480
76561197961350481
76561197961350482
76561197961350484
76561197961350486
76561197961350490
76561197961350491
76561197961350494
76561197961350495
76561197961350499
76561197961350500
76561197961350501
76561197961350502
76561197961350504
76561197961350505
76561197961350507
76561197961350508
76561197961350509
76561197961350511
76561197961350513
76561197961350514
76561197961350515
76561197961350516
76561197961350518
76561197961350519
76561197961350522
76561197961350523
76561197961350525
76561197961350526
76561197961350527
76561197961350529
76561197961350531
76561197961350533
76561197961350534
76561197961350536
76561197961350537
76561197961350539
76561197961350540
76561197961350541
76561197961350542
76561197961350543
76561197961350546
76561197961350547
76561197961350548
76561197961350551
76561197961350552
76561197961350554
76561197961350556
76561197961350558
76561197961350560
76561197961350561
76561197961350562
76561197961350564
76561197961350566
76561197961350567
76561197961350568
76561197961350574
76561197961350575
76561197961350577
76561197961350580
76561197961350581
76561197961350582
76561197961350585
76561197961350586
76561197961350588
76561197961350589
76561197961350591
76561197961350597
76561197961350600
76561197961350601
76561197961350602
76561197961350604
76561197961350605
76561197961350606
76561197961350607
76561197961350608
76561197961350609
76561197961350610
76561197961350611
76561197961350613
76561197961350615
76561197961350616
76561197961350618
76561197961350620
76561197961350622
76561197961350625
76561197961350627
76561197961350629
76561197961350631
76561197961350633
76561197961350635
76561197961350636
76561197961350637
76561197961350641
76561197961350644
76561197961350647
76561197961350648
76561197961350649
76561197961350650
76561197961350651
76561197961350653
76561197961350655
76561197961350657
76561197961350658
76561197961350659
76561197961350660
76561197961350661
76561197961350663
76561197961350664
76561197961350665
76561197961350666
76561197961350668
76561197961350669
76561197961350670
76561197961350674
76561197961350676
76561197961350677
76561197961350678
76561197961350679
76561197961350681
76561197961350682
76561197961350686
76561197961350690
76561197961350691
76561197961350693
76561197961350694
76561197961350695
76561197961350696
76561197961350697
76561197961350698
76561197961350700
76561197961350701
76561197961350706
76561197961350712
76561197961350713
76561197961350716
76561197961350717
76561197961350718
76561197961350722
76561197961350723
76561197961350727
76561197961350728
76561197961350732
76561197961350733
76561197961350734
76561197961350735
76561197961350736
76561197961350738
76561197961350740
76561197961350741
76561197961350742
76561197961350743
76561197961350744
76561197961350745
76561197961350746
76561197961350747
76561197961350748
76561197961350749
76561197961350751
76561197961350752
76561197961350753
76561197961350754
76561197961350758
76561197961350761
76561197961350763
76561197961350764
76561197961350766
76561197961350767
76561197961350769
76561197961350770
76561197961350771
76561197961350774
76561197961350776
76561197961350777
76561197961350778
76561197961350779
76561197961350780
76561197961350781
76561197961350782
76561197961350783
76561197961350785
76561197961350786
76561197961350787
76561197961350788
76561197961350790
76561197961350793
76561197961350794
76561197961350795
76561197961350797
76561197961350798
76561197961350799
76561197961350800
76561197961350801
76561197961350808
76561197961350810
76561197961350811
76561197961350812
76561197961350813
76561197961350816
76561197961350817
76561197961350818
76561197961350819
76561197961350820
76561197961350825
76561197961350826
76561197961350828
76561197961350830
76561197961350832
76561197961350833
76561197961350836
76561197961350837
76561197961350838
76561197961350839
76561197961350841
76561197961350842
76561197961350843
76561197961350845
76561197961350846
76561197961350848
76561197961350849
76561197961350850
76561197961350852
76561197961350854
76561197961350856
76561197961350857
76561197961350858
76561197961350861
76561197961350862
76561197961350863
76561197961350864
76561197961350867
76561197961350868
76561197961350869
76561197961350870
76561197961350871
76561197961350873
76561197961350875
76561197961350876
76561197961350878
76561197961350882
76561197961350884
76561197961350885
76561197961350886
76561197961350887
76561197961350889
76561197961350890
76561197961350891
76561197961350892
76561197961350893
76561197961350894
76561197961350895
76561197961350896
76561197961350897
76561197961350901
76561197961350902
76561197961350903
76561197961350906
76561197961350907
76561197961350909
76561197961350913
76561197961350915
76561197961350917
76561197961350918
76561197961350919
76561197961350920
76561197961350921
76561197961350922
76561197961350926
76561197961350927
76561197961350929
76561197961350930
76561197961350931
76561197961350933
76561197961350934
76561197961350937
76561197961350939
76561197961350941
76561197961350942
76561197961350945
76561197961350947
76561197961350949
76561197961350950
76561197961350951
76561197961350952
76561197961350953
76561197961350956
76561197961350959
76561197961350960
76561197961350961
76561197961350962
76561197961350963
76561197961350966
76561197961350972
76561197961350974
76561197961350975
76561197961350977
76561197961350981
76561197961350983
76561197961350984
76561197961350985
76561197961350986
76561197961350987
76561197961350988
76561197961350989
76561197961350990
76561197961350991
76561197961350992
76561197961350996
76561197961351001
76561197961351005
76561197961351006
76561197961351007
76561197961351010
76561197961351011
76561197961351013
76561197961351014
76561197961351015
76561197961351016
76561197961351017
76561197961351018
76561197961351020
76561197961351022
76561197961351027
76561197961351028
76561197961351030
76561197961351031
76561197961351033
76561197961351034
76561197961351035
76561197961351038
76561197961351039
76561197961351041
76561197961351042
76561197961351044
76561197961351046
76561197961351047
76561197961351050
76561197961351052
76561197961351053
76561197961351057
76561197961351058
76561197961351060
76561197961351063
76561197961351064
76561197961351065
76561197961351069
76561197961351071
76561197961351074
76561197961351077
76561197961351078
76561197961351079
76561197961351080
76561197961351082
76561197961351083
76561197961351085
76561197961351087
76561197961351088
76561197961351089
76561197961351091
76561197961351092
76561197961351095
76561197961351097
76561197961351100
76561197961351101
76561197961351103
76561197961351104
76561197961351107
76561197961351110
76561197961351112
76561197961351114
76561197961351115
76561197961351116
76561197961351117
76561197961351118
76561197961351119
76561197961351121
76561197961351122
76561197961351123
76561197961351125
76561197961351128
76561197961351132
76561197961351133
76561197961351137
76561197961351138
76561197961351142
76561197961351143
76561197961351146
76561197961351151
76561197961351153
76561197961351154
76561197961351155
76561197961351158
76561197961351159
76561197961351160
76561197961351162
76561197961351163
76561197961351165
76561197961351167
76561197961351168
76561197961351169
76561197961351173
76561197961351175
76561197961351177
76561197961351178
76561197961351181
76561197961351182
76561197961351184
76561197961351185
76561197961351187
76561197961351188
76561197961351189
76561197961351190
76561197961351191
76561197961351193
76561197961351194
76561197961351196
76561197961351199
76561197961351200
76561197961351201
76561197961351204
76561197961351205
76561197961351206
76561197961351207
76561197961351208
76561197961351210
76561197961351211
76561197961351212
76561197961351213
76561197961351217
76561197961351218
76561197961351219
76561197961351220
76561197961351222
76561197961351223
76561197961351225
76561197961351227
76561197961351230
76561197961351232
76561197961351236
76561197961351237
76561197961351238
76561197961351239
76561197961351242
76561197961351244
76561197961351245
76561197961351246
76561197961351248
76561197961351250
76561197961351251
76561197961351252
76561197961351253
76561197961351254
76561197961351256
76561197961351257
76561197961351258
76561197961351259
76561197961351261
76561197961351263
76561197961351264
76561197961351266
76561197961351268
76561197961351269
76561197961351270
76561197961351272
76561197961351273
76561197961351274
76561197961351275
76561197961351276
76561197961351279
76561197961351281
76561197961351283
76561197961351284
76561197961351285
76561197961351286
76561197961351288
76561197961351290
76561197961351291
76561197961351293
76561197961351295
76561197961351296
76561197961351297
76561197961351299
76561197961351301
76561197961351302
76561197961351306
76561197961351307
76561197961351309
76561197961351310
76561197961351311
76561197961351313
76561197961351314
76561197961351315
76561197961351317
76561197961351318
76561197961351320
76561197961351321
76561197961351323
76561197961351326
76561197961351330
76561197961351331
76561197961351333
76561197961351336
76561197961351338
76561197961351339
76561197961351340
76561197961351341
76561197961351342
76561197961351346
76561197961351349
76561197961351352
76561197961351354
76561197961351355
76561197961351358
76561197961351361
76561197961351364
76561197961351365
76561197961351366
76561197961351368
76561197961351370
76561197961351374
76561197961351375
76561197961351376
76561197961351377
76561197961351379
76561197961351380
76561197961351381
76561197961351382
76561197961351383
76561197961351385
76561197961351386
76561197961351388
76561197961351389
76561197961351390
76561197961351395
76561197961351397
76561197961351398
76561197961351399
76561197961351400
76561197961351401
76561197961351403
76561197961351405
76561197961351407
76561197961351410
76561197961351411
76561197961351412
76561197961351413
76561197961351416
76561197961351417
76561197961351419
76561197961351420
76561197961351421
76561197961351422
76561197961351423
76561197961351425
76561197961351426
76561197961351428
76561197961351429
76561197961351431
76561197961351432
76561197961351433
76561197961351434
76561197961351437
76561197961351438
76561197961351439
76561197961351440
76561197961351441
76561197961351444
76561197961351445
76561197961351448
76561197961351449
76561197961351450
76561197961351452
76561197961351454
76561197961351455
76561197961351456
76561197961351457
76561197961351459
76561197961351460
76561197961351461
76561197961351462
76561197961351464
76561197961351465
76561197961351467
76561197961351469
76561197961351471
76561197961351474
76561197961351475
76561197961351476
76561197961351479
76561197961351480
76561197961351481
76561197961351489
76561197961351492
76561197961351495
76561197961351496
76561197961351498
76561197961351500
76561197961351501
76561197961351502
76561197961351505
76561197961351506
76561197961351507
76561197961351508
76561197961351515
76561197961351516
76561197961351517
76561197961351518
76561197961351521
76561197961351522
76561197961351523
76561197961351526
76561197961351528
76561197961351530
76561197961351531
76561197961351532
76561197961351539
76561197961351540
76561197961351542
76561197961351544
76561197961351546
76561197961351549
76561197961351550
76561197961351552
76561197961351554
76561197961351555
76561197961351556
76561197961351558
76561197961351559
76561197961351560
76561197961351562
76561197961351565
76561197961351566
76561197961351567
76561197961351569
76561197961351570
76561197961351571
76561197961351572
76561197961351576
76561197961351578
76561197961351579
76561197961351583
76561197961351584
76561197961351585
76561197961351586
76561197961351587
76561197961351588
76561197961351589
76561197961351590
76561197961351591
76561197961351592
76561197961351593
76561197961351597
76561197961351598
76561197961351599
76561197961351600
76561197961351601
76561197961351604
76561197961351605
76561197961351607
76561197961351608
76561197961351610
76561197961351611
76561197961351612
76561197961351613
76561197961351615
76561197961351616
76561197961351617
76561197961351618
76561197961351619
76561197961351620
76561197961351621
76561197961351624
76561197961351625
76561197961351627
76561197961351628
76561197961351629
76561197961351631
76561197961351633
76561197961351634
76561197961351635
76561197961351636
76561197961351637
76561197961351638
76561197961351639
76561197961351640
76561197961351641
76561197961351642
76561197961351643
76561197961351644
76561197961351645
76561197961351646
76561197961351647
76561197961351651
76561197961351653
76561197961351654
76561197961351655
76561197961351656
76561197961351658
76561197961351660
76561197961351661
76561197961351662
76561197961351663
76561197961351667
76561197961351669
76561197961351670
76561197961351672
76561197961351673
76561197961351674
76561197961351675
76561197961351690
76561197961351734
76561197961351773
76561197961351779
76561197961351780
76561197961351782
76561197961351783
76561197961351784
76561197961351785
76561197961351787
76561197961351794
76561197961351795
76561197961351796
76561197961351797
76561197961351799
76561197961351801
76561197961351802
76561197961351803
76561197961351804
76561197961351805
76561197961351806
76561197961351809
76561197961351810
76561197961351811
76561197961351812
76561197961351816
76561197961351818
76561197961351820
76561197961351822
76561197961351825
76561197961351826
76561197961351828
76561197961351829
76561197961351830
76561197961351832
76561197961351833
76561197961351834
76561197961351835
76561197961351837
