76561197960467291
76561197960467294
76561197960467295
76561197960467297
76561197960467298
76561197960467299
76561197960467300
76561197960467303
76561197960467304
76561197960467307
76561197960467308
76561197960467311
76561197960467312
76561197960467314
76561197960467316
76561197960467318
76561197960467319
76561197960467320
76561197960467321
76561197960467322
76561197960467323
76561197960467324
76561197960467326
76561197960467327
76561197960467328
76561197960467330
76561197960467332
76561197960467333
76561197960467334
76561197960467335
76561197960467336
76561197960467337
76561197960467339
76561197960467340
76561197960467342
76561197960467344
76561197960467345
76561197960467346
76561197960467348
76561197960467349
76561197960467350
76561197960467352
76561197960467354
76561197960467356
76561197960467357
76561197960467358
76561197960467359
76561197960467361
76561197960467362
76561197960467363
76561197960467364
76561197960467366
76561197960467367
76561197960467368
76561197960467369
76561197960467370
76561197960467371
76561197960467372
76561197960467373
76561197960467374
76561197960467375
76561197960467376
76561197960467377
76561197960467379
76561197960467381
76561197960467382
76561197960467384
76561197960467385
76561197960467386
76561197960467389
76561197960467390
76561197960467391
76561197960467392
76561197960467393
76561197960467394
76561197960467395
76561197960467396
76561197960467397
76561197960467398
76561197960467399
76561197960467400
76561197960467404
76561197960467405
76561197960467406
76561197960467407
76561197960467408
76561197960467409
76561197960467410
76561197960467411
76561197960467412
76561197960467413
76561197960467417
76561197960467418
76561197960467419
76561197960467420
76561197960467421
76561197960467422
76561197960467423
76561197960467425
76561197960467426
76561197960467428
76561197960467429
76561197960467431
76561197960467433
76561197960467435
76561197960467437
76561197960467438
76561197960467439
76561197960467440
76561197960467441
76561197960467442
76561197960467445
76561197960467446
76561197960467448
76561197960467449
76561197960467450
76561197960467454
76561197960467455
76561197960467456
76561197960467457
76561197960467458
76561197960467459
76561197960467460
76561197960467462
76561197960467463
76561197960467465
76561197960467467
76561197960467470
76561197960467472
76561197960467473
76561197960467474
76561197960467475
76561197960467476
76561197960467479
76561197960467480
76561197960467481
76561197960467482
76561197960467483
76561197960467484
76561197960467487
76561197960467490
76561197960467491
76561197960467492
76561197960467495
76561197960467500
76561197960467501
76561197960467502
76561197960467503
76561197960467505
76561197960467507
76561197960467508
76561197960467509
76561197960467510
76561197960467511
76561197960467512
76561197960467513
76561197960467515
76561197960467516
76561197960467518
76561197960467519
76561197960467522
76561197960467523
76561197960467524
76561197960467525
76561197960467526
76561197960467527
76561197960467528
76561197960467529
76561197960467530
76561197960467533
76561197960467535
76561197960467538
76561197960467539
76561197960467540
76561197960467541
76561197960467543
76561197960467544
76561197960467545
76561197960467546
76561197960467548
76561197960467550
76561197960467551
76561197960467552
76561197960467554
76561197960467556
76561197960467557
76561197960467558
76561197960467559
76561197960467560
76561197960467561
76561197960467562
76561197960467563
76561197960467564
76561197960467565
76561197960467566
76561197960467567
76561197960467570
76561197960467571
76561197960467572
76561197960467575
76561197960467576
76561197960467577
76561197960467578
76561197960467579
76561197960467580
76561197960467581
76561197960467583
76561197960467584
76561197960467586
76561197960467588
76561197960467589
76561197960467592
76561197960467593
76561197960467594
76561197960467597
76561197960467600
76561197960467603
76561197960467604
76561197960467605
76561197960467606
76561197960467607
76561197960467608
76561197960467609
76561197960467610
76561197960467611
76561197960467612
76561197960467613
76561197960467614
76561197960467615
76561197960467616
76561197960467617
76561197960467619
76561197960467620
76561197960467622
76561197960467623
76561197960467624
76561197960467625
76561197960467626
76561197960467629
76561197960467630
76561197960467632
76561197960467633
76561197960467634
76561197960467635
76561197960467637
76561197960467639
76561197960467641
76561197960467643
76561197960467644
76561197960467645
76561197960467646
76561197960467648
76561197960467649
76561197960467650
76561197960467651
76561197960467652
76561197960467653
76561197960467654
76561197960467655
76561197960467658
76561197960467659
76561197960467660
76561197960467663
76561197960467665
76561197960467668
76561197960467669
76561197960467670
76561197960467671
76561197960467674
76561197960467675
76561197960467676
76561197960467677
76561197960467681
76561197960467682
76561197960467686
76561197960467687
76561197960467688
76561197960467690
76561197960467693
76561197960467694
76561197960467695
76561197960467696
76561197960467697
76561197960467698
76561197960467699
76561197960467700
76561197960467702
76561197960467704
76561197960467705
76561197960467706
76561197960467708
76561197960467710
76561197960467711
76561197960467712
76561197960467713
76561197960467714
76561197960467715
76561197960467718
76561197960467719
76561197960467720
76561197960467721
76561197960467722
76561197960467723
76561197960467724
76561197960467725
76561197960467726
76561197960467727
76561197960467728
76561197960467729
76561197960467732
76561197960467733
76561197960467735
76561197960467736
76561197960467740
76561197960467741
76561197960467742
76561197960467743
76561197960467745
76561197960467746
76561197960467748
76561197960467751
76561197960467752
76561197960467753
76561197960467754
76561197960467755
76561197960467758
76561197960467759
76561197960467760
76561197960467761
76561197960467762
76561197960467763
76561197960467766
76561197960467768
76561197960467769
76561197960467770
76561197960467771
76561197960467773
76561197960467774
76561197960467778
76561197960467779
76561197960467780
76561197960467783
76561197960467785
76561197960467786
76561197960467788
76561197960467789
76561197960467790
76561197960467791
76561197960467792
76561197960467794
76561197960467801
76561197960467802
76561197960467803
76561197960467804
76561197960467805
76561197960467806
76561197960467807
76561197960467809
76561197960467810
76561197960467811
76561197960467812
76561197960467813
76561197960467814
76561197960467815
76561197960467816
76561197960467817
76561197960467818
76561197960467819
76561197960467820
76561197960467821
76561197960467823
76561197960467824
76561197960467826
76561197960467829
76561197960467830
76561197960467831
76561197960467832
76561197960467833
76561197960467834
76561197960467835
76561197960467837
76561197960467838
76561197960467839
76561197960467841
76561197960467844
76561197960467846
76561197960467848
76561197960467849
76561197960467850
76561197960467851
76561197960467852
76561197960467854
76561197960467855
76561197960467857
76561197960467858
76561197960467859
76561197960467860
76561197960467862
76561197960467863
76561197960467865
76561197960467866
76561197960467868
76561197960467869
76561197960467870
76561197960467871
76561197960467872
76561197960467873
76561197960467876
76561197960467878
76561197960467879
76561197960467880
76561197960467881
76561197960467882
76561197960467883
76561197960467884
76561197960467886
76561197960467887
76561197960467888
76561197960467889
76561197960467890
76561197960467891
76561197960467892
76561197960467893
76561197960467894
76561197960467895
76561197960467896
76561197960467899
76561197960467900
76561197960467902
76561197960467903
76561197960467905
76561197960467906
76561197960467907
76561197960467908
76561197960467909
76561197960467911
76561197960467912
76561197960467913
76561197960467914
76561197960467915
76561197960467916
76561197960467918
76561197960467919
76561197960467920
76561197960467923
76561197960467925
76561197960467926
76561197960467927
76561197960467928
76561197960467929
76561197960467932
76561197960467933
76561197960467934
76561197960467935
76561197960467936
76561197960467938
76561197960467940
76561197960467941
76561197960467942
76561197960467943
76561197960467944
76561197960467945
76561197960467946
76561197960467947
76561197960467948
76561197960467949
76561197960467950
76561197960467951
76561197960467952
76561197960467953
76561197960467954
76561197960467955
76561197960467956
76561197960467957
76561197960467958
76561197960467959
76561197960467960
76561197960467962
76561197960467965
76561197960467966
76561197960467968
76561197960467969
76561197960467970
76561197960467971
76561197960467972
76561197960467976
76561197960467978
76561197960467979
76561197960467980
76561197960467982
76561197960467983
76561197960467984
76561197960467985
76561197960467986
76561197960467987
76561197960467988
76561197960467989
76561197960467990
76561197960467994
76561197960467995
76561197960467997
76561197960467998
76561197960468000
76561197960468001
76561197960468004
76561197960468005
76561197960468006
76561197960468008
76561197960468010
76561197960468012
76561197960468013
76561197960468014
76561197960468015
76561197960468016
76561197960468017
76561197960468019
76561197960468020
76561197960468021
76561197960468023
76561197960468024
76561197960468025
76561197960468026
76561197960468028
76561197960468029
76561197960468031
76561197960468032
76561197960468034
76561197960468037
76561197960468038
76561197960468040
76561197960468041
76561197960468042
76561197960468043
76561197960468044
76561197960468045
76561197960468046
76561197960468047
76561197960468048
76561197960468049
76561197960468052
76561197960468053
76561197960468054
76561197960468057
76561197960468060
76561197960468061
76561197960468063
76561197960468064
76561197960468065
76561197960468070
76561197960468071
76561197960468072
76561197960468073
76561197960468074
76561197960468077
76561197960468080
76561197960468081
76561197960468082
76561197960468085
76561197960468087
76561197960468088
76561197960468090
76561197960468092
76561197960468094
76561197960468096
76561197960468097
76561197960468098
76561197960468099
76561197960468100
76561197960468101
76561197960468102
76561197960468103
76561197960468104
76561197960468107
76561197960468109
76561197960468111
76561197960468112
76561197960468114
76561197960468115
76561197960468118
76561197960468119
76561197960468120
76561197960468122
76561197960468123
76561197960468125
76561197960468126
76561197960468127
76561197960468128
76561197960468130
76561197960468131
76561197960468134
76561197960468135
76561197960468136
76561197960468137
76561197960468139
76561197960468141
76561197960468142
76561197960468143
76561197960468144
76561197960468145
76561197960468147
76561197960468148
76561197960468150
76561197960468151
76561197960468153
76561197960468154
76561197960468156
76561197960468157
76561197960468158
76561197960468159
76561197960468160
76561197960468161
76561197960468162
76561197960468163
76561197960468165
76561197960468166
76561197960468167
76561197960468168
76561197960468169
76561197960468170
76561197960468171
76561197960468174
76561197960468175
76561197960468176
76561197960468178
76561197960468179
76561197960468180
76561197960468181
76561197960468182
76561197960468184
76561197960468185
76561197960468186
76561197960468187
76561197960468188
76561197960468189
76561197960468191
76561197960468192
76561197960468193
76561197960468194
76561197960468196
76561197960468197
76561197960468198
76561197960468199
76561197960468201
76561197960468202
76561197960468203
76561197960468206
76561197960468207
76561197960468209
76561197960468210
76561197960468211
76561197960468214
76561197960468216
76561197960468217
76561197960468218
76561197960468220
76561197960468221
76561197960468222
76561197960468224
76561197960468226
76561197960468227
76561197960468229
76561197960468230
76561197960468231
76561197960468234
76561197960468235
76561197960468237
76561197960468239
76561197960468240
76561197960468241
76561197960468242
76561197960468243
76561197960468244
76561197960468245
76561197960468246
76561197960468248
76561197960468251
76561197960468252
76561197960468253
76561197960468254
76561197960468256
76561197960468258
76561197960468261
76561197960468263
76561197960468264
76561197960468265
76561197960468266
76561197960468269
76561197960468270
76561197960468272
76561197960468274
76561197960468276
76561197960468277
76561197960468279
76561197960468280
76561197960468281
76561197960468282
76561197960468283
76561197960468284
76561197960468285
76561197960468286
76561197960468289
76561197960468293
76561197960468294
76561197960468295
76561197960468296
76561197960468297
76561197960468298
76561197960468299
76561197960468301
76561197960468303
76561197960468304
76561197960468305
76561197960468306
76561197960468307
76561197960468308
76561197960468309
76561197960468311
76561197960468315
76561197960468316
76561197960468318
76561197960468319
76561197960468320
76561197960468321
76561197960468323
76561197960468324
76561197960468327
76561197960468328
76561197960468329
76561197960468330
76561197960468331
76561197960468333
76561197960468334
76561197960468335
76561197960468336
76561197960468337
76561197960468338
76561197960468339
76561197960468340
76561197960468341
76561197960468342
76561197960468343
76561197960468345
76561197960468346
76561197960468347
76561197960468348
76561197960468349
76561197960468351
76561197960468352
76561197960468353
76561197960468354
76561197960468355
76561197960468358
76561197960468359
76561197960468360
76561197960468361
76561197960468362
76561197960468363
76561197960468365
76561197960468366
76561197960468368
76561197960468369
76561197960468370
76561197960468374
76561197960468375
76561197960468378
76561197960468382
76561197960468383
76561197960468384
76561197960468385
76561197960468387
76561197960468388
76561197960468395
76561197960468396
76561197960468398
76561197960468399
76561197960468400
76561197960468401
76561197960468404
76561197960468405
76561197960468406
76561197960468407
76561197960468408
76561197960468409
76561197960468411
76561197960468412
76561197960468413
76561197960468416
76561197960468417
76561197960468418
76561197960468419
76561197960468420
76561197960468422
76561197960468424
76561197960468425
76561197960468427
76561197960468428
76561197960468429
76561197960468432
76561197960468433
76561197960468434
76561197960468435
76561197960468436
76561197960468437
76561197960468438
76561197960468439
76561197960468440
76561197960468441
76561197960468444
76561197960468445
76561197960468446
76561197960468447
76561197960468448
76561197960468449
76561197960468450
76561197960468451
76561197960468452
76561197960468455
76561197960468458
76561197960468459
76561197960468460
76561197960468461
76561197960468462
76561197960468463
76561197960468467
76561197960468469
76561197960468470
76561197960468473
76561197960468475
76561197960468476
76561197960468478
76561197960468479
76561197960468480
76561197960468481
76561197960468482
76561197960468483
76561197960468484
76561197960468489
76561197960468490
76561197960468491
76561197960468492
76561197960468493
76561197960468494
76561197960468495
76561197960468497
76561197960468498
76561197960468499
76561197960468500
76561197960468501
76561197960468502
76561197960468503
76561197960468504
76561197960468506
76561197960468509
76561197960468510
76561197960468511
76561197960468513
76561197960468514
76561197960468515
76561197960468516
76561197960468517
76561197960468518
76561197960468520
76561197960468521
76561197960468524
76561197960468526
76561197960468527
76561197960468529
76561197960468530
76561197960468531
76561197960468532
76561197960468534
76561197960468535
76561197960468536
76561197960468537
76561197960468538
76561197960468539
76561197960468540
76561197960468541
76561197960468542
76561197960468543
76561197960468544
76561197960468545
76561197960468546
76561197960468547
76561197960468548
76561197960468549
76561197960468550
76561197960468552
76561197960468553
76561197960468554
76561197960468555
76561197960468556
76561197960468557
76561197960468559
76561197960468561
76561197960468562
76561197960468567
76561197960468568
76561197960468569
76561197960468572
76561197960468573
76561197960468574
76561197960468575
76561197960468576
76561197960468578
76561197960468579
76561197960468581
76561197960468582
76561197960468583
76561197960468584
76561197960468585
76561197960468588
76561197960468589
76561197960468590
76561197960468591
76561197960468592
76561197960468593
76561197960468594
76561197960468595
76561197960468598
76561197960468599
76561197960468600
76561197960468602
76561197960468603
76561197960468604
76561197960468605
76561197960468606
76561197960468607
76561197960468608
76561197960468609
76561197960468610
76561197960468611
76561197960468612
76561197960468613
76561197960468614
76561197960468615
76561197960468616
76561197960468617
76561197960468619
76561197960468620
76561197960468624
76561197960468625
76561197960468626
76561197960468627
76561197960468628
76561197960468630
76561197960468631
76561197960468632
76561197960468633
76561197960468634
76561197960468636
76561197960468637
76561197960468640
76561197960468642
76561197960468643
76561197960468644
76561197960468647
76561197960468649
76561197960468651
76561197960468652
76561197960468653
76561197960468654
76561197960468655
76561197960468656
76561197960468657
76561197960468658
76561197960468659
76561197960468662
76561197960468663
76561197960468665
76561197960468666
76561197960468667
76561197960468668
76561197960468669
76561197960468670
76561197960468671
76561197960468672
76561197960468673
76561197960468675
76561197960468678
76561197960468679
76561197960468680
76561197960468682
76561197960468683
76561197960468684
76561197960468685
76561197960468686
76561197960468688
76561197960468689
76561197960468691
76561197960468694
76561197960468695
76561197960468696
76561197960468697
76561197960468699
76561197960468700
76561197960468701
76561197960468702
76561197960468705
76561197960468706
