76561197960286321
76561197960286322
76561197960286323
76561197960286324
76561197960286325
76561197960286326
76561197960286328
76561197960286329
76561197960286330
76561197960286331
76561197960286332
76561197960286333
76561197960286334
76561197960286335
76561197960286336
76561197960286337
76561197960286338
76561197960286339
76561197960286340
76561197960286341
76561197960286342
76561197960286343
76561197960286344
76561197960286345
76561197960286346
76561197960286347
76561197960286348
76561197960286349
76561197960286350
76561197960286351
76561197960286352
76561197960286353
76561197960286354
76561197960286355
76561197960286356
76561197960286357
76561197960286358
76561197960286359
76561197960286360
76561197960286361
76561197960286362
76561197960286363
76561197960286364
76561197960286365
76561197960286366
76561197960286367
76561197960286369
76561197960286370
76561197960286371
76561197960286372
76561197960286373
76561197960286374
76561197960286375
76561197960286376
76561197960286378
76561197960286379
76561197960286380
76561197960286381
76561197960286384
76561197960286385
76561197960286386
76561197960286387
76561197960286388
76561197960286389
76561197960286390
76561197960286391
76561197960286392
76561197960286393
76561197960286394
76561197960286395
76561197960286397
76561197960286398
76561197960286400
76561197960286401
76561197960286403
76561197960286404
76561197960286405
76561197960286406
76561197960286407
76561197960286408
76561197960286410
76561197960286412
76561197960286413
76561197960286415
76561197960286416
76561197960286417
76561197960286419
76561197960286420
76561197960286421
76561197960286422
76561197960286424
76561197960286425
76561197960286426
76561197960286427
76561197960286428
76561197960286429
76561197960286430
76561197960286431
76561197960286432
76561197960286433
76561197960286434
76561197960286435
76561197960286436
76561197960286437
76561197960286438
76561197960286439
76561197960286440
76561197960286441
76561197960286442
76561197960286444
76561197960286446
76561197960286447
76561197960286448
76561197960286449
76561197960286450
76561197960286451
76561197960286453
76561197960286455
76561197960286456
76561197960286457
76561197960286459
76561197960286460
76561197960286462
76561197960286463
76561197960286464
76561197960286466
76561197960286467
76561197960286468
76561197960286469
76561197960286472
76561197960286473
76561197960286474
76561197960286475
76561197960286476
76561197960286477
76561197960286478
76561197960286479
76561197960286480
76561197960286481
76561197960286482
76561197960286483
76561197960286485
76561197960286486
76561197960286487
76561197960286488
76561197960286489
76561197960286490
76561197960286491
76561197960286492
76561197960286493
76561197960286494
76561197960286495
76561197960286496
76561197960286497
76561197960286498
76561197960286499
76561197960286500
76561197960286501
76561197960286502
76561197960286503
76561197960286505
76561197960286506
76561197960286507
76561197960286508
76561197960286509
76561197960286510
76561197960286511
76561197960286512
76561197960286513
76561197960286514
76561197960286515
76561197960286516
76561197960286517
76561197960286519
76561197960286520
76561197960286521
76561197960286522
76561197960286524
76561197960286525
76561197960286526
76561197960286527
76561197960286528
76561197960286529
76561197960286530
76561197960286531
76561197960286532
76561197960286533
76561197960286534
76561197960286535
76561197960286536
76561197960286537
76561197960286539
76561197960286540
76561197960286541
76561197960286542
76561197960286543
76561197960286544
76561197960286545
76561197960286546
76561197960286547
76561197960286548
76561197960286549
76561197960286550
76561197960286551
76561197960286552
76561197960286553
76561197960286554
76561197960286555
76561197960286556
76561197960286557
76561197960286558
76561197960286559
76561197960286560
76561197960286561
76561197960286562
76561197960286563
76561197960286564
76561197960286565
76561197960286566
76561197960286567
76561197960286568
76561197960286569
76561197960286570
76561197960286571
76561197960286572
76561197960286574
76561197960286575
76561197960286576
76561197960286577
76561197960286578
76561197960286579
76561197960286580
76561197960286581
76561197960286582
76561197960286583
76561197960286584
76561197960286585
76561197960286586
76561197960286587
76561197960286588
76561197960286589
76561197960286590
76561197960286591
76561197960286592
76561197960286593
76561197960286594
76561197960286595
76561197960286597
76561197960286598
76561197960286599
76561197960286601
76561197960286602
76561197960286603
76561197960286604
76561197960286605
76561197960286606
76561197960286607
76561197960286608
76561197960286610
76561197960286611
76561197960286612
76561197960286613
76561197960286614
76561197960286615
76561197960286616
76561197960286618
76561197960286619
76561197960286620
76561197960286622
76561197960286623
76561197960286624
76561197960286625
76561197960286626
76561197960286627
76561197960286628
76561197960286629
76561197960286630
76561197960286631
76561197960286632
76561197960286633
76561197960286634
76561197960286635
76561197960286636
76561197960286637
76561197960286639
76561197960286640
76561197960286641
76561197960286642
76561197960286643
76561197960286644
76561197960286645
76561197960286646
76561197960286647
76561197960286648
76561197960286649
76561197960286650
76561197960286651
76561197960286652
76561197960286653
76561197960286654
76561197960286656
76561197960286657
76561197960286658
76561197960286660
76561197960286661
76561197960286662
76561197960286663
76561197960286664
76561197960286665
76561197960286666
76561197960286667
76561197960286668
76561197960286669
76561197960286671
76561197960286672
76561197960286674
76561197960286675
76561197960286676
76561197960286677
76561197960286678
76561197960286679
76561197960286680
76561197960286681
76561197960286682
76561197960286683
76561197960286684
76561197960286685
76561197960286686
76561197960286687
76561197960286688
76561197960286689
76561197960286690
76561197960286691
76561197960286692
76561197960286694
76561197960286695
76561197960286696
76561197960286697
76561197960286698
76561197960286699
76561197960286700
76561197960286701
76561197960286702
76561197960286703
76561197960286704
76561197960286705
76561197960286706
76561197960286707
76561197960286708
76561197960286709
76561197960286710
76561197960286711
76561197960286712
76561197960286713
76561197960286714
76561197960286715
76561197960286716
76561197960286717
76561197960286718
76561197960286719
76561197960286720
76561197960286721
76561197960286722
76561197960286723
76561197960286724
76561197960286725
76561197960286727
76561197960286728
76561197960286729
76561197960286730
76561197960286731
76561197960286732
76561197960286733
76561197960286734
76561197960286736
76561197960286737
76561197960286738
76561197960286740
76561197960286741
76561197960286742
76561197960286744
76561197960286746
76561197960286747
76561197960286748
76561197960286749
76561197960286750
76561197960286751
76561197960286753
76561197960286754
76561197960286755
76561197960286756
76561197960286757
76561197960286758
76561197960286759
76561197960286760
76561197960286761
76561197960286762
76561197960286763
76561197960286764
76561197960286765
76561197960286766
76561197960286767
76561197960286768
76561197960286769
76561197960286770
76561197960286771
76561197960286772
76561197960286773
76561197960286774
76561197960286775
76561197960286777
76561197960286778
76561197960286779
76561197960286780
76561197960286781
76561197960286782
76561197960286783
76561197960286784
76561197960286785
76561197960286786
76561197960286787
76561197960286788
76561197960286789
76561197960286790
76561197960286791
76561197960286792
76561197960286793
76561197960286794
76561197960286795
76561197960286797
76561197960286798
76561197960286799
76561197960286801
76561197960286802
76561197960286803
76561197960286804
76561197960286805
76561197960286806
76561197960286807
76561197960286808
76561197960286809
76561197960286810
76561197960286811
76561197960286812
76561197960286813
76561197960286814
76561197960286815
76561197960286816
76561197960286817
76561197960286819
76561197960286820
76561197960286821
76561197960286822
76561197960286823
76561197960286824
76561197960286825
76561197960286826
76561197960286827
76561197960286828
76561197960286829
76561197960286830
76561197960286831
76561197960286832
76561197960286833
76561197960286835
76561197960286836
76561197960286837
76561197960286839
76561197960286840
76561197960286841
76561197960286842
76561197960286843
76561197960286844
76561197960286845
76561197960286846
76561197960286847
76561197960286848
76561197960286849
76561197960286850
76561197960286851
76561197960286852
76561197960286853
76561197960286856
76561197960286857
76561197960286858
76561197960286859
76561197960286860
76561197960286861
76561197960286862
76561197960286863
76561197960286864
76561197960286865
76561197960286866
76561197960286868
76561197960286869
76561197960286870
76561197960286871
76561197960286872
76561197960286874
76561197960286875
76561197960286876
76561197960286877
76561197960286878
76561197960286879
76561197960286880
76561197960286881
76561197960286883
76561197960286884
76561197960286885
76561197960286886
76561197960286887
76561197960286888
76561197960286889
76561197960286891
76561197960286893
76561197960286894
76561197960286895
76561197960286896
76561197960286897
76561197960286898
76561197960286899
76561197960286901
76561197960286902
76561197960286903
76561197960286904
76561197960286905
76561197960286907
76561197960286908
76561197960286909
76561197960286910
76561197960286911
76561197960286912
76561197960286913
76561197960286914
76561197960286915
76561197960286917
76561197960286918
76561197960286919
76561197960286920
76561197960286921
76561197960286923
76561197960286924
76561197960286926
76561197960286927
76561197960286929
76561197960286930
76561197960286931
76561197960286932
76561197960286933
76561197960286934
76561197960286935
76561197960286936
76561197960286938
76561197960286939
76561197960286940
76561197960286941
76561197960286942
76561197960286946
76561197960286947
76561197960286948
76561197960286949
76561197960286950
76561197960286951
76561197960286952
76561197960286953
76561197960286954
76561197960286955
76561197960286956
76561197960286957
76561197960286960
76561197960286961
76561197960286962
76561197960286963
76561197960286964
76561197960286965
76561197960286966
76561197960286967
76561197960286968
76561197960286969
76561197960286970
76561197960286972
76561197960286973
76561197960286974
76561197960286975
76561197960286976
76561197960286977
76561197960286978
76561197960286979
76561197960286980
76561197960286981
76561197960286982
76561197960286983
76561197960286984
76561197960286985
76561197960286986
76561197960286987
76561197960286988
76561197960286990
76561197960286991
76561197960286992
76561197960286993
76561197960286994
76561197960286995
76561197960286996
76561197960286997
76561197960286998
76561197960286999
76561197960287000
76561197960287001
76561197960287002
76561197960287003
76561197960287006
76561197960287008
76561197960287009
76561197960287010
76561197960287011
76561197960287012
76561197960287013
76561197960287014
76561197960287015
76561197960287016
76561197960287017
76561197960287018
76561197960287019
76561197960287020
76561197960287021
76561197960287024
76561197960287025
76561197960287026
76561197960287027
76561197960287028
76561197960287029
76561197960287030
76561197960287031
76561197960287032
76561197960287033
76561197960287034
76561197960287035
76561197960287036
76561197960287037
76561197960287038
76561197960287039
76561197960287040
76561197960287042
76561197960287043
76561197960287044
76561197960287045
76561197960287046
76561197960287047
76561197960287048
76561197960287049
76561197960287050
76561197960287052
76561197960287053
76561197960287054
76561197960287055
76561197960287056
76561197960287057
76561197960287058
76561197960287060
76561197960287061
76561197960287062
76561197960287064
76561197960287066
76561197960287067
76561197960287068
76561197960287069
76561197960287070
76561197960287071
76561197960287072
76561197960287073
76561197960287074
76561197960287076
76561197960287077
76561197960287078
76561197960287080
76561197960287081
76561197960287082
76561197960287083
76561197960287086
76561197960287087
76561197960287088
76561197960287089
76561197960287090
76561197960287091
76561197960287092
76561197960287093
76561197960287094
76561197960287095
76561197960287096
76561197960287097
76561197960287098
76561197960287100
76561197960287102
76561197960287103
76561197960287104
76561197960287106
76561197960287107
76561197960287108
76561197960287109
76561197960287110
76561197960287112
76561197960287113
76561197960287115
76561197960287116
76561197960287117
76561197960287118
76561197960287119
76561197960287120
76561197960287121
76561197960287122
76561197960287123
76561197960287124
76561197960287125
76561197960287126
76561197960287127
76561197960287128
76561197960287129
76561197960287130
76561197960287131
76561197960287132
76561197960287134
76561197960287135
76561197960287136
76561197960287139
76561197960287140
76561197960287141
76561197960287142
76561197960287143
76561197960287144
76561197960287145
76561197960287146
76561197960287148
76561197960287150
76561197960287151
76561197960287152
76561197960287153
76561197960287155
76561197960287156
76561197960287157
76561197960287158
76561197960287159
76561197960287160
76561197960287161
76561197960287162
76561197960287164
76561197960287165
76561197960287166
76561197960287167
76561197960287168
76561197960287169
76561197960287170
76561197960287172
76561197960287173
76561197960287174
76561197960287175
76561197960287176
76561197960287177
76561197960287178
76561197960287179
76561197960287180
76561197960287182
76561197960287183
76561197960287184
76561197960287185
76561197960287186
76561197960287187
76561197960287188
76561197960287189
76561197960287190
76561197960287191
76561197960287192
76561197960287193
76561197960287194
76561197960287195
76561197960287196
76561197960287197
76561197960287198
76561197960287199
76561197960287200
76561197960287201
76561197960287202
76561197960287203
76561197960287204
76561197960287206
76561197960287207
76561197960287208
76561197960287209
76561197960287211
76561197960287212
76561197960287213
76561197960287214
76561197960287215
76561197960287216
76561197960287217
76561197960287218
76561197960287219
76561197960287220
76561197960287221
76561197960287222
76561197960287223
76561197960287224
76561197960287225
76561197960287226
76561197960287227
76561197960287228
76561197960287229
76561197960287230
76561197960287231
76561197960287232
76561197960287233
76561197960287234
76561197960287235
76561197960287236
76561197960287237
76561197960287238
76561197960287239
76561197960287240
76561197960287241
76561197960287242
76561197960287243
76561197960287244
76561197960287245
76561197960287246
76561197960287247
76561197960287248
76561197960287250
76561197960287251
76561197960287252
76561197960287253
76561197960287254
76561197960287255
76561197960287256
76561197960287257
76561197960287258
76561197960287259
76561197960287260
76561197960287262
76561197960287263
76561197960287264
76561197960287265
76561197960287266
76561197960287267
76561197960287268
76561197960287269
76561197960287271
76561197960287272
76561197960287273
76561197960287274
76561197960287275
76561197960287276
76561197960287277
76561197960287278
76561197960287279
76561197960287280
76561197960287281
76561197960287282
76561197960287283
76561197960287284
76561197960287285
76561197960287286
76561197960287287
76561197960287288
76561197960287289
76561197960287290
76561197960287291
76561197960287292
76561197960287293
76561197960287294
76561197960287297
76561197960287298
76561197960287299
76561197960287300
76561197960287301
76561197960287302
76561197960287303
76561197960287304
76561197960287305
76561197960287307
76561197960287308
76561197960287309
76561197960287310
76561197960287311
76561197960287312
76561197960287313
76561197960287314
76561197960287315
76561197960287316
76561197960287317
76561197960287319
76561197960287320
76561197960287321
76561197960287322
76561197960287324
76561197960287325
76561197960287326
76561197960287327
76561197960287328
76561197960287329
76561197960287330
76561197960287331
76561197960287332
76561197960287333
76561197960287334
76561197960287335
76561197960287336
76561197960287337
76561197960287338
76561197960287339
76561197960287340
76561197960287341
76561197960287342
76561197960287343
76561197960287344
76561197960287345
76561197960287346
76561197960287347
76561197960287348
76561197960287349
76561197960287351
76561197960287352
76561197960287353
76561197960287354
76561197960287356
76561197960287357
76561197960287358
76561197960287359
76561197960287360
76561197960287361
76561197960287362
76561197960287364
76561197960287365
76561197960287368
76561197960287369
76561197960287370
76561197960287371
76561197960287372
76561197960287373
76561197960287374
76561197960287375
76561197960287376
76561197960287378
76561197960287379
76561197960287380
76561197960287381
76561197960287382
76561197960287384
76561197960287386
76561197960287387
76561197960287388
76561197960287390
76561197960287391
76561197960287392
76561197960287393
76561197960287394
76561197960287395
76561197960287396
76561197960287397
76561197960287398
76561197960287399
76561197960287400
76561197960287401
76561197960287402
76561197960287403
76561197960287404
76561197960287405
76561197960287406
76561197960287407
76561197960287408
76561197960287409
76561197960287410
76561197960287411
76561197960287412
76561197960287413
76561197960287414
76561197960287415
76561197960287416
76561197960287417
76561197960287419
76561197960287420
76561197960287421
76561197960287422
76561197960287423
76561197960287424
76561197960287425
76561197960287426
76561197960287427
76561197960287428
76561197960287429
76561197960287430
76561197960287431
76561197960287432
76561197960287433
76561197960287435
76561197960287436
76561197960287437
76561197960287438
76561197960287439
76561197960287440
76561197960287441
