76561197961559984
76561197961559991
76561197961559992
76561197961559993
76561197961559995
76561197961559996
76561197961559998
76561197961559999
76561197961560000
76561197961560003
76561197961560004
76561197961560006
76561197961560007
76561197961560008
76561197961560010
76561197961560011
76561197961560014
76561197961560016
76561197961560019
76561197961560021
76561197961560022
76561197961560023
76561197961560024
76561197961560026
76561197961560027
76561197961560028
76561197961560031
76561197961560033
76561197961560034
76561197961560037
76561197961560038
76561197961560043
76561197961560044
76561197961560045
76561197961560046
76561197961560048
76561197961560050
76561197961560051
76561197961560052
76561197961560054
76561197961560055
76561197961560056
76561197961560061
76561197961560062
76561197961560063
76561197961560064
76561197961560065
76561197961560066
76561197961560067
76561197961560068
76561197961560069
76561197961560071
76561197961560073
76561197961560076
76561197961560078
76561197961560082
76561197961560086
76561197961560090
76561197961560091
76561197961560094
76561197961560096
76561197961560097
76561197961560100
76561197961560101
76561197961560102
76561197961560108
76561197961560109
76561197961560110
76561197961560114
76561197961560116
76561197961560117
76561197961560118
76561197961560121
76561197961560122
76561197961560123
76561197961560126
76561197961560128
76561197961560130
76561197961560132
76561197961560135
76561197961560136
76561197961560137
76561197961560139
76561197961560140
76561197961560146
76561197961560150
76561197961560152
76561197961560155
76561197961560158
76561197961560159
76561197961560160
76561197961560161
76561197961560162
76561197961560164
76561197961560166
76561197961560167
76561197961560169
76561197961560170
76561197961560173
76561197961560174
76561197961560175
76561197961560176
76561197961560179
76561197961560180
76561197961560182
76561197961560184
76561197961560186
76561197961560187
76561197961560189
76561197961560193
76561197961560195
76561197961560200
76561197961560201
76561197961560202
76561197961560204
76561197961560205
76561197961560206
76561197961560207
76561197961560212
76561197961560213
76561197961560214
76561197961560218
76561197961560220
76561197961560221
76561197961560222
76561197961560224
76561197961560228
76561197961560231
76561197961560234
76561197961560238
76561197961560239
76561197961560242
76561197961560243
76561197961560246
76561197961560248
76561197961560249
76561197961560251
76561197961560252
76561197961560254
76561197961560256
76561197961560258
76561197961560261
76561197961560262
76561197961560263
76561197961560264
76561197961560265
76561197961560267
76561197961560268
76561197961560270
76561197961560272
76561197961560273
76561197961560274
76561197961560275
76561197961560276
76561197961560278
76561197961560279
76561197961560280
76561197961560284
76561197961560286
76561197961560287
76561197961560288
76561197961560289
76561197961560291
76561197961560292
76561197961560293
76561197961560294
76561197961560296
76561197961560297
76561197961560299
76561197961560305
76561197961560307
76561197961560308
76561197961560310
76561197961560313
76561197961560314
76561197961560316
76561197961560317
76561197961560318
76561197961560319
76561197961560320
76561197961560322
76561197961560323
76561197961560325
76561197961560327
76561197961560328
76561197961560330
76561197961560331
76561197961560336
76561197961560337
76561197961560339
76561197961560340
76561197961560342
76561197961560346
76561197961560350
76561197961560352
76561197961560354
76561197961560355
76561197961560356
76561197961560357
76561197961560358
76561197961560360
76561197961560364
76561197961560365
76561197961560366
76561197961560367
76561197961560372
76561197961560373
76561197961560377
76561197961560378
76561197961560380
76561197961560383
76561197961560386
76561197961560387
76561197961560391
76561197961560392
76561197961560394
76561197961560397
76561197961560398
76561197961560399
76561197961560402
76561197961560403
76561197961560406
76561197961560407
76561197961560412
76561197961560415
76561197961560420
76561197961560422
76561197961560423
76561197961560425
76561197961560428
76561197961560430
76561197961560431
76561197961560432
76561197961560435
76561197961560436
76561197961560438
76561197961560447
76561197961560448
76561197961560449
76561197961560450
76561197961560452
76561197961560455
76561197961560458
76561197961560465
76561197961560467
76561197961560470
76561197961560471
76561197961560472
76561197961560473
76561197961560474
76561197961560476
76561197961560477
76561197961560478
76561197961560483
76561197961560485
76561197961560487
76561197961560489
76561197961560490
76561197961560491
76561197961560492
76561197961560495
76561197961560496
76561197961560497
76561197961560498
76561197961560500
76561197961560503
76561197961560504
76561197961560507
76561197961560508
76561197961560509
76561197961560510
76561197961560512
76561197961560514
76561197961560517
76561197961560518
76561197961560520
76561197961560521
76561197961560522
76561197961560523
76561197961560525
76561197961560532
76561197961560535
76561197961560536
76561197961560540
76561197961560541
76561197961560546
76561197961560551
76561197961560553
76561197961560554
76561197961560555
76561197961560556
76561197961560557
76561197961560558
76561197961560560
76561197961560562
76561197961560565
76561197961560567
76561197961560568
76561197961560569
76561197961560571
76561197961560572
76561197961560574
76561197961560576
76561197961560577
76561197961560580
76561197961560581
76561197961560584
76561197961560586
76561197961560588
76561197961560589
76561197961560590
76561197961560591
76561197961560593
76561197961560595
76561197961560596
76561197961560597
76561197961560598
76561197961560600
76561197961560603
76561197961560605
76561197961560606
76561197961560608
76561197961560610
76561197961560612
76561197961560613
76561197961560617
76561197961560621
76561197961560622
76561197961560625
76561197961560627
76561197961560628
76561197961560629
76561197961560630
76561197961560632
76561197961560633
76561197961560636
76561197961560638
76561197961560640
76561197961560641
76561197961560642
76561197961560646
76561197961560647
76561197961560648
76561197961560650
76561197961560651
76561197961560652
76561197961560654
76561197961560657
76561197961560658
76561197961560660
76561197961560664
76561197961560665
76561197961560666
76561197961560668
76561197961560670
76561197961560671
76561197961560675
76561197961560681
76561197961560682
76561197961560684
76561197961560686
76561197961560687
76561197961560688
76561197961560689
76561197961560690
76561197961560691
76561197961560693
76561197961560695
76561197961560699
76561197961560700
76561197961560704
76561197961560706
76561197961560709
76561197961560711
76561197961560712
76561197961560717
76561197961560718
76561197961560719
76561197961560720
76561197961560724
76561197961560729
76561197961560731
76561197961560732
76561197961560733
76561197961560734
76561197961560737
76561197961560738
76561197961560740
76561197961560741
76561197961560742
76561197961560743
76561197961560746
76561197961560748
76561197961560751
76561197961560752
76561197961560754
76561197961560755
76561197961560756
76561197961560761
76561197961560762
76561197961560763
76561197961560764
76561197961560765
76561197961560766
76561197961560768
76561197961560770
76561197961560773
76561197961560774
76561197961560778
76561197961560779
76561197961560782
76561197961560786
76561197961560789
76561197961560790
76561197961560791
76561197961560792
76561197961560795
76561197961560796
76561197961560797
76561197961560799
76561197961560800
76561197961560802
76561197961560804
76561197961560806
76561197961560808
76561197961560809
76561197961560815
76561197961560816
76561197961560817
76561197961560818
76561197961560820
76561197961560822
76561197961560823
76561197961560824
76561197961560825
76561197961560826
76561197961560828
76561197961560832
76561197961560837
76561197961560838
76561197961560839
76561197961560843
76561197961560844
76561197961560848
76561197961560849
76561197961560850
76561197961560851
76561197961560852
76561197961560854
76561197961560859
76561197961560860
76561197961560864
76561197961560866
76561197961560871
76561197961560874
76561197961560875
76561197961560876
76561197961560877
76561197961560878
76561197961560881
76561197961560884
76561197961560885
76561197961560888
76561197961560889
76561197961560890
76561197961560891
76561197961560892
76561197961560893
76561197961560894
76561197961560895
76561197961560896
76561197961560898
76561197961560899
76561197961560901
76561197961560902
76561197961560904
76561197961560905
76561197961560906
76561197961560907
76561197961560908
76561197961560909
76561197961560911
76561197961560913
76561197961560916
76561197961560917
76561197961560918
76561197961560923
76561197961560924
76561197961560928
76561197961560930
76561197961560934
76561197961560935
76561197961560936
76561197961560939
76561197961560942
76561197961560943
76561197961560951
76561197961560953
76561197961560961
76561197961560962
76561197961560963
76561197961560964
76561197961560967
76561197961560970
76561197961560975
76561197961560977
76561197961560979
76561197961560980
76561197961560981
76561197961560982
76561197961560983
76561197961560985
76561197961560986
76561197961560987
76561197961560990
76561197961560991
76561197961560992
76561197961560994
76561197961560995
76561197961560996
76561197961560998
76561197961560999
76561197961561002
76561197961561003
76561197961561004
76561197961561005
76561197961561006
76561197961561007
76561197961561010
76561197961561011
76561197961561012
76561197961561013
76561197961561015
76561197961561016
76561197961561017
76561197961561018
76561197961561020
76561197961561021
76561197961561022
76561197961561023
76561197961561027
76561197961561029
76561197961561030
76561197961561031
76561197961561033
76561197961561034
76561197961561035
76561197961561036
76561197961561037
76561197961561038
76561197961561039
76561197961561043
76561197961561048
76561197961561049
76561197961561051
76561197961561053
76561197961561055
76561197961561056
76561197961561057
76561197961561059
76561197961561061
76561197961561062
76561197961561063
76561197961561064
76561197961561068
76561197961561070
76561197961561071
76561197961561074
76561197961561075
76561197961561077
76561197961561078
76561197961561080
76561197961561081
76561197961561082
76561197961561083
76561197961561084
76561197961561086
76561197961561087
76561197961561088
76561197961561090
76561197961561095
76561197961561096
76561197961561097
76561197961561098
76561197961561100
76561197961561101
76561197961561102
76561197961561103
76561197961561107
76561197961561108
76561197961561110
76561197961561111
76561197961561112
76561197961561114
76561197961561115
76561197961561116
76561197961561117
76561197961561120
76561197961561123
76561197961561125
76561197961561126
76561197961561130
76561197961561134
76561197961561136
76561197961561138
76561197961561139
76561197961561140
76561197961561141
76561197961561144
76561197961561145
76561197961561146
76561197961561147
76561197961561148
76561197961561150
76561197961561154
76561197961561155
76561197961561156
76561197961561158
76561197961561161
76561197961561162
76561197961561164
76561197961561165
76561197961561166
76561197961561170
76561197961561174
76561197961561175
76561197961561176
76561197961561177
76561197961561178
76561197961561179
76561197961561180
76561197961561181
76561197961561182
76561197961561183
76561197961561184
76561197961561185
76561197961561186
76561197961561187
76561197961561188
76561197961561189
76561197961561191
76561197961561193
76561197961561195
76561197961561196
76561197961561198
76561197961561199
76561197961561200
76561197961561201
76561197961561203
76561197961561204
76561197961561206
76561197961561207
76561197961561208
76561197961561214
76561197961561215
76561197961561218
76561197961561221
76561197961561223
76561197961561225
76561197961561229
76561197961561230
76561197961561231
76561197961561234
76561197961561235
76561197961561237
76561197961561241
76561197961561242
76561197961561243
76561197961561246
76561197961561247
76561197961561249
76561197961561250
76561197961561251
76561197961561252
76561197961561257
76561197961561258
76561197961561259
76561197961561261
76561197961561264
76561197961561265
76561197961561267
76561197961561272
76561197961561273
76561197961561275
76561197961561276
76561197961561278
76561197961561279
76561197961561280
76561197961561282
76561197961561284
76561197961561285
76561197961561286
76561197961561287
76561197961561288
76561197961561289
76561197961561291
76561197961561294
76561197961561296
76561197961561297
76561197961561299
76561197961561301
76561197961561302
76561197961561306
76561197961561310
76561197961561312
76561197961561314
76561197961561320
76561197961561321
76561197961561323
76561197961561324
76561197961561325
76561197961561327
76561197961561330
76561197961561331
76561197961561332
76561197961561333
76561197961561334
76561197961561337
76561197961561338
76561197961561341
76561197961561342
76561197961561348
76561197961561349
76561197961561352
76561197961561353
76561197961561354
76561197961561355
76561197961561358
76561197961561359
76561197961561364
76561197961561367
76561197961561368
76561197961561370
76561197961561371
76561197961561372
76561197961561373
76561197961561374
76561197961561376
76561197961561378
76561197961561380
76561197961561381
76561197961561383
76561197961561384
76561197961561386
76561197961561387
76561197961561388
76561197961561392
76561197961561393
76561197961561394
76561197961561395
76561197961561396
76561197961561398
76561197961561401
76561197961561404
76561197961561408
76561197961561409
76561197961561410
76561197961561411
76561197961561412
76561197961561413
76561197961561416
76561197961561418
76561197961561423
76561197961561426
76561197961561427
76561197961561428
76561197961561429
76561197961561430
76561197961561431
76561197961561433
76561197961561436
76561197961561437
76561197961561439
76561197961561441
76561197961561447
76561197961561448
76561197961561449
76561197961561454
76561197961561456
76561197961561460
76561197961561461
76561197961561462
76561197961561464
76561197961561465
76561197961561466
76561197961561468
76561197961561469
76561197961561470
76561197961561472
76561197961561475
76561197961561477
76561197961561480
76561197961561482
76561197961561484
76561197961561485
76561197961561487
76561197961561490
76561197961561491
76561197961561498
76561197961561499
76561197961561500
76561197961561501
76561197961561504
76561197961561506
76561197961561508
76561197961561509
76561197961561511
76561197961561513
76561197961561514
76561197961561516
76561197961561520
76561197961561522
76561197961561525
76561197961561526
76561197961561528
76561197961561529
76561197961561530
76561197961561533
76561197961561535
76561197961561536
76561197961561537
76561197961561538
76561197961561539
76561197961561540
76561197961561541
76561197961561542
76561197961561543
76561197961561544
76561197961561545
76561197961561549
76561197961561553
76561197961561554
76561197961561555
76561197961561556
76561197961561557
76561197961561558
76561197961561560
76561197961561561
76561197961561565
76561197961561567
76561197961561568
76561197961561569
76561197961561570
76561197961561572
76561197961561573
76561197961561577
76561197961561579
76561197961561581
76561197961561582
76561197961561583
76561197961561584
76561197961561589
76561197961561593
76561197961561594
76561197961561596
76561197961561598
76561197961561603
76561197961561604
76561197961561605
76561197961561608
76561197961561609
76561197961561610
76561197961561611
76561197961561614
76561197961561615
76561197961561616
76561197961561617
76561197961561618
76561197961561619
76561197961561620
76561197961561621
76561197961561623
76561197961561624
76561197961561625
76561197961561626
76561197961561627
76561197961561628
76561197961561629
76561197961561631
76561197961561634
76561197961561635
76561197961561636
76561197961561638
76561197961561639
76561197961561641
76561197961561642
76561197961561644
76561197961561647
76561197961561648
76561197961561650
76561197961561651
76561197961561652
76561197961561654
76561197961561655
76561197961561658
76561197961561659
76561197961561660
76561197961561662
76561197961561664
76561197961561665
76561197961561666
76561197961561667
76561197961561668
76561197961561670
76561197961561672
76561197961561673
76561197961561676
76561197961561678
76561197961561679
76561197961561680
76561197961561684
76561197961561685
76561197961561687
76561197961561688
76561197961561693
76561197961561694
76561197961561696
76561197961561697
76561197961561698
76561197961561700
76561197961561701
76561197961561703
76561197961561705
76561197961561706
76561197961561707
76561197961561708
76561197961561709
76561197961561710
76561197961561711
76561197961561713
76561197961561714
76561197961561715
76561197961561717
76561197961561719
76561197961561726
76561197961561728
76561197961561729
76561197961561731
76561197961561732
76561197961561733
76561197961561737
76561197961561738
76561197961561739
76561197961561741
76561197961561745
76561197961561746
76561197961561750
76561197961561751
76561197961561752
76561197961561754
76561197961561756
76561197961561758
76561197961561761
76561197961561764
76561197961561766
76561197961561767
76561197961561769
76561197961561771
76561197961561772
76561197961561773
76561197961561775
76561197961561777
76561197961561779
76561197961561780
76561197961561781
76561197961561783
76561197961561784
76561197961561786
76561197961561788
76561197961561790
76561197961561791
76561197961561793
76561197961561794
76561197961561795
76561197961561796
76561197961561797
76561197961561798
76561197961561799
76561197961561801
76561197961561802
76561197961561804
76561197961561805
76561197961561806
76561197961561807
76561197961561808
76561197961561810
76561197961561811
76561197961561812
76561197961561814
76561197961561815
76561197961561817
76561197961561820
76561197961561821
76561197961561822
76561197961561824
76561197961561825
76561197961561826
76561197961561830
76561197961561831
76561197961561832
