76561197960914133
76561197960914134
76561197960914135
76561197960914136
76561197960914137
76561197960914140
76561197960914141
76561197960914145
76561197960914149
76561197960914150
76561197960914152
76561197960914153
76561197960914154
76561197960914156
76561197960914157
76561197960914158
76561197960914159
76561197960914160
76561197960914161
76561197960914162
76561197960914163
76561197960914164
76561197960914165
76561197960914167
76561197960914170
76561197960914171
76561197960914180
76561197960914184
76561197960914186
76561197960914187
76561197960914190
76561197960914191
76561197960914193
76561197960914195
76561197960914196
76561197960914201
76561197960914205
76561197960914206
76561197960914207
76561197960914209
76561197960914213
76561197960914215
76561197960914222
76561197960914223
76561197960914226
76561197960914227
76561197960914228
76561197960914229
76561197960914230
76561197960914231
76561197960914232
76561197960914233
76561197960914234
76561197960914238
76561197960914242
76561197960914245
76561197960914250
76561197960914252
76561197960914254
76561197960914259
76561197960914260
76561197960914261
76561197960914263
76561197960914264
76561197960914265
76561197960914268
76561197960914272
76561197960914274
76561197960914275
76561197960914278
76561197960914280
76561197960914281
76561197960914282
76561197960914283
76561197960914284
76561197960914287
76561197960914291
76561197960914294
76561197960914296
76561197960914297
76561197960914298
76561197960914300
76561197960914303
76561197960914308
76561197960914309
76561197960914311
76561197960914315
76561197960914316
76561197960914318
76561197960914319
76561197960914320
76561197960914321
76561197960914324
76561197960914325
76561197960914326
76561197960914327
76561197960914329
76561197960914333
76561197960914334
76561197960914335
76561197960914337
76561197960914338
76561197960914341
76561197960914344
76561197960914345
76561197960914347
76561197960914349
76561197960914354
76561197960914357
76561197960914358
76561197960914364
76561197960914365
76561197960914367
76561197960914368
76561197960914374
76561197960914378
76561197960914379
76561197960914387
76561197960914388
76561197960914389
76561197960914390
76561197960914394
76561197960914395
76561197960914396
76561197960914398
76561197960914400
76561197960914401
76561197960914402
76561197960914404
76561197960914406
76561197960914407
76561197960914411
76561197960914413
76561197960914416
76561197960914417
76561197960914422
76561197960914430
76561197960914431
76561197960914434
76561197960914435
76561197960914436
76561197960914438
76561197960914440
76561197960914441
76561197960914443
76561197960914445
76561197960914447
76561197960914448
76561197960914450
76561197960914452
76561197960914453
76561197960914454
76561197960914455
76561197960914457
76561197960914459
76561197960914461
76561197960914464
76561197960914466
76561197960914469
76561197960914471
76561197960914475
76561197960914476
76561197960914478
76561197960914482
76561197960914486
76561197960914487
76561197960914490
76561197960914492
76561197960914495
76561197960914496
76561197960914498
76561197960914500
76561197960914504
76561197960914505
76561197960914506
76561197960914507
76561197960914510
76561197960914511
76561197960914512
76561197960914514
76561197960914515
76561197960914516
76561197960914518
76561197960914521
76561197960914522
76561197960914523
76561197960914524
76561197960914525
76561197960914526
76561197960914528
76561197960914529
76561197960914531
76561197960914533
76561197960914536
76561197960914537
76561197960914538
76561197960914539
76561197960914540
76561197960914541
76561197960914543
76561197960914544
76561197960914545
76561197960914547
76561197960914548
76561197960914549
76561197960914550
76561197960914553
76561197960914555
76561197960914556
76561197960914557
76561197960914558
76561197960914559
76561197960914560
76561197960914561
76561197960914562
76561197960914566
76561197960914568
76561197960914569
76561197960914570
76561197960914575
76561197960914576
76561197960914577
76561197960914579
76561197960914580
76561197960914582
76561197960914583
76561197960914586
76561197960914588
76561197960914589
76561197960914592
76561197960914596
76561197960914597
76561197960914598
76561197960914599
76561197960914602
76561197960914604
76561197960914606
76561197960914607
76561197960914609
76561197960914610
76561197960914611
76561197960914612
76561197960914614
76561197960914615
76561197960914617
76561197960914618
76561197960914621
76561197960914623
76561197960914626
76561197960914628
76561197960914629
76561197960914631
76561197960914632
76561197960914634
76561197960914635
76561197960914636
76561197960914638
76561197960914640
76561197960914642
76561197960914643
76561197960914644
76561197960914645
76561197960914646
76561197960914647
76561197960914649
76561197960914651
76561197960914654
76561197960914655
76561197960914656
76561197960914658
76561197960914663
76561197960914666
76561197960914667
76561197960914670
76561197960914673
76561197960914674
76561197960914677
76561197960914679
76561197960914681
76561197960914682
76561197960914684
76561197960914686
76561197960914689
76561197960914693
76561197960914694
76561197960914695
76561197960914696
76561197960914699
76561197960914701
76561197960914708
76561197960914709
76561197960914715
76561197960914716
76561197960914717
76561197960914720
76561197960914722
76561197960914723
76561197960914725
76561197960914728
76561197960914729
76561197960914730
76561197960914731
76561197960914732
76561197960914733
76561197960914735
76561197960914736
76561197960914737
76561197960914741
76561197960914742
76561197960914743
76561197960914745
76561197960914749
76561197960914751
76561197960914752
76561197960914753
76561197960914754
76561197960914755
76561197960914756
76561197960914758
76561197960914759
76561197960914760
76561197960914761
76561197960914762
76561197960914766
76561197960914768
76561197960914769
76561197960914771
76561197960914773
76561197960914777
76561197960914780
76561197960914781
76561197960914783
76561197960914784
76561197960914785
76561197960914787
76561197960914790
76561197960914791
76561197960914792
76561197960914794
76561197960914796
76561197960914797
76561197960914799
76561197960914800
76561197960914803
76561197960914804
76561197960914805
76561197960914806
76561197960914807
76561197960914808
76561197960914811
76561197960914812
76561197960914813
76561197960914814
76561197960914815
76561197960914817
76561197960914819
76561197960914820
76561197960914821
76561197960914832
76561197960914835
76561197960914836
76561197960914838
76561197960914841
76561197960914842
76561197960914843
76561197960914847
76561197960914851
76561197960914852
76561197960914855
76561197960914856
76561197960914857
76561197960914858
76561197960914859
76561197960914861
76561197960914862
76561197960914866
76561197960914867
76561197960914868
76561197960914869
76561197960914871
76561197960914874
76561197960914875
76561197960914876
76561197960914879
76561197960914883
76561197960914884
76561197960914885
76561197960914886
76561197960914887
76561197960914889
76561197960914890
76561197960914891
76561197960914894
76561197960914898
76561197960914899
76561197960914900
76561197960914903
76561197960914908
76561197960914909
76561197960914910
76561197960914911
76561197960914917
76561197960914919
76561197960914921
76561197960914923
76561197960914925
76561197960914927
76561197960914929
76561197960914931
76561197960914934
76561197960914935
76561197960914937
76561197960914939
76561197960914940
76561197960914941
76561197960914942
76561197960914944
76561197960914947
76561197960914949
76561197960914950
76561197960914952
76561197960914954
76561197960914956
76561197960914958
76561197960914959
76561197960914961
76561197960914962
76561197960914965
76561197960914966
76561197960914967
76561197960914968
76561197960914969
76561197960914970
76561197960914972
76561197960914973
76561197960914974
76561197960914975
76561197960914976
76561197960914979
76561197960914981
76561197960914982
76561197960914984
76561197960914986
76561197960914988
76561197960914991
76561197960914992
76561197960915006
76561197960915007
76561197960915009
76561197960915010
76561197960915017
76561197960915027
76561197960915029
76561197960915031
76561197960915033
76561197960915035
76561197960915040
76561197960915041
76561197960915042
76561197960915045
76561197960915051
76561197960915052
76561197960915055
76561197960915056
76561197960915057
76561197960915058
76561197960915061
76561197960915062
76561197960915065
76561197960915067
76561197960915071
76561197960915076
76561197960915077
76561197960915082
76561197960915090
76561197960915092
76561197960915094
76561197960915095
76561197960915096
76561197960915098
76561197960915100
76561197960915101
76561197960915102
76561197960915104
76561197960915106
76561197960915107
76561197960915108
76561197960915109
76561197960915110
76561197960915111
76561197960915112
76561197960915114
76561197960915115
76561197960915116
76561197960915117
76561197960915118
76561197960915119
76561197960915120
76561197960915123
76561197960915124
76561197960915125
76561197960915127
76561197960915128
76561197960915129
76561197960915132
76561197960915133
76561197960915138
76561197960915141
76561197960915143
76561197960915144
76561197960915146
76561197960915148
76561197960915150
76561197960915152
76561197960915155
76561197960915156
76561197960915157
76561197960915158
76561197960915159
76561197960915162
76561197960915163
76561197960915164
76561197960915165
76561197960915166
76561197960915167
76561197960915169
76561197960915170
76561197960915172
76561197960915175
76561197960915177
76561197960915178
76561197960915179
76561197960915182
76561197960915183
76561197960915185
76561197960915186
76561197960915187
76561197960915193
76561197960915194
76561197960915195
76561197960915197
76561197960915199
76561197960915200
76561197960915201
76561197960915204
76561197960915208
76561197960915209
76561197960915210
76561197960915211
76561197960915213
76561197960915214
76561197960915216
76561197960915218
76561197960915219
76561197960915220
76561197960915225
76561197960915228
76561197960915232
76561197960915233
76561197960915234
76561197960915236
76561197960915238
76561197960915240
76561197960915241
76561197960915242
76561197960915243
76561197960915245
76561197960915246
76561197960915247
76561197960915249
76561197960915251
76561197960915255
76561197960915257
76561197960915260
76561197960915262
76561197960915263
76561197960915267
76561197960915269
76561197960915274
76561197960915277
76561197960915278
76561197960915279
76561197960915280
76561197960915281
76561197960915282
76561197960915283
76561197960915285
76561197960915286
76561197960915288
76561197960915290
76561197960915291
76561197960915295
76561197960915297
76561197960915298
76561197960915301
76561197960915304
76561197960915306
76561197960915309
76561197960915314
76561197960915315
76561197960915317
76561197960915319
76561197960915322
76561197960915325
76561197960915329
76561197960915330
76561197960915331
76561197960915332
76561197960915334
76561197960915337
76561197960915339
76561197960915341
76561197960915342
76561197960915343
76561197960915345
76561197960915347
76561197960915348
76561197960915351
76561197960915352
76561197960915354
76561197960915358
76561197960915359
76561197960915360
76561197960915362
76561197960915364
76561197960915366
76561197960915367
76561197960915369
76561197960915370
76561197960915371
76561197960915373
76561197960915376
76561197960915378
76561197960915379
76561197960915381
76561197960915382
76561197960915383
76561197960915386
76561197960915389
76561197960915390
76561197960915391
76561197960915392
76561197960915394
76561197960915395
76561197960915397
76561197960915398
76561197960915400
76561197960915401
76561197960915406
76561197960915407
76561197960915409
76561197960915411
76561197960915417
76561197960915426
76561197960915427
76561197960915430
76561197960915432
76561197960915433
76561197960915435
76561197960915439
76561197960915441
76561197960915443
76561197960915444
76561197960915446
76561197960915448
76561197960915449
76561197960915452
76561197960915453
76561197960915454
76561197960915455
76561197960915456
76561197960915459
76561197960915460
76561197960915462
76561197960915463
76561197960915465
76561197960915466
76561197960915467
76561197960915468
76561197960915473
76561197960915478
76561197960915485
76561197960915487
76561197960915488
76561197960915489
76561197960915490
76561197960915497
76561197960915504
76561197960915507
76561197960915509
76561197960915510
76561197960915511
76561197960915512
76561197960915516
76561197960915522
76561197960915525
76561197960915526
76561197960915529
76561197960915531
76561197960915536
76561197960915539
76561197960915542
76561197960915544
76561197960915549
76561197960915550
76561197960915551
76561197960915552
76561197960915558
76561197960915561
76561197960915562
76561197960915564
76561197960915565
76561197960915566
76561197960915567
76561197960915568
76561197960915571
76561197960915572
76561197960915575
76561197960915576
76561197960915577
76561197960915578
76561197960915580
76561197960915582
76561197960915583
76561197960915584
76561197960915586
76561197960915587
76561197960915588
76561197960915595
76561197960915596
76561197960915602
76561197960915605
76561197960915606
76561197960915609
76561197960915610
76561197960915611
76561197960915613
76561197960915614
76561197960915616
76561197960915619
76561197960915620
76561197960915621
76561197960915623
76561197960915625
76561197960915628
76561197960915631
76561197960915633
76561197960915634
76561197960915635
76561197960915636
76561197960915637
76561197960915638
76561197960915639
76561197960915643
76561197960915645
76561197960915646
76561197960915648
76561197960915649
76561197960915650
76561197960915652
76561197960915653
76561197960915655
76561197960915657
76561197960915658
76561197960915659
76561197960915660
76561197960915662
76561197960915663
76561197960915664
76561197960915666
76561197960915667
76561197960915668
76561197960915673
76561197960915675
76561197960915676
76561197960915678
76561197960915680
76561197960915681
76561197960915682
76561197960915683
76561197960915685
76561197960915691
76561197960915692
76561197960915696
76561197960915697
76561197960915701
76561197960915703
76561197960915706
76561197960915707
76561197960915709
76561197960915712
76561197960915713
76561197960915716
76561197960915717
76561197960915718
76561197960915719
76561197960915720
76561197960915722
76561197960915723
76561197960915725
76561197960915727
76561197960915728
76561197960915730
76561197960915731
76561197960915733
76561197960915734
76561197960915735
76561197960915736
76561197960915738
76561197960915742
76561197960915743
76561197960915744
76561197960915748
76561197960915752
76561197960915754
76561197960915758
76561197960915760
76561197960915767
76561197960915768
76561197960915769
76561197960915770
76561197960915773
76561197960915778
76561197960915780
76561197960915781
76561197960915782
76561197960915783
76561197960915788
76561197960915791
76561197960915793
76561197960915795
76561197960915796
76561197960915799
76561197960915801
76561197960915804
76561197960915805
76561197960915810
76561197960915811
76561197960915812
76561197960915813
76561197960915816
76561197960915817
76561197960915818
76561197960915820
76561197960915821
76561197960915824
76561197960915825
76561197960915827
76561197960915828
76561197960915829
76561197960915834
76561197960915835
76561197960915837
76561197960915840
76561197960915841
76561197960915843
76561197960915846
76561197960915849
76561197960915854
76561197960915857
76561197960915859
76561197960915860
76561197960915862
76561197960915866
76561197960915867
76561197960915868
76561197960915870
76561197960915872
76561197960915873
76561197960915875
76561197960915877
76561197960915879
76561197960915880
76561197960915881
76561197960915882
76561197960915884
76561197960915885
76561197960915886
76561197960915888
76561197960915889
76561197960915890
76561197960915891
76561197960915893
76561197960915895
76561197960915896
76561197960915897
76561197960915898
76561197960915901
76561197960915902
76561197960915904
76561197960915907
76561197960915908
76561197960915911
76561197960915913
76561197960915915
76561197960915916
76561197960915918
76561197960915928
76561197960915931
76561197960915935
76561197960915936
76561197960915937
76561197960915938
76561197960915939
76561197960915940
76561197960915943
76561197960915945
76561197960915946
76561197960915948
76561197960915949
76561197960915950
76561197960915954
76561197960915955
76561197960915956
76561197960915957
76561197960915961
76561197960915962
76561197960915963
76561197960915965
76561197960915973
76561197960915975
76561197960915976
76561197960915981
76561197960915985
76561197960915986
76561197960915987
76561197960915988
76561197960915991
76561197960915992
76561197960915993
76561197960915997
76561197960915998
76561197960915999
76561197960916001
76561197960916004
76561197960916005
76561197960916007
76561197960916009
76561197960916010
76561197960916011
76561197960916012
76561197960916013
76561197960916015
76561197960916016
76561197960916017
76561197960916018
76561197960916019
76561197960916020
76561197960916022
76561197960916025
76561197960916026
76561197960916028
76561197960916030
76561197960916031
76561197960916033
76561197960916034
76561197960916035
76561197960916036
76561197960916037
76561197960916040
76561197960916045
76561197960916046
76561197960916047
76561197960916048
76561197960916054
76561197960916056
76561197960916057
76561197960916060
76561197960916061
76561197960916062
76561197960916064
76561197960916069
76561197960916072
76561197960916074
76561197960916075
76561197960916081
76561197960916083
76561197960916084
76561197960916086
76561197960916087
76561197960916088
76561197960916090
76561197960916092
76561197960916094
76561197960916095
76561197960916101
76561197960916104
76561197960916108
76561197960916109
76561197960916110
76561197960916123
76561197960916124
76561197960916125
76561197960916127
76561197960916128
76561197960916129
76561197960916130
76561197960916133
76561197960916134
76561197960916137
