76561197961358284
76561197961358285
76561197961358287
76561197961358290
76561197961358291
76561197961358292
76561197961358293
76561197961358294
76561197961358295
76561197961358296
76561197961358299
76561197961358300
76561197961358302
76561197961358303
76561197961358304
76561197961358306
76561197961358308
76561197961358309
76561197961358310
76561197961358311
76561197961358315
76561197961358316
76561197961358317
76561197961358318
76561197961358323
76561197961358324
76561197961358325
76561197961358326
76561197961358328
76561197961358329
76561197961358333
76561197961358335
76561197961358337
76561197961358338
76561197961358340
76561197961358341
76561197961358343
76561197961358344
76561197961358345
76561197961358346
76561197961358347
76561197961358349
76561197961358352
76561197961358353
76561197961358354
76561197961358355
76561197961358356
76561197961358357
76561197961358359
76561197961358362
76561197961358363
76561197961358364
76561197961358365
76561197961358366
76561197961358368
76561197961358369
76561197961358370
76561197961358371
76561197961358372
76561197961358374
76561197961358375
76561197961358376
76561197961358378
76561197961358379
76561197961358380
76561197961358382
76561197961358383
76561197961358385
76561197961358387
76561197961358388
76561197961358391
76561197961358392
76561197961358396
76561197961358397
76561197961358398
76561197961358401
76561197961358402
76561197961358403
76561197961358405
76561197961358406
76561197961358408
76561197961358409
76561197961358410
76561197961358411
76561197961358413
76561197961358414
76561197961358415
76561197961358417
76561197961358421
76561197961358422
76561197961358423
76561197961358425
76561197961358426
76561197961358427
76561197961358431
76561197961358433
76561197961358435
76561197961358436
76561197961358438
76561197961358442
76561197961358445
76561197961358446
76561197961358447
76561197961358449
76561197961358450
76561197961358451
76561197961358452
76561197961358453
76561197961358456
76561197961358457
76561197961358459
76561197961358460
76561197961358462
76561197961358463
76561197961358464
76561197961358466
76561197961358468
76561197961358469
76561197961358470
76561197961358473
76561197961358476
76561197961358477
76561197961358478
76561197961358479
76561197961358481
76561197961358482
76561197961358483
76561197961358486
76561197961358487
76561197961358488
76561197961358491
76561197961358492
76561197961358493
76561197961358494
76561197961358496
76561197961358497
76561197961358498
76561197961358503
76561197961358504
76561197961358505
76561197961358506
76561197961358507
76561197961358508
76561197961358509
76561197961358510
76561197961358511
76561197961358512
76561197961358513
76561197961358514
76561197961358515
76561197961358516
76561197961358517
76561197961358519
76561197961358521
76561197961358522
76561197961358525
76561197961358526
76561197961358527
76561197961358528
76561197961358529
76561197961358532
76561197961358533
76561197961358534
76561197961358535
76561197961358537
76561197961358541
76561197961358542
76561197961358543
76561197961358544
76561197961358546
76561197961358548
76561197961358549
76561197961358553
76561197961358554
76561197961358555
76561197961358556
76561197961358558
76561197961358559
76561197961358560
76561197961358562
76561197961358565
76561197961358567
76561197961358568
76561197961358570
76561197961358571
76561197961358572
76561197961358574
76561197961358575
76561197961358577
76561197961358578
76561197961358579
76561197961358581
76561197961358582
76561197961358584
76561197961358585
76561197961358586
76561197961358589
76561197961358590
76561197961358591
76561197961358593
76561197961358595
76561197961358596
76561197961358597
76561197961358598
76561197961358600
76561197961358603
76561197961358604
76561197961358606
76561197961358609
76561197961358612
76561197961358613
76561197961358614
76561197961358618
76561197961358619
76561197961358621
76561197961358623
76561197961358624
76561197961358625
76561197961358626
76561197961358627
76561197961358628
76561197961358629
76561197961358630
76561197961358632
76561197961358633
76561197961358634
76561197961358635
76561197961358637
76561197961358638
76561197961358639
76561197961358640
76561197961358641
76561197961358642
76561197961358643
76561197961358646
76561197961358647
76561197961358648
76561197961358649
76561197961358650
76561197961358651
76561197961358653
76561197961358654
76561197961358660
76561197961358662
76561197961358664
76561197961358665
76561197961358667
76561197961358668
76561197961358670
76561197961358672
76561197961358673
76561197961358674
76561197961358675
76561197961358676
76561197961358677
76561197961358678
76561197961358679
76561197961358680
76561197961358681
76561197961358683
76561197961358684
76561197961358686
76561197961358688
76561197961358689
76561197961358690
76561197961358691
76561197961358693
76561197961358694
76561197961358695
76561197961358696
76561197961358697
76561197961358698
76561197961358699
76561197961358701
76561197961358702
76561197961358711
76561197961358712
76561197961358713
76561197961358714
76561197961358715
76561197961358717
76561197961358718
76561197961358720
76561197961358722
76561197961358723
76561197961358725
76561197961358726
76561197961358727
76561197961358729
76561197961358731
76561197961358733
76561197961358734
76561197961358735
76561197961358738
76561197961358739
76561197961358741
76561197961358744
76561197961358747
76561197961358748
76561197961358749
76561197961358751
76561197961358752
76561197961358755
76561197961358758
76561197961358759
76561197961358760
76561197961358761
76561197961358762
76561197961358763
76561197961358764
76561197961358766
76561197961358767
76561197961358768
76561197961358769
76561197961358770
76561197961358772
76561197961358773
76561197961358775
76561197961358777
76561197961358778
76561197961358783
76561197961358784
76561197961358785
76561197961358787
76561197961358788
76561197961358789
76561197961358790
76561197961358791
76561197961358792
76561197961358793
76561197961358794
76561197961358796
76561197961358797
76561197961358798
76561197961358802
76561197961358803
76561197961358804
76561197961358808
76561197961358809
76561197961358810
76561197961358811
76561197961358812
76561197961358813
76561197961358815
76561197961358816
76561197961358819
76561197961358820
76561197961358821
76561197961358822
76561197961358823
76561197961358825
76561197961358828
76561197961358829
76561197961358830
76561197961358833
76561197961358834
76561197961358838
76561197961358840
76561197961358841
76561197961358842
76561197961358843
76561197961358845
76561197961358847
76561197961358848
76561197961358849
76561197961358851
76561197961358855
76561197961358856
76561197961358857
76561197961358859
76561197961358860
76561197961358861
76561197961358862
76561197961358863
76561197961358866
76561197961358868
76561197961358870
76561197961358872
76561197961358874
76561197961358875
76561197961358876
76561197961358877
76561197961358878
76561197961358880
76561197961358881
76561197961358882
76561197961358883
76561197961358884
76561197961358886
76561197961358887
76561197961358889
76561197961358891
76561197961358892
76561197961358893
76561197961358894
76561197961358897
76561197961358898
76561197961358899
76561197961358901
76561197961358903
76561197961358904
76561197961358906
76561197961358907
76561197961358910
76561197961358911
76561197961358913
76561197961358914
76561197961358915
76561197961358917
76561197961358922
76561197961358923
76561197961358925
76561197961358927
76561197961358928
76561197961358929
76561197961358930
76561197961358931
76561197961358932
76561197961358933
76561197961358934
76561197961358935
76561197961358937
76561197961358938
76561197961358939
76561197961358940
76561197961358941
76561197961358942
76561197961358944
76561197961358945
76561197961358946
76561197961358947
76561197961358950
76561197961358952
76561197961358955
76561197961358957
76561197961358958
76561197961358959
76561197961358960
76561197961358961
76561197961358964
76561197961358965
76561197961358966
76561197961358967
76561197961358968
76561197961358971
76561197961358972
76561197961358974
76561197961358975
76561197961358976
76561197961358977
76561197961358979
76561197961358982
76561197961358983
76561197961358984
76561197961358985
76561197961358987
76561197961358988
76561197961358989
76561197961358990
76561197961358991
76561197961358992
76561197961358993
76561197961358995
76561197961358996
76561197961358997
76561197961358998
76561197961359000
76561197961359002
76561197961359003
76561197961359004
76561197961359007
76561197961359008
76561197961359009
76561197961359010
76561197961359012
76561197961359013
76561197961359014
76561197961359018
76561197961359019
76561197961359020
76561197961359021
76561197961359022
76561197961359023
76561197961359024
76561197961359025
76561197961359026
76561197961359027
76561197961359028
76561197961359030
76561197961359031
76561197961359033
76561197961359034
76561197961359035
76561197961359036
76561197961359037
76561197961359039
76561197961359041
76561197961359045
76561197961359046
76561197961359048
76561197961359049
76561197961359051
76561197961359052
76561197961359053
76561197961359055
76561197961359056
76561197961359058
76561197961359059
76561197961359060
76561197961359061
76561197961359066
76561197961359067
76561197961359068
76561197961359069
76561197961359070
76561197961359071
76561197961359072
76561197961359075
76561197961359076
76561197961359081
76561197961359082
76561197961359084
76561197961359085
76561197961359087
76561197961359088
76561197961359089
76561197961359092
76561197961359094
76561197961359095
76561197961359096
76561197961359097
76561197961359098
76561197961359099
76561197961359101
76561197961359102
76561197961359103
76561197961359107
76561197961359110
76561197961359111
76561197961359113
76561197961359114
76561197961359115
76561197961359118
76561197961359119
76561197961359120
76561197961359123
76561197961359124
76561197961359126
76561197961359127
76561197961359129
76561197961359130
76561197961359133
76561197961359135
76561197961359137
76561197961359138
76561197961359139
76561197961359140
76561197961359141
76561197961359142
76561197961359143
76561197961359144
76561197961359145
76561197961359147
76561197961359148
76561197961359149
76561197961359151
76561197961359154
76561197961359156
76561197961359157
76561197961359158
76561197961359160
76561197961359165
76561197961359166
76561197961359167
76561197961359168
76561197961359169
76561197961359170
76561197961359171
76561197961359173
76561197961359175
76561197961359183
76561197961359184
76561197961359185
76561197961359187
76561197961359190
76561197961359191
76561197961359193
76561197961359194
76561197961359197
76561197961359199
76561197961359200
76561197961359202
76561197961359203
76561197961359205
76561197961359206
76561197961359209
76561197961359211
76561197961359212
76561197961359214
76561197961359216
76561197961359217
76561197961359218
76561197961359219
76561197961359220
76561197961359221
76561197961359222
76561197961359223
76561197961359225
76561197961359226
76561197961359228
76561197961359231
76561197961359233
76561197961359234
76561197961359235
76561197961359241
76561197961359242
76561197961359245
76561197961359246
76561197961359248
76561197961359250
76561197961359253
76561197961359254
76561197961359255
76561197961359256
76561197961359257
76561197961359258
76561197961359259
76561197961359260
76561197961359264
76561197961359265
76561197961359266
76561197961359267
76561197961359270
76561197961359271
76561197961359272
76561197961359273
76561197961359276
76561197961359277
76561197961359278
76561197961359279
76561197961359280
76561197961359282
76561197961359284
76561197961359287
76561197961359289
76561197961359290
76561197961359292
76561197961359293
76561197961359294
76561197961359295
76561197961359296
76561197961359298
76561197961359300
76561197961359301
76561197961359302
76561197961359303
76561197961359305
76561197961359306
76561197961359307
76561197961359308
76561197961359309
76561197961359310
76561197961359312
76561197961359314
76561197961359315
76561197961359316
76561197961359317
76561197961359318
76561197961359319
76561197961359321
76561197961359322
76561197961359324
76561197961359326
76561197961359327
76561197961359329
76561197961359330
76561197961359331
76561197961359332
76561197961359333
76561197961359335
76561197961359336
76561197961359338
76561197961359339
76561197961359340
76561197961359341
76561197961359343
76561197961359346
76561197961359348
76561197961359349
76561197961359350
76561197961359352
76561197961359355
76561197961359356
76561197961359358
76561197961359360
76561197961359362
76561197961359364
76561197961359365
76561197961359366
76561197961359369
76561197961359370
76561197961359372
76561197961359373
76561197961359375
76561197961359376
76561197961359377
76561197961359378
76561197961359379
76561197961359380
76561197961359383
76561197961359385
76561197961359386
76561197961359388
76561197961359389
76561197961359390
76561197961359391
76561197961359392
76561197961359394
76561197961359396
76561197961359397
76561197961359398
76561197961359399
76561197961359406
76561197961359407
76561197961359408
76561197961359410
76561197961359412
76561197961359414
76561197961359415
76561197961359416
76561197961359417
76561197961359418
76561197961359419
76561197961359420
76561197961359422
76561197961359423
76561197961359424
76561197961359426
76561197961359427
76561197961359429
76561197961359430
76561197961359431
76561197961359432
76561197961359434
76561197961359435
76561197961359436
76561197961359438
76561197961359440
76561197961359441
76561197961359442
76561197961359445
76561197961359446
76561197961359447
76561197961359449
76561197961359450
76561197961359451
76561197961359452
76561197961359455
76561197961359456
76561197961359457
76561197961359458
76561197961359461
76561197961359462
76561197961359464
76561197961359465
76561197961359466
76561197961359469
76561197961359470
76561197961359471
76561197961359472
76561197961359473
76561197961359474
76561197961359475
76561197961359476
76561197961359478
76561197961359480
76561197961359481
76561197961359484
76561197961359489
76561197961359491
76561197961359492
76561197961359493
76561197961359494
76561197961359497
76561197961359498
76561197961359499
76561197961359500
76561197961359501
76561197961359502
76561197961359503
76561197961359504
76561197961359506
76561197961359507
76561197961359508
76561197961359510
76561197961359511
76561197961359513
76561197961359515
76561197961359516
76561197961359517
76561197961359519
76561197961359520
76561197961359521
76561197961359522
76561197961359523
76561197961359524
76561197961359525
76561197961359526
76561197961359528
76561197961359530
76561197961359531
76561197961359532
76561197961359533
76561197961359535
76561197961359536
76561197961359537
76561197961359538
76561197961359539
76561197961359541
76561197961359542
76561197961359543
76561197961359544
76561197961359545
76561197961359546
76561197961359548
76561197961359550
76561197961359552
76561197961359553
76561197961359554
76561197961359556
76561197961359557
76561197961359558
76561197961359561
76561197961359562
76561197961359563
76561197961359564
76561197961359566
76561197961359567
76561197961359568
76561197961359569
76561197961359570
76561197961359571
76561197961359572
76561197961359573
76561197961359574
76561197961359576
76561197961359577
76561197961359578
76561197961359579
76561197961359581
76561197961359582
76561197961359583
76561197961359584
76561197961359586
76561197961359587
76561197961359589
76561197961359591
76561197961359592
76561197961359593
76561197961359596
76561197961359597
76561197961359599
76561197961359601
76561197961359602
76561197961359603
76561197961359606
76561197961359608
76561197961359610
76561197961359611
76561197961359615
76561197961359616
76561197961359617
76561197961359618
76561197961359620
76561197961359622
76561197961359623
76561197961359624
76561197961359625
76561197961359626
76561197961359628
76561197961359629
76561197961359630
76561197961359631
76561197961359632
76561197961359633
76561197961359634
76561197961359635
76561197961359636
76561197961359637
76561197961359638
76561197961359639
76561197961359642
76561197961359643
76561197961359644
76561197961359645
76561197961359646
76561197961359647
76561197961359648
76561197961359649
76561197961359650
76561197961359651
76561197961359652
76561197961359655
76561197961359656
76561197961359657
76561197961359659
76561197961359660
76561197961359662
76561197961359663
76561197961359664
76561197961359666
76561197961359669
76561197961359671
76561197961359673
76561197961359674
76561197961359675
76561197961359676
76561197961359681
76561197961359683
76561197961359684
76561197961359686
76561197961359688
76561197961359690
76561197961359691
76561197961359694
76561197961359695
76561197961359696
76561197961359700
76561197961359701
76561197961359703
76561197961359705
76561197961359706
76561197961359707
76561197961359710
76561197961359711
76561197961359712
76561197961359713
76561197961359714
76561197961359716
76561197961359717
76561197961359718
76561197961359719
76561197961359721
76561197961359722
76561197961359723
76561197961359726
76561197961359727
76561197961359728
76561197961359730
76561197961359731
76561197961359732
76561197961359733
76561197961359734
76561197961359736
76561197961359737
76561197961359738
76561197961359740
76561197961359742
76561197961359743
76561197961359745
76561197961359746
76561197961359747
76561197961359748
76561197961359749
76561197961359750
76561197961359751
76561197961359752
76561197961359753
76561197961359754
76561197961359757
76561197961359759
76561197961359761
76561197961359762
76561197961359763
76561197961359766
76561197961359767
76561197961359768
76561197961359770
76561197961359771
76561197961359772
76561197961359773
76561197961359776
76561197961359777
76561197961359778
76561197961359779
76561197961359783
76561197961359784
76561197961359786
76561197961359790
76561197961359791
76561197961359792
76561197961359793
76561197961359794
76561197961359796
76561197961359797
76561197961359799
76561197961359802
76561197961359803
76561197961359804
76561197961359805
