76561197960282898
76561197960282899
76561197960282900
76561197960282901
76561197960282902
76561197960282903
76561197960282904
76561197960282905
76561197960282906
76561197960282908
76561197960282909
76561197960282910
76561197960282911
76561197960282912
76561197960282913
76561197960282914
76561197960282915
76561197960282916
76561197960282917
76561197960282918
76561197960282919
76561197960282920
76561197960282921
76561197960282922
76561197960282923
76561197960282924
76561197960282925
76561197960282926
76561197960282927
76561197960282928
76561197960282929
76561197960282930
76561197960282931
76561197960282932
76561197960282933
76561197960282934
76561197960282935
76561197960282936
76561197960282937
76561197960282938
76561197960282939
76561197960282940
76561197960282941
76561197960282942
76561197960282943
76561197960282944
76561197960282945
76561197960282947
76561197960282948
76561197960282949
76561197960282950
76561197960282951
76561197960282952
76561197960282953
76561197960282954
76561197960282955
76561197960282956
76561197960282957
76561197960282958
76561197960282959
76561197960282960
76561197960282961
76561197960282962
76561197960282963
76561197960282964
76561197960282965
76561197960282966
76561197960282968
76561197960282969
76561197960282970
76561197960282971
76561197960282972
76561197960282973
76561197960282974
76561197960282975
76561197960282976
76561197960282977
76561197960282978
76561197960282979
76561197960282980
76561197960282981
76561197960282982
76561197960282983
76561197960282984
76561197960282985
76561197960282986
76561197960282987
76561197960282988
76561197960282989
76561197960282990
76561197960282991
76561197960282992
76561197960282993
76561197960282994
76561197960282995
76561197960282996
76561197960282997
76561197960282999
76561197960283000
76561197960283001
76561197960283002
76561197960283003
76561197960283004
76561197960283005
76561197960283006
76561197960283007
76561197960283008
76561197960283009
76561197960283010
76561197960283011
76561197960283012
76561197960283013
76561197960283014
76561197960283015
76561197960283016
76561197960283017
76561197960283018
76561197960283019
76561197960283020
76561197960283021
76561197960283022
76561197960283023
76561197960283024
76561197960283025
76561197960283026
76561197960283027
76561197960283028
76561197960283029
76561197960283031
76561197960283032
76561197960283033
76561197960283034
76561197960283035
76561197960283036
76561197960283037
76561197960283038
76561197960283039
76561197960283040
76561197960283041
76561197960283043
76561197960283044
76561197960283045
76561197960283046
76561197960283047
76561197960283048
76561197960283050
76561197960283051
76561197960283052
76561197960283053
76561197960283054
76561197960283055
76561197960283056
76561197960283057
76561197960283058
76561197960283059
76561197960283060
76561197960283061
76561197960283062
76561197960283064
76561197960283065
76561197960283066
76561197960283067
76561197960283068
76561197960283069
76561197960283070
76561197960283071
76561197960283072
76561197960283073
76561197960283074
76561197960283075
76561197960283076
76561197960283077
76561197960283078
76561197960283079
76561197960283080
76561197960283081
76561197960283082
76561197960283083
76561197960283084
76561197960283085
76561197960283086
76561197960283087
76561197960283088
76561197960283089
76561197960283090
76561197960283091
76561197960283093
76561197960283094
76561197960283095
76561197960283096
76561197960283097
76561197960283098
76561197960283100
76561197960283101
76561197960283102
76561197960283103
76561197960283104
76561197960283105
76561197960283106
76561197960283107
76561197960283108
76561197960283109
76561197960283110
76561197960283111
76561197960283112
76561197960283113
76561197960283114
76561197960283115
76561197960283116
76561197960283117
76561197960283118
76561197960283119
76561197960283120
76561197960283121
76561197960283122
76561197960283123
76561197960283124
76561197960283125
76561197960283126
76561197960283127
76561197960283128
76561197960283129
76561197960283130
76561197960283131
76561197960283132
76561197960283133
76561197960283134
76561197960283136
76561197960283137
76561197960283138
76561197960283139
76561197960283140
76561197960283141
76561197960283142
76561197960283143
76561197960283144
76561197960283146
76561197960283147
76561197960283148
76561197960283151
76561197960283152
76561197960283153
76561197960283154
76561197960283155
76561197960283156
76561197960283157
76561197960283158
76561197960283159
76561197960283160
76561197960283161
76561197960283162
76561197960283164
76561197960283165
76561197960283166
76561197960283168
76561197960283169
76561197960283170
76561197960283172
76561197960283173
76561197960283175
76561197960283176
76561197960283177
76561197960283178
76561197960283179
76561197960283180
76561197960283182
76561197960283183
76561197960283184
76561197960283185
76561197960283186
76561197960283187
76561197960283188
76561197960283189
76561197960283190
76561197960283192
76561197960283193
76561197960283194
76561197960283195
76561197960283197
76561197960283198
76561197960283199
76561197960283200
76561197960283201
76561197960283202
76561197960283203
76561197960283204
76561197960283205
76561197960283206
76561197960283208
76561197960283210
76561197960283211
76561197960283212
76561197960283213
76561197960283214
76561197960283215
76561197960283217
76561197960283218
76561197960283219
76561197960283220
76561197960283221
76561197960283222
76561197960283223
76561197960283224
76561197960283225
76561197960283226
76561197960283227
76561197960283228
76561197960283229
76561197960283230
76561197960283231
76561197960283232
76561197960283233
76561197960283234
76561197960283235
76561197960283236
76561197960283238
76561197960283239
76561197960283240
76561197960283241
76561197960283242
76561197960283243
76561197960283244
76561197960283245
76561197960283246
76561197960283247
76561197960283248
76561197960283249
76561197960283250
76561197960283251
76561197960283252
76561197960283253
76561197960283254
76561197960283255
76561197960283256
76561197960283257
76561197960283258
76561197960283259
76561197960283260
76561197960283261
76561197960283262
76561197960283264
76561197960283265
76561197960283266
76561197960283267
76561197960283269
76561197960283270
76561197960283271
76561197960283272
76561197960283273
76561197960283274
76561197960283275
76561197960283276
76561197960283277
76561197960283278
76561197960283279
76561197960283281
76561197960283282
76561197960283283
76561197960283284
76561197960283285
76561197960283286
76561197960283287
76561197960283288
76561197960283289
76561197960283290
76561197960283291
76561197960283292
76561197960283293
76561197960283294
76561197960283295
76561197960283297
76561197960283298
76561197960283299
76561197960283300
76561197960283301
76561197960283302
76561197960283303
76561197960283304
76561197960283305
76561197960283306
76561197960283307
76561197960283308
76561197960283309
76561197960283310
76561197960283311
76561197960283312
76561197960283313
76561197960283314
76561197960283315
76561197960283317
76561197960283318
76561197960283319
76561197960283323
76561197960283324
76561197960283325
76561197960283326
76561197960283327
76561197960283328
76561197960283329
76561197960283330
76561197960283331
76561197960283333
76561197960283334
76561197960283335
76561197960283336
76561197960283337
76561197960283339
76561197960283340
76561197960283341
76561197960283342
76561197960283343
76561197960283344
76561197960283345
76561197960283346
76561197960283347
76561197960283348
76561197960283349
76561197960283350
76561197960283351
76561197960283353
76561197960283354
76561197960283355
76561197960283356
76561197960283357
76561197960283358
76561197960283359
76561197960283360
76561197960283361
76561197960283363
76561197960283364
76561197960283365
76561197960283366
76561197960283368
76561197960283369
76561197960283371
76561197960283372
76561197960283373
76561197960283374
76561197960283375
76561197960283376
76561197960283377
76561197960283378
76561197960283379
76561197960283382
76561197960283383
76561197960283384
76561197960283385
76561197960283386
76561197960283387
76561197960283388
76561197960283389
76561197960283390
76561197960283391
76561197960283392
76561197960283393
76561197960283394
76561197960283395
76561197960283396
76561197960283397
76561197960283398
76561197960283399
76561197960283400
76561197960283401
76561197960283402
76561197960283403
76561197960283404
76561197960283405
76561197960283406
76561197960283407
76561197960283408
76561197960283409
76561197960283411
76561197960283412
76561197960283413
76561197960283414
76561197960283416
76561197960283417
76561197960283418
76561197960283419
76561197960283420
76561197960283421
76561197960283422
76561197960283423
76561197960283424
76561197960283425
76561197960283426
76561197960283427
76561197960283428
76561197960283429
76561197960283431
76561197960283432
76561197960283433
76561197960283434
76561197960283436
76561197960283437
76561197960283438
76561197960283439
76561197960283440
76561197960283441
76561197960283442
76561197960283443
76561197960283444
76561197960283445
76561197960283446
76561197960283447
76561197960283448
76561197960283449
76561197960283450
76561197960283451
76561197960283452
76561197960283453
76561197960283454
76561197960283455
76561197960283457
76561197960283458
76561197960283459
76561197960283460
76561197960283461
76561197960283462
76561197960283463
76561197960283464
76561197960283466
76561197960283467
76561197960283469
76561197960283470
76561197960283472
76561197960283473
76561197960283474
76561197960283476
76561197960283477
76561197960283478
76561197960283479
76561197960283480
76561197960283481
76561197960283482
76561197960283483
76561197960283484
76561197960283485
76561197960283486
76561197960283487
76561197960283488
76561197960283489
76561197960283490
76561197960283491
76561197960283492
76561197960283493
76561197960283494
76561197960283495
76561197960283496
76561197960283497
76561197960283498
76561197960283499
76561197960283500
76561197960283501
76561197960283504
76561197960283505
76561197960283506
76561197960283507
76561197960283508
76561197960283509
76561197960283510
76561197960283512
76561197960283513
76561197960283514
76561197960283515
76561197960283516
76561197960283517
76561197960283518
76561197960283519
76561197960283521
76561197960283522
76561197960283523
76561197960283524
76561197960283525
76561197960283526
76561197960283527
76561197960283529
76561197960283530
76561197960283531
76561197960283532
76561197960283533
76561197960283534
76561197960283535
76561197960283536
76561197960283537
76561197960283538
76561197960283539
76561197960283540
76561197960283541
76561197960283542
76561197960283543
76561197960283545
76561197960283546
76561197960283547
76561197960283548
76561197960283549
76561197960283550
76561197960283551
76561197960283552
76561197960283553
76561197960283554
76561197960283555
76561197960283556
76561197960283557
76561197960283558
76561197960283559
76561197960283560
76561197960283561
76561197960283562
76561197960283565
76561197960283566
76561197960283567
76561197960283568
76561197960283569
76561197960283570
76561197960283571
76561197960283572
76561197960283573
76561197960283574
76561197960283575
76561197960283576
76561197960283577
76561197960283578
76561197960283579
76561197960283580
76561197960283581
76561197960283582
76561197960283583
76561197960283584
76561197960283585
76561197960283586
76561197960283587
76561197960283588
76561197960283589
76561197960283590
76561197960283591
76561197960283592
76561197960283593
76561197960283594
76561197960283595
76561197960283596
76561197960283597
76561197960283598
76561197960283600
76561197960283602
76561197960283603
76561197960283604
76561197960283605
76561197960283606
76561197960283607
76561197960283608
76561197960283609
76561197960283610
76561197960283611
76561197960283612
76561197960283614
76561197960283615
76561197960283616
76561197960283617
76561197960283618
76561197960283619
76561197960283620
76561197960283621
76561197960283622
76561197960283623
76561197960283624
76561197960283625
76561197960283626
76561197960283627
76561197960283628
76561197960283629
76561197960283630
76561197960283631
76561197960283632
76561197960283633
76561197960283634
76561197960283635
76561197960283636
76561197960283637
76561197960283638
76561197960283639
76561197960283641
76561197960283642
76561197960283643
76561197960283644
76561197960283645
76561197960283647
76561197960283648
76561197960283649
76561197960283650
76561197960283651
76561197960283652
76561197960283653
76561197960283654
76561197960283655
76561197960283657
76561197960283658
76561197960283659
76561197960283660
76561197960283662
76561197960283664
76561197960283666
76561197960283667
76561197960283668
76561197960283669
76561197960283670
76561197960283671
76561197960283672
76561197960283673
76561197960283674
76561197960283675
76561197960283676
76561197960283678
76561197960283679
76561197960283680
76561197960283682
76561197960283683
76561197960283684
76561197960283685
76561197960283686
76561197960283687
76561197960283688
76561197960283689
76561197960283690
76561197960283691
76561197960283692
76561197960283693
76561197960283694
76561197960283695
76561197960283696
76561197960283697
76561197960283698
76561197960283699
76561197960283700
76561197960283701
76561197960283702
76561197960283703
76561197960283704
76561197960283705
76561197960283706
76561197960283708
76561197960283709
76561197960283710
76561197960283711
76561197960283712
76561197960283714
76561197960283715
76561197960283716
76561197960283717
76561197960283718
76561197960283719
76561197960283721
76561197960283722
76561197960283723
76561197960283724
76561197960283725
76561197960283727
76561197960283728
76561197960283729
76561197960283730
76561197960283731
76561197960283732
76561197960283734
76561197960283735
76561197960283736
76561197960283737
76561197960283740
76561197960283741
76561197960283742
76561197960283743
76561197960283744
76561197960283745
76561197960283746
76561197960283747
76561197960283748
76561197960283749
76561197960283750
76561197960283751
76561197960283752
76561197960283753
76561197960283754
76561197960283755
76561197960283756
76561197960283757
76561197960283758
76561197960283759
76561197960283760
76561197960283761
76561197960283762
76561197960283764
76561197960283765
76561197960283766
76561197960283767
76561197960283768
76561197960283769
76561197960283770
76561197960283771
76561197960283773
76561197960283774
76561197960283775
76561197960283776
76561197960283777
76561197960283778
76561197960283779
76561197960283780
76561197960283781
76561197960283782
76561197960283783
76561197960283784
76561197960283785
76561197960283786
76561197960283787
76561197960283796
76561197960283801
76561197960283802
76561197960283807
76561197960283809
76561197960283819
76561197960283842
76561197960283854
76561197960283858
76561197960283859
76561197960283860
76561197960283861
76561197960283863
76561197960283864
76561197960283865
76561197960283866
76561197960283867
76561197960283868
76561197960283869
76561197960283870
76561197960283871
76561197960283872
76561197960283874
76561197960283875
76561197960283876
76561197960283877
76561197960283878
76561197960283879
76561197960283880
76561197960283881
76561197960283882
76561197960283884
76561197960283885
76561197960283887
76561197960283888
76561197960283889
76561197960283890
76561197960283891
76561197960283892
76561197960283893
76561197960283894
76561197960283895
76561197960283896
76561197960283897
76561197960283898
76561197960283899
76561197960283900
76561197960283901
76561197960283902
76561197960283903
76561197960283904
76561197960283905
76561197960283906
76561197960283907
76561197960283908
76561197960283909
76561197960283910
76561197960283911
76561197960283912
76561197960283913
76561197960283914
76561197960283915
76561197960283916
76561197960283917
76561197960283918
76561197960283919
76561197960283920
76561197960283921
76561197960283922
76561197960283923
76561197960283924
76561197960283925
76561197960283926
76561197960283927
76561197960283928
76561197960283929
76561197960283930
76561197960283931
76561197960283932
76561197960283933
76561197960283934
76561197960283936
76561197960283937
76561197960283938
76561197960283939
76561197960283940
76561197960283941
76561197960283942
76561197960283943
76561197960283944
76561197960283945
76561197960283946
76561197960283947
76561197960283948
76561197960283949
76561197960283950
76561197960283951
76561197960283952
76561197960283953
76561197960283954
76561197960283955
76561197960283956
76561197960283957
76561197960283958
76561197960283963
76561197960283964
76561197960283965
76561197960283967
76561197960283968
76561197960283969
76561197960283970
76561197960283971
76561197960283972
76561197960283973
76561197960283974
76561197960283976
76561197960283977
76561197960283978
76561197960283979
76561197960283980
76561197960283981
76561197960283982
76561197960283983
76561197960283984
76561197960283985
76561197960283986
76561197960283987
76561197960283988
76561197960283989
76561197960283990
76561197960283991
76561197960283992
76561197960283993
76561197960283994
76561197960283995
76561197960283997
76561197960283998
76561197960283999
76561197960284000
76561197960284001
76561197960284002
76561197960284003
76561197960284004
76561197960284005
76561197960284006
76561197960284007
76561197960284008
76561197960284009
76561197960284010
76561197960284011
76561197960284012
76561197960284013
76561197960284014
76561197960284015
76561197960284016
76561197960284017
76561197960284018
76561197960284020
76561197960284021
76561197960284022
76561197960284023
76561197960284024
76561197960284025
76561197960284026
76561197960284027
76561197960284028
76561197960284029
76561197960284030
76561197960284031
76561197960284032
76561197960284033
76561197960284034
76561197960284035
76561197960284036
76561197960284037
76561197960284039
76561197960284040
76561197960284041
76561197960284042
76561197960284043
76561197960284044
76561197960284045
76561197960284046
76561197960284047
76561197960284048
76561197960284050
76561197960284051
76561197960284052
