76561197960892620
76561197960892624
76561197960892628
76561197960892630
76561197960892632
76561197960892634
76561197960892635
76561197960892636
76561197960892638
76561197960892643
76561197960892644
76561197960892645
76561197960892646
76561197960892647
76561197960892648
76561197960892651
76561197960892653
76561197960892654
76561197960892656
76561197960892660
76561197960892663
76561197960892664
76561197960892665
76561197960892666
76561197960892670
76561197960892671
76561197960892672
76561197960892676
76561197960892682
76561197960892683
76561197960892684
76561197960892687
76561197960892691
76561197960892692
76561197960892693
76561197960892694
76561197960892696
76561197960892697
76561197960892698
76561197960892699
76561197960892700
76561197960892704
76561197960892705
76561197960892706
76561197960892711
76561197960892713
76561197960892714
76561197960892716
76561197960892717
76561197960892718
76561197960892719
76561197960892722
76561197960892723
76561197960892724
76561197960892726
76561197960892727
76561197960892728
76561197960892730
76561197960892732
76561197960892733
76561197960892734
76561197960892735
76561197960892736
76561197960892737
76561197960892738
76561197960892739
76561197960892741
76561197960892746
76561197960892747
76561197960892748
76561197960892749
76561197960892750
76561197960892754
76561197960892757
76561197960892758
76561197960892759
76561197960892761
76561197960892764
76561197960892765
76561197960892767
76561197960892769
76561197960892772
76561197960892774
76561197960892775
76561197960892776
76561197960892778
76561197960892780
76561197960892781
76561197960892782
76561197960892783
76561197960892784
76561197960892785
76561197960892786
76561197960892787
76561197960892790
76561197960892791
76561197960892793
76561197960892794
76561197960892796
76561197960892797
76561197960892798
76561197960892799
76561197960892800
76561197960892801
76561197960892802
76561197960892805
76561197960892807
76561197960892808
76561197960892811
76561197960892812
76561197960892814
76561197960892815
76561197960892816
76561197960892817
76561197960892818
76561197960892819
76561197960892820
76561197960892823
76561197960892824
76561197960892825
76561197960892826
76561197960892827
76561197960892829
76561197960892833
76561197960892836
76561197960892837
76561197960892838
76561197960892839
76561197960892840
76561197960892842
76561197960892844
76561197960892846
76561197960892847
76561197960892849
76561197960892852
76561197960892853
76561197960892855
76561197960892856
76561197960892857
76561197960892858
76561197960892859
76561197960892860
76561197960892861
76561197960892934
76561197960892953
76561197960892979
76561197960892985
76561197960892986
76561197960892987
76561197960892988
76561197960892989
76561197960892990
76561197960892991
76561197960892995
76561197960892996
76561197960892998
76561197960893001
76561197960893005
76561197960893007
76561197960893008
76561197960893009
76561197960893011
76561197960893012
76561197960893013
76561197960893020
76561197960893021
76561197960893022
76561197960893023
76561197960893024
76561197960893025
76561197960893027
76561197960893028
76561197960893029
76561197960893030
76561197960893031
76561197960893032
76561197960893034
76561197960893043
76561197960893044
76561197960893045
76561197960893046
76561197960893047
76561197960893050
76561197960893051
76561197960893052
76561197960893055
76561197960893056
76561197960893061
76561197960893063
76561197960893066
76561197960893067
76561197960893069
76561197960893071
76561197960893072
76561197960893074
76561197960893075
76561197960893078
76561197960893079
76561197960893081
76561197960893082
76561197960893083
76561197960893084
76561197960893085
76561197960893088
76561197960893089
76561197960893092
76561197960893093
76561197960893094
76561197960893095
76561197960893097
76561197960893098
76561197960893099
76561197960893100
76561197960893103
76561197960893104
76561197960893107
76561197960893108
76561197960893109
76561197960893110
76561197960893111
76561197960893113
76561197960893114
76561197960893115
76561197960893117
76561197960893118
76561197960893119
76561197960893123
76561197960893124
76561197960893125
76561197960893126
76561197960893127
76561197960893130
76561197960893131
76561197960893132
76561197960893134
76561197960893135
76561197960893136
76561197960893137
76561197960893138
76561197960893140
76561197960893141
76561197960893143
76561197960893144
76561197960893146
76561197960893147
76561197960893149
76561197960893151
76561197960893152
76561197960893153
76561197960893155
76561197960893157
76561197960893158
76561197960893162
76561197960893165
76561197960893168
76561197960893171
76561197960893176
76561197960893178
76561197960893180
76561197960893181
76561197960893184
76561197960893186
76561197960893187
76561197960893189
76561197960893191
76561197960893192
76561197960893194
76561197960893195
76561197960893196
76561197960893197
76561197960893201
76561197960893202
76561197960893204
76561197960893205
76561197960893207
76561197960893210
76561197960893211
76561197960893212
76561197960893215
76561197960893216
76561197960893218
76561197960893219
76561197960893221
76561197960893223
76561197960893224
76561197960893228
76561197960893229
76561197960893233
76561197960893234
76561197960893235
76561197960893238
76561197960893240
76561197960893241
76561197960893242
76561197960893243
76561197960893244
76561197960893246
76561197960893247
76561197960893249
76561197960893250
76561197960893253
76561197960893254
76561197960893255
76561197960893256
76561197960893258
76561197960893259
76561197960893260
76561197960893265
76561197960893267
76561197960893268
76561197960893269
76561197960893272
76561197960893273
76561197960893274
76561197960893275
76561197960893277
76561197960893278
76561197960893279
76561197960893281
76561197960893283
76561197960893284
76561197960893285
76561197960893286
76561197960893288
76561197960893289
76561197960893293
76561197960893294
76561197960893295
76561197960893296
76561197960893297
76561197960893298
76561197960893299
76561197960893300
76561197960893301
76561197960893302
76561197960893303
76561197960893304
76561197960893305
76561197960893306
76561197960893307
76561197960893309
76561197960893314
76561197960893315
76561197960893317
76561197960893318
76561197960893319
76561197960893322
76561197960893324
76561197960893326
76561197960893327
76561197960893328
76561197960893329
76561197960893331
76561197960893332
76561197960893333
76561197960893336
76561197960893337
76561197960893338
76561197960893340
76561197960893341
76561197960893345
76561197960893346
76561197960893347
76561197960893348
76561197960893349
76561197960893350
76561197960893352
76561197960893354
76561197960893356
76561197960893358
76561197960893359
76561197960893360
76561197960893364
76561197960893365
76561197960893366
76561197960893369
76561197960893371
76561197960893374
76561197960893376
76561197960893380
76561197960893382
76561197960893383
76561197960893386
76561197960893387
76561197960893388
76561197960893389
76561197960893390
76561197960893392
76561197960893395
76561197960893396
76561197960893398
76561197960893399
76561197960893400
76561197960893401
76561197960893403
76561197960893405
76561197960893406
76561197960893407
76561197960893408
76561197960893409
76561197960893410
76561197960893411
76561197960893413
76561197960893416
76561197960893417
76561197960893419
76561197960893420
76561197960893421
76561197960893422
76561197960893423
76561197960893424
76561197960893427
76561197960893428
76561197960893429
76561197960893431
76561197960893437
76561197960893438
76561197960893439
76561197960893440
76561197960893443
76561197960893444
76561197960893447
76561197960893448
76561197960893450
76561197960893451
76561197960893455
76561197960893456
76561197960893461
76561197960893463
76561197960893464
76561197960893465
76561197960893466
76561197960893468
76561197960893469
76561197960893470
76561197960893474
76561197960893475
76561197960893476
76561197960893478
76561197960893479
76561197960893481
76561197960893483
76561197960893484
76561197960893487
76561197960893488
76561197960893490
76561197960893492
76561197960893496
76561197960893497
76561197960893500
76561197960893501
76561197960893503
76561197960893505
76561197960893506
76561197960893507
76561197960893508
76561197960893510
76561197960893511
76561197960893512
76561197960893513
76561197960893514
76561197960893516
76561197960893517
76561197960893519
76561197960893521
76561197960893522
76561197960893524
76561197960893525
76561197960893526
76561197960893527
76561197960893529
76561197960893531
76561197960893532
76561197960893533
76561197960893534
76561197960893535
76561197960893536
76561197960893537
76561197960893539
76561197960893540
76561197960893541
76561197960893542
76561197960893543
76561197960893545
76561197960893547
76561197960893549
76561197960893552
76561197960893555
76561197960893556
76561197960893558
76561197960893560
76561197960893561
76561197960893562
76561197960893563
76561197960893564
76561197960893565
76561197960893567
76561197960893568
76561197960893570
76561197960893571
76561197960893573
76561197960893576
76561197960893579
76561197960893581
76561197960893582
76561197960893585
76561197960893586
76561197960893589
76561197960893590
76561197960893592
76561197960893593
76561197960893595
76561197960893599
76561197960893601
76561197960893603
76561197960893604
76561197960893605
76561197960893607
76561197960893608
76561197960893610
76561197960893611
76561197960893612
76561197960893613
76561197960893615
76561197960893617
76561197960893620
76561197960893621
76561197960893624
76561197960893625
76561197960893626
76561197960893627
76561197960893628
76561197960893632
76561197960893635
76561197960893636
76561197960893638
76561197960893639
76561197960893641
76561197960893642
76561197960893643
76561197960893644
76561197960893645
76561197960893649
76561197960893650
76561197960893651
76561197960893654
76561197960893656
76561197960893657
76561197960893658
76561197960893659
76561197960893660
76561197960893661
76561197960893663
76561197960893664
76561197960893665
76561197960893666
76561197960893667
76561197960893671
76561197960893672
76561197960893673
76561197960893674
76561197960893677
76561197960893678
76561197960893679
76561197960893680
76561197960893684
76561197960893685
76561197960893686
76561197960893687
76561197960893688
76561197960893689
76561197960893690
76561197960893691
76561197960893692
76561197960893693
76561197960893694
76561197960893696
76561197960893697
76561197960893698
76561197960893700
76561197960893701
76561197960893702
76561197960893703
76561197960893705
76561197960893706
76561197960893709
76561197960893713
76561197960893714
76561197960893715
76561197960893716
76561197960893717
76561197960893719
76561197960893725
76561197960893726
76561197960893727
76561197960893728
76561197960893730
76561197960893734
76561197960893735
76561197960893736
76561197960893739
76561197960893743
76561197960893745
76561197960893749
76561197960893750
76561197960893753
76561197960893754
76561197960893756
76561197960893757
76561197960893758
76561197960893759
76561197960893760
76561197960893761
76561197960893765
76561197960893767
76561197960893768
76561197960893769
76561197960893770
76561197960893773
76561197960893774
76561197960893775
76561197960893777
76561197960893779
76561197960893780
76561197960893782
76561197960893783
76561197960893784
76561197960893785
76561197960893786
76561197960893787
76561197960893788
76561197960893790
76561197960893792
76561197960893793
76561197960893796
76561197960893797
76561197960893799
76561197960893800
76561197960893803
76561197960893804
76561197960893805
76561197960893806
76561197960893808
76561197960893809
76561197960893810
76561197960893811
76561197960893815
76561197960893816
76561197960893817
76561197960893819
76561197960893820
76561197960893822
76561197960893825
76561197960893827
76561197960893828
76561197960893829
76561197960893832
76561197960893834
76561197960893835
76561197960893836
76561197960893841
76561197960893842
76561197960893845
76561197960893846
76561197960893850
76561197960893851
76561197960893852
76561197960893854
76561197960893855
76561197960893856
76561197960893857
76561197960893861
76561197960893862
76561197960893863
76561197960893865
76561197960893866
76561197960893869
76561197960893870
76561197960893871
76561197960893872
76561197960893876
76561197960893877
76561197960893878
76561197960893879
76561197960893880
76561197960893881
76561197960893884
76561197960893888
76561197960893889
76561197960893890
76561197960893893
76561197960893894
76561197960893896
76561197960893899
76561197960893901
76561197960893902
76561197960893903
76561197960893904
76561197960893906
76561197960893907
76561197960893908
76561197960893909
76561197960893910
76561197960893911
76561197960893912
76561197960893913
76561197960893917
76561197960893918
76561197960893921
76561197960893922
76561197960893923
76561197960893927
76561197960893928
76561197960893930
76561197960893931
76561197960893935
76561197960893937
76561197960893940
76561197960893941
76561197960893943
76561197960893947
76561197960893948
76561197960893949
76561197960893950
76561197960893951
76561197960893952
76561197960893954
76561197960893956
76561197960893957
76561197960893958
76561197960893959
76561197960893961
76561197960893964
76561197960893965
76561197960893966
76561197960893967
76561197960893968
76561197960893969
76561197960893971
76561197960893972
76561197960893975
76561197960893976
76561197960893978
76561197960893980
76561197960893981
76561197960893982
76561197960893983
76561197960893985
76561197960893986
76561197960893988
76561197960893989
76561197960893990
76561197960893994
76561197960893995
76561197960893996
76561197960893997
76561197960893998
76561197960893999
76561197960894000
76561197960894002
76561197960894003
76561197960894004
76561197960894005
76561197960894009
76561197960894017
76561197960894019
76561197960894020
76561197960894021
76561197960894022
76561197960894023
76561197960894025
76561197960894026
76561197960894027
76561197960894030
76561197960894031
76561197960894032
76561197960894034
76561197960894035
76561197960894036
76561197960894037
76561197960894038
76561197960894041
76561197960894042
76561197960894044
76561197960894045
76561197960894050
76561197960894053
76561197960894054
76561197960894056
76561197960894057
76561197960894058
76561197960894059
76561197960894061
76561197960894062
76561197960894063
76561197960894067
76561197960894069
76561197960894070
76561197960894071
76561197960894072
76561197960894074
76561197960894075
76561197960894076
76561197960894078
76561197960894082
76561197960894083
76561197960894086
76561197960894087
76561197960894089
76561197960894090
76561197960894091
76561197960894092
76561197960894093
76561197960894096
76561197960894099
76561197960894100
76561197960894102
76561197960894103
76561197960894106
76561197960894108
76561197960894109
76561197960894112
76561197960894113
76561197960894114
76561197960894116
76561197960894117
76561197960894118
76561197960894119
76561197960894121
76561197960894122
76561197960894123
76561197960894125
76561197960894127
76561197960894129
76561197960894131
76561197960894135
76561197960894136
76561197960894137
76561197960894139
76561197960894141
76561197960894146
76561197960894147
76561197960894148
76561197960894152
76561197960894153
76561197960894154
76561197960894155
76561197960894156
76561197960894158
76561197960894160
76561197960894161
76561197960894162
76561197960894164
76561197960894167
76561197960894168
76561197960894169
76561197960894171
76561197960894177
76561197960894179
76561197960894180
76561197960894181
76561197960894182
76561197960894183
76561197960894184
76561197960894186
76561197960894188
76561197960894191
76561197960894193
76561197960894194
76561197960894195
76561197960894196
76561197960894197
76561197960894199
76561197960894200
76561197960894201
76561197960894204
76561197960894206
76561197960894209
76561197960894210
76561197960894211
76561197960894212
76561197960894213
76561197960894215
76561197960894216
76561197960894217
76561197960894220
76561197960894222
76561197960894224
76561197960894225
76561197960894228
76561197960894230
76561197960894231
76561197960894232
76561197960894233
76561197960894237
76561197960894238
76561197960894239
76561197960894244
76561197960894245
76561197960894246
76561197960894247
76561197960894248
76561197960894251
76561197960894253
76561197960894255
76561197960894257
76561197960894258
76561197960894259
76561197960894260
76561197960894263
76561197960894264
76561197960894265
76561197960894267
76561197960894269
76561197960894270
76561197960894271
76561197960894273
76561197960894274
76561197960894275
76561197960894276
76561197960894278
76561197960894280
76561197960894281
76561197960894282
76561197960894283
76561197960894285
76561197960894286
76561197960894287
76561197960894288
76561197960894289
76561197960894292
76561197960894293
76561197960894295
76561197960894297
76561197960894298
76561197960894300
76561197960894301
76561197960894302
76561197960894304
76561197960894305
76561197960894308
76561197960894311
76561197960894316
76561197960894318
76561197960894321
76561197960894323
76561197960894325
76561197960894327
76561197960894330
76561197960894333
76561197960894334
76561197960894335
76561197960894336
76561197960894337
76561197960894338
76561197960894340
76561197960894341
76561197960894342
76561197960894344
76561197960894345
76561197960894346
76561197960894349
76561197960894350
76561197960894353
76561197960894354
76561197960894355
76561197960894358
76561197960894359
76561197960894360
76561197960894364
76561197960894366
76561197960894367
76561197960894370
76561197960894371
76561197960894372
76561197960894373
76561197960894374
76561197960894378
76561197960894382
76561197960894383
76561197960894384
76561197960894385
76561197960894386
76561197960894387
76561197960894389
76561197960894390
76561197960894391
76561197960894394
76561197960894395
76561197960894397
76561197960894398
76561197960894402
76561197960894404
76561197960894405
76561197960894407
76561197960894410
76561197960894411
76561197960894412
76561197960894413
76561197960894415
