76561197961308190
76561197961308191
76561197961308194
76561197961308197
76561197961308198
76561197961308199
76561197961308200
76561197961308202
76561197961308203
76561197961308204
76561197961308206
76561197961308207
76561197961308208
76561197961308209
76561197961308211
76561197961308213
76561197961308215
76561197961308216
76561197961308219
76561197961308220
76561197961308221
76561197961308222
76561197961308223
76561197961308224
76561197961308227
76561197961308229
76561197961308230
76561197961308231
76561197961308232
76561197961308233
76561197961308234
76561197961308235
76561197961308236
76561197961308239
76561197961308240
76561197961308242
76561197961308243
76561197961308244
76561197961308247
76561197961308248
76561197961308251
76561197961308252
76561197961308253
76561197961308254
76561197961308255
76561197961308260
76561197961308262
76561197961308264
76561197961308266
76561197961308269
76561197961308270
76561197961308274
76561197961308275
76561197961308276
76561197961308277
76561197961308278
76561197961308285
76561197961308287
76561197961308289
76561197961308290
76561197961308292
76561197961308293
76561197961308295
76561197961308297
76561197961308299
76561197961308300
76561197961308301
76561197961308305
76561197961308306
76561197961308308
76561197961308310
76561197961308311
76561197961308312
76561197961308313
76561197961308314
76561197961308315
76561197961308316
76561197961308318
76561197961308319
76561197961308320
76561197961308321
76561197961308322
76561197961308324
76561197961308325
76561197961308327
76561197961308328
76561197961308329
76561197961308330
76561197961308335
76561197961308336
76561197961308337
76561197961308339
76561197961308340
76561197961308341
76561197961308342
76561197961308343
76561197961308344
76561197961308346
76561197961308347
76561197961308348
76561197961308349
76561197961308351
76561197961308353
76561197961308354
76561197961308355
76561197961308357
76561197961308361
76561197961308363
76561197961308364
76561197961308365
76561197961308367
76561197961308369
76561197961308370
76561197961308372
76561197961308373
76561197961308374
76561197961308375
76561197961308376
76561197961308378
76561197961308380
76561197961308381
76561197961308382
76561197961308384
76561197961308386
76561197961308388
76561197961308389
76561197961308390
76561197961308391
76561197961308392
76561197961308394
76561197961308395
76561197961308397
76561197961308398
76561197961308399
76561197961308400
76561197961308404
76561197961308405
76561197961308407
76561197961308409
76561197961308410
76561197961308411
76561197961308412
76561197961308414
76561197961308415
76561197961308417
76561197961308419
76561197961308420
76561197961308423
76561197961308428
76561197961308429
76561197961308430
76561197961308433
76561197961308435
76561197961308437
76561197961308439
76561197961308440
76561197961308443
76561197961308444
76561197961308445
76561197961308447
76561197961308448
76561197961308449
76561197961308450
76561197961308454
76561197961308457
76561197961308461
76561197961308462
76561197961308463
76561197961308464
76561197961308465
76561197961308466
76561197961308467
76561197961308468
76561197961308470
76561197961308471
76561197961308472
76561197961308474
76561197961308475
76561197961308478
76561197961308479
76561197961308480
76561197961308482
76561197961308483
76561197961308485
76561197961308486
76561197961308488
76561197961308489
76561197961308490
76561197961308492
76561197961308494
76561197961308495
76561197961308496
76561197961308497
76561197961308498
76561197961308500
76561197961308501
76561197961308502
76561197961308503
76561197961308504
76561197961308505
76561197961308507
76561197961308509
76561197961308510
76561197961308511
76561197961308513
76561197961308514
76561197961308516
76561197961308517
76561197961308518
76561197961308519
76561197961308520
76561197961308521
76561197961308524
76561197961308527
76561197961308528
76561197961308530
76561197961308531
76561197961308532
76561197961308533
76561197961308534
76561197961308535
76561197961308536
76561197961308538
76561197961308539
76561197961308540
76561197961308541
76561197961308542
76561197961308544
76561197961308545
76561197961308547
76561197961308549
76561197961308552
76561197961308553
76561197961308554
76561197961308555
76561197961308556
76561197961308557
76561197961308561
76561197961308562
76561197961308564
76561197961308566
76561197961308567
76561197961308568
76561197961308569
76561197961308573
76561197961308576
76561197961308577
76561197961308579
76561197961308580
76561197961308583
76561197961308584
76561197961308586
76561197961308587
76561197961308588
76561197961308590
76561197961308592
76561197961308597
76561197961308598
76561197961308599
76561197961308602
76561197961308603
76561197961308604
76561197961308606
76561197961308608
76561197961308609
76561197961308610
76561197961308611
76561197961308613
76561197961308614
76561197961308615
76561197961308617
76561197961308619
76561197961308620
76561197961308622
76561197961308623
76561197961308626
76561197961308628
76561197961308629
76561197961308631
76561197961308632
76561197961308634
76561197961308635
76561197961308636
76561197961308637
76561197961308638
76561197961308639
76561197961308640
76561197961308641
76561197961308642
76561197961308643
76561197961308644
76561197961308645
76561197961308646
76561197961308647
76561197961308648
76561197961308652
76561197961308653
76561197961308655
76561197961308656
76561197961308657
76561197961308658
76561197961308659
76561197961308661
76561197961308662
76561197961308663
76561197961308666
76561197961308668
76561197961308670
76561197961308671
76561197961308673
76561197961308675
76561197961308676
76561197961308677
76561197961308678
76561197961308679
76561197961308680
76561197961308682
76561197961308684
76561197961308686
76561197961308687
76561197961308692
76561197961308693
76561197961308694
76561197961308696
76561197961308698
76561197961308699
76561197961308700
76561197961308701
76561197961308702
76561197961308703
76561197961308704
76561197961308705
76561197961308707
76561197961308708
76561197961308709
76561197961308710
76561197961308712
76561197961308713
76561197961308715
76561197961308716
76561197961308718
76561197961308719
76561197961308721
76561197961308722
76561197961308723
76561197961308724
76561197961308725
76561197961308726
76561197961308728
76561197961308729
76561197961308730
76561197961308732
76561197961308733
76561197961308734
76561197961308737
76561197961308738
76561197961308739
76561197961308745
76561197961308748
76561197961308757
76561197961308759
76561197961308760
76561197961308762
76561197961308763
76561197961308764
76561197961308765
76561197961308767
76561197961308768
76561197961308769
76561197961308771
76561197961308772
76561197961308774
76561197961308775
76561197961308777
76561197961308780
76561197961308781
76561197961308782
76561197961308783
76561197961308784
76561197961308785
76561197961308786
76561197961308787
76561197961308788
76561197961308789
76561197961308790
76561197961308791
76561197961308792
76561197961308794
76561197961308796
76561197961308799
76561197961308800
76561197961308801
76561197961308802
76561197961308803
76561197961308804
76561197961308806
76561197961308807
76561197961308808
76561197961308809
76561197961308812
76561197961308813
76561197961308816
76561197961308818
76561197961308819
76561197961308820
76561197961308824
76561197961308825
76561197961308826
76561197961308827
76561197961308828
76561197961308830
76561197961308835
76561197961308836
76561197961308838
76561197961308839
76561197961308840
76561197961308841
76561197961308842
76561197961308844
76561197961308845
76561197961308847
76561197961308848
76561197961308849
76561197961308850
76561197961308853
76561197961308856
76561197961308857
76561197961308858
76561197961308860
76561197961308861
76561197961308862
76561197961308863
76561197961308864
76561197961308865
76561197961308866
76561197961308868
76561197961308871
76561197961308872
76561197961308873
76561197961308875
76561197961308877
76561197961308881
76561197961308882
76561197961308883
76561197961308884
76561197961308885
76561197961308886
76561197961308887
76561197961308891
76561197961308894
76561197961308895
76561197961308896
76561197961308898
76561197961308899
76561197961308900
76561197961308901
76561197961308902
76561197961308903
76561197961308904
76561197961308905
76561197961308906
76561197961308907
76561197961308908
76561197961308909
76561197961308910
76561197961308911
76561197961308912
76561197961308913
76561197961308915
76561197961308916
76561197961308918
76561197961308919
76561197961308920
76561197961308923
76561197961308924
76561197961308925
76561197961308926
76561197961308927
76561197961308928
76561197961308929
76561197961308930
76561197961308931
76561197961308933
76561197961308934
76561197961308935
76561197961308936
76561197961308937
76561197961308938
76561197961308939
76561197961308941
76561197961308942
76561197961308944
76561197961308945
76561197961308947
76561197961308951
76561197961308952
76561197961308954
76561197961308956
76561197961308957
76561197961308958
76561197961308959
76561197961308961
76561197961308962
76561197961308963
76561197961308965
76561197961308967
76561197961308968
76561197961308969
76561197961308970
76561197961308973
76561197961308974
76561197961308975
76561197961308976
76561197961308979
76561197961308980
76561197961308982
76561197961308986
76561197961308987
76561197961308988
76561197961308990
76561197961308991
76561197961308994
76561197961308995
76561197961308999
76561197961309001
76561197961309003
76561197961309005
76561197961309006
76561197961309007
76561197961309008
76561197961309009
76561197961309010
76561197961309011
76561197961309012
76561197961309014
76561197961309015
76561197961309017
76561197961309018
76561197961309019
76561197961309021
76561197961309023
76561197961309025
76561197961309026
76561197961309027
76561197961309028
76561197961309029
76561197961309030
76561197961309031
76561197961309032
76561197961309033
76561197961309034
76561197961309036
76561197961309037
76561197961309039
76561197961309041
76561197961309042
76561197961309043
76561197961309044
76561197961309045
76561197961309048
76561197961309050
76561197961309051
76561197961309053
76561197961309054
76561197961309055
76561197961309056
76561197961309058
76561197961309061
76561197961309065
76561197961309066
76561197961309067
76561197961309068
76561197961309069
76561197961309070
76561197961309071
76561197961309072
76561197961309074
76561197961309075
76561197961309076
76561197961309077
76561197961309080
76561197961309081
76561197961309082
76561197961309083
76561197961309086
76561197961309088
76561197961309089
76561197961309090
76561197961309091
76561197961309093
76561197961309094
76561197961309095
76561197961309096
76561197961309098
76561197961309099
76561197961309101
76561197961309102
76561197961309103
76561197961309107
76561197961309109
76561197961309110
76561197961309111
76561197961309112
76561197961309113
76561197961309114
76561197961309118
76561197961309122
76561197961309123
76561197961309124
76561197961309125
76561197961309128
76561197961309129
76561197961309130
76561197961309131
76561197961309132
76561197961309133
76561197961309134
76561197961309135
76561197961309136
76561197961309137
76561197961309138
76561197961309140
76561197961309141
76561197961309142
76561197961309143
76561197961309144
76561197961309145
76561197961309146
76561197961309147
76561197961309149
76561197961309150
76561197961309151
76561197961309154
76561197961309156
76561197961309157
76561197961309158
76561197961309160
76561197961309162
76561197961309164
76561197961309165
76561197961309167
76561197961309168
76561197961309171
76561197961309172
76561197961309173
76561197961309175
76561197961309176
76561197961309180
76561197961309181
76561197961309182
76561197961309185
76561197961309186
76561197961309188
76561197961309189
76561197961309191
76561197961309192
76561197961309193
76561197961309194
76561197961309196
76561197961309198
76561197961309200
76561197961309201
76561197961309204
76561197961309205
76561197961309207
76561197961309209
76561197961309210
76561197961309211
76561197961309212
76561197961309213
76561197961309215
76561197961309219
76561197961309221
76561197961309222
76561197961309225
76561197961309226
76561197961309227
76561197961309228
76561197961309229
76561197961309231
76561197961309232
76561197961309233
76561197961309235
76561197961309236
76561197961309237
76561197961309238
76561197961309239
76561197961309240
76561197961309241
76561197961309242
76561197961309243
76561197961309245
76561197961309247
76561197961309248
76561197961309249
76561197961309251
76561197961309252
76561197961309253
76561197961309255
76561197961309256
76561197961309257
76561197961309258
76561197961309259
76561197961309262
76561197961309264
76561197961309265
76561197961309268
76561197961309270
76561197961309271
76561197961309272
76561197961309273
76561197961309274
76561197961309276
76561197961309278
76561197961309279
76561197961309280
76561197961309281
76561197961309282
76561197961309283
76561197961309284
76561197961309285
76561197961309286
76561197961309287
76561197961309290
76561197961309291
76561197961309292
76561197961309293
76561197961309294
76561197961309295
76561197961309296
76561197961309297
76561197961309298
76561197961309300
76561197961309302
76561197961309304
76561197961309305
76561197961309306
76561197961309309
76561197961309311
76561197961309312
76561197961309314
76561197961309317
76561197961309319
76561197961309320
76561197961309321
76561197961309324
76561197961309326
76561197961309327
76561197961309328
76561197961309331
76561197961309332
76561197961309333
76561197961309334
76561197961309335
76561197961309336
76561197961309337
76561197961309338
76561197961309340
76561197961309341
76561197961309347
76561197961309348
76561197961309349
76561197961309350
76561197961309351
76561197961309352
76561197961309353
76561197961309356
76561197961309357
76561197961309358
76561197961309359
76561197961309360
76561197961309361
76561197961309362
76561197961309368
76561197961309372
76561197961309373
76561197961309374
76561197961309376
76561197961309377
76561197961309378
76561197961309379
76561197961309380
76561197961309381
76561197961309384
76561197961309385
76561197961309386
76561197961309387
76561197961309390
76561197961309391
76561197961309392
76561197961309393
76561197961309394
76561197961309396
76561197961309397
76561197961309398
76561197961309400
76561197961309401
76561197961309403
76561197961309404
76561197961309405
76561197961309406
76561197961309411
76561197961309412
76561197961309413
76561197961309415
76561197961309417
76561197961309418
76561197961309419
76561197961309420
76561197961309421
76561197961309422
76561197961309423
76561197961309424
76561197961309425
76561197961309426
76561197961309427
76561197961309429
76561197961309430
76561197961309431
76561197961309434
76561197961309435
76561197961309441
76561197961309443
76561197961309444
76561197961309445
76561197961309449
76561197961309450
76561197961309451
76561197961309454
76561197961309455
76561197961309458
76561197961309459
76561197961309461
76561197961309462
76561197961309464
76561197961309465
76561197961309466
76561197961309467
76561197961309468
76561197961309471
76561197961309472
76561197961309473
76561197961309474
76561197961309475
76561197961309476
76561197961309478
76561197961309479
76561197961309480
76561197961309482
76561197961309484
76561197961309485
76561197961309486
76561197961309487
76561197961309489
76561197961309491
76561197961309492
76561197961309493
76561197961309495
76561197961309497
76561197961309498
76561197961309499
76561197961309500
76561197961309501
76561197961309503
76561197961309504
76561197961309506
76561197961309507
76561197961309510
76561197961309512
76561197961309513
76561197961309514
76561197961309515
76561197961309516
76561197961309518
76561197961309519
76561197961309520
76561197961309522
76561197961309523
76561197961309524
76561197961309525
76561197961309526
76561197961309527
76561197961309528
76561197961309529
76561197961309530
76561197961309532
76561197961309533
76561197961309534
76561197961309540
76561197961309541
76561197961309542
76561197961309543
76561197961309545
76561197961309546
76561197961309548
76561197961309549
76561197961309550
76561197961309552
76561197961309553
76561197961309555
76561197961309556
76561197961309558
76561197961309559
76561197961309560
76561197961309561
76561197961309562
76561197961309565
76561197961309567
76561197961309568
76561197961309569
76561197961309571
76561197961309572
76561197961309573
76561197961309574
76561197961309575
76561197961309576
76561197961309577
76561197961309578
76561197961309579
76561197961309580
76561197961309581
76561197961309583
76561197961309584
76561197961309585
76561197961309586
76561197961309587
76561197961309588
76561197961309589
76561197961309592
76561197961309593
76561197961309596
76561197961309598
76561197961309599
76561197961309600
76561197961309601
76561197961309603
76561197961309604
76561197961309607
76561197961309608
76561197961309609
76561197961309610
76561197961309611
76561197961309612
76561197961309614
76561197961309615
76561197961309616
76561197961309618
76561197961309619
76561197961309620
76561197961309621
76561197961309622
76561197961309623
76561197961309625
76561197961309626
76561197961309627
76561197961309629
76561197961309631
76561197961309632
76561197961309633
76561197961309634
76561197961309635
76561197961309636
76561197961309637
76561197961309638
76561197961309639
76561197961309641
76561197961309642
76561197961309643
76561197961309644
76561197961309645
76561197961309647
76561197961309649
76561197961309650
76561197961309652
76561197961309653
76561197961309654
76561197961309655
76561197961309658
76561197961309659
76561197961309660
76561197961309661
76561197961309662
76561197961309663
76561197961309667
76561197961309669
76561197961309670
76561197961309671
76561197961309672
76561197961309673
76561197961309674
76561197961309676
76561197961309677
76561197961309678
76561197961309679
76561197961309680
76561197961309681
76561197961309683
76561197961309685
76561197961309687
76561197961309688
