76561197961312861
76561197961312862
76561197961312863
76561197961312866
76561197961312867
76561197961312868
76561197961312871
76561197961312874
76561197961312875
76561197961312876
76561197961312877
76561197961312878
76561197961312879
76561197961312882
76561197961312884
76561197961312885
76561197961312888
76561197961312889
76561197961312890
76561197961312893
76561197961312895
76561197961312898
76561197961312900
76561197961312904
76561197961312905
76561197961312906
76561197961312910
76561197961312911
76561197961312912
76561197961312913
76561197961312914
76561197961312915
76561197961312916
76561197961312918
76561197961312920
76561197961312922
76561197961312924
76561197961312925
76561197961312926
76561197961312927
76561197961312931
76561197961312934
76561197961312936
76561197961312937
76561197961312938
76561197961312939
76561197961312941
76561197961312942
76561197961312944
76561197961312945
76561197961312948
76561197961312949
76561197961312951
76561197961312952
76561197961312954
76561197961312955
76561197961312956
76561197961312957
76561197961312959
76561197961312961
76561197961312962
76561197961312964
76561197961312965
76561197961312966
76561197961312968
76561197961312969
76561197961312970
76561197961312971
76561197961312973
76561197961312976
76561197961312978
76561197961312980
76561197961312981
76561197961312982
76561197961312983
76561197961312984
76561197961312985
76561197961312986
76561197961312987
76561197961312989
76561197961312990
76561197961312992
76561197961312993
76561197961312994
76561197961312995
76561197961312999
76561197961313000
76561197961313001
76561197961313002
76561197961313003
76561197961313004
76561197961313006
76561197961313007
76561197961313008
76561197961313009
76561197961313010
76561197961313011
76561197961313013
76561197961313014
76561197961313015
76561197961313016
76561197961313017
76561197961313018
76561197961313022
76561197961313025
76561197961313026
76561197961313027
76561197961313029
76561197961313032
76561197961313034
76561197961313035
76561197961313036
76561197961313038
76561197961313039
76561197961313042
76561197961313044
76561197961313045
76561197961313046
76561197961313048
76561197961313049
76561197961313050
76561197961313052
76561197961313055
76561197961313056
76561197961313057
76561197961313058
76561197961313059
76561197961313060
76561197961313062
76561197961313064
76561197961313066
76561197961313067
76561197961313068
76561197961313070
76561197961313071
76561197961313072
76561197961313073
76561197961313074
76561197961313075
76561197961313076
76561197961313077
76561197961313078
76561197961313082
76561197961313084
76561197961313085
76561197961313086
76561197961313087
76561197961313090
76561197961313091
76561197961313095
76561197961313097
76561197961313098
76561197961313102
76561197961313103
76561197961313105
76561197961313108
76561197961313109
76561197961313111
76561197961313113
76561197961313115
76561197961313116
76561197961313117
76561197961313118
76561197961313119
76561197961313120
76561197961313121
76561197961313124
76561197961313126
76561197961313128
76561197961313129
76561197961313130
76561197961313131
76561197961313134
76561197961313137
76561197961313139
76561197961313142
76561197961313144
76561197961313145
76561197961313150
76561197961313152
76561197961313154
76561197961313155
76561197961313156
76561197961313157
76561197961313160
76561197961313161
76561197961313162
76561197961313165
76561197961313166
76561197961313167
76561197961313168
76561197961313169
76561197961313172
76561197961313176
76561197961313178
76561197961313179
76561197961313181
76561197961313182
76561197961313184
76561197961313186
76561197961313187
76561197961313189
76561197961313191
76561197961313193
76561197961313194
76561197961313196
76561197961313198
76561197961313199
76561197961313200
76561197961313204
76561197961313205
76561197961313206
76561197961313208
76561197961313209
76561197961313211
76561197961313212
76561197961313214
76561197961313215
76561197961313216
76561197961313217
76561197961313219
76561197961313220
76561197961313221
76561197961313222
76561197961313224
76561197961313225
76561197961313226
76561197961313227
76561197961313228
76561197961313230
76561197961313231
76561197961313233
76561197961313234
76561197961313235
76561197961313237
76561197961313239
76561197961313240
76561197961313242
76561197961313243
76561197961313244
76561197961313245
76561197961313246
76561197961313247
76561197961313248
76561197961313250
76561197961313251
76561197961313252
76561197961313253
76561197961313254
76561197961313255
76561197961313256
76561197961313258
76561197961313259
76561197961313260
76561197961313261
76561197961313262
76561197961313263
76561197961313264
76561197961313266
76561197961313268
76561197961313270
76561197961313273
76561197961313274
76561197961313277
76561197961313279
76561197961313281
76561197961313282
76561197961313283
76561197961313284
76561197961313287
76561197961313289
76561197961313290
76561197961313291
76561197961313292
76561197961313293
76561197961313294
76561197961313297
76561197961313298
76561197961313299
76561197961313300
76561197961313302
76561197961313307
76561197961313308
76561197961313310
76561197961313315
76561197961313318
76561197961313319
76561197961313320
76561197961313321
76561197961313322
76561197961313324
76561197961313327
76561197961313328
76561197961313329
76561197961313330
76561197961313331
76561197961313333
76561197961313334
76561197961313335
76561197961313336
76561197961313337
76561197961313338
76561197961313339
76561197961313340
76561197961313341
76561197961313342
76561197961313343
76561197961313346
76561197961313348
76561197961313350
76561197961313351
76561197961313352
76561197961313353
76561197961313355
76561197961313356
76561197961313357
76561197961313360
76561197961313361
76561197961313362
76561197961313363
76561197961313364
76561197961313366
76561197961313368
76561197961313371
76561197961313374
76561197961313375
76561197961313376
76561197961313378
76561197961313379
76561197961313380
76561197961313381
76561197961313382
76561197961313383
76561197961313384
76561197961313386
76561197961313387
76561197961313388
76561197961313390
76561197961313391
76561197961313392
76561197961313393
76561197961313395
76561197961313396
76561197961313398
76561197961313400
76561197961313401
76561197961313403
76561197961313405
76561197961313406
76561197961313408
76561197961313409
76561197961313410
76561197961313411
76561197961313412
76561197961313414
76561197961313415
76561197961313416
76561197961313420
76561197961313421
76561197961313422
76561197961313424
76561197961313425
76561197961313428
76561197961313430
76561197961313431
76561197961313432
76561197961313433
76561197961313434
76561197961313435
76561197961313436
76561197961313438
76561197961313439
76561197961313440
76561197961313441
76561197961313447
76561197961313448
76561197961313449
76561197961313450
76561197961313451
76561197961313452
76561197961313453
76561197961313454
76561197961313455
76561197961313456
76561197961313457
76561197961313458
76561197961313460
76561197961313462
76561197961313463
76561197961313465
76561197961313466
76561197961313468
76561197961313469
76561197961313470
76561197961313471
76561197961313473
76561197961313474
76561197961313476
76561197961313477
76561197961313478
76561197961313479
76561197961313480
76561197961313481
76561197961313482
76561197961313483
76561197961313485
76561197961313486
76561197961313489
76561197961313490
76561197961313491
76561197961313493
76561197961313494
76561197961313495
76561197961313496
76561197961313497
76561197961313498
76561197961313500
76561197961313501
76561197961313502
76561197961313503
76561197961313505
76561197961313507
76561197961313509
76561197961313510
76561197961313511
76561197961313514
76561197961313516
76561197961313517
76561197961313518
76561197961313519
76561197961313520
76561197961313521
76561197961313522
76561197961313524
76561197961313526
76561197961313527
76561197961313529
76561197961313531
76561197961313532
76561197961313533
76561197961313534
76561197961313535
76561197961313536
76561197961313537
76561197961313538
76561197961313540
76561197961313541
76561197961313542
76561197961313543
76561197961313544
76561197961313546
76561197961313548
76561197961313551
76561197961313553
76561197961313554
76561197961313555
76561197961313559
76561197961313561
76561197961313562
76561197961313563
76561197961313564
76561197961313565
76561197961313566
76561197961313568
76561197961313570
76561197961313572
76561197961313574
76561197961313575
76561197961313576
76561197961313580
76561197961313583
76561197961313584
76561197961313588
76561197961313589
76561197961313590
76561197961313591
76561197961313592
76561197961313593
76561197961313594
76561197961313595
76561197961313596
76561197961313597
76561197961313598
76561197961313599
76561197961313602
76561197961313603
76561197961313605
76561197961313606
76561197961313607
76561197961313608
76561197961313609
76561197961313610
76561197961313612
76561197961313616
76561197961313618
76561197961313620
76561197961313621
76561197961313622
76561197961313624
76561197961313625
76561197961313627
76561197961313630
76561197961313631
76561197961313633
76561197961313634
76561197961313636
76561197961313638
76561197961313639
76561197961313641
76561197961313642
76561197961313643
76561197961313644
76561197961313647
76561197961313648
76561197961313649
76561197961313651
76561197961313652
76561197961313654
76561197961313655
76561197961313656
76561197961313657
76561197961313658
76561197961313660
76561197961313661
76561197961313662
76561197961313664
76561197961313665
76561197961313666
76561197961313668
76561197961313669
76561197961313671
76561197961313672
76561197961313673
76561197961313674
76561197961313675
76561197961313676
76561197961313678
76561197961313679
76561197961313680
76561197961313682
76561197961313683
76561197961313684
76561197961313685
76561197961313686
76561197961313689
76561197961313690
76561197961313691
76561197961313692
76561197961313693
76561197961313694
76561197961313696
76561197961313698
76561197961313699
76561197961313700
76561197961313701
76561197961313705
76561197961313707
76561197961313708
76561197961313710
76561197961313711
76561197961313712
76561197961313714
76561197961313717
76561197961313718
76561197961313720
76561197961313721
76561197961313722
76561197961313723
76561197961313724
76561197961313725
76561197961313726
76561197961313729
76561197961313731
76561197961313732
76561197961313733
76561197961313734
76561197961313735
76561197961313739
76561197961313740
76561197961313741
76561197961313742
76561197961313743
76561197961313746
76561197961313747
76561197961313750
76561197961313752
76561197961313753
76561197961313756
76561197961313757
76561197961313758
76561197961313761
76561197961313762
76561197961313763
76561197961313764
76561197961313767
76561197961313768
76561197961313769
76561197961313770
76561197961313772
76561197961313773
76561197961313774
76561197961313775
76561197961313776
76561197961313777
76561197961313778
76561197961313780
76561197961313781
76561197961313782
76561197961313783
76561197961313784
76561197961313785
76561197961313788
76561197961313789
76561197961313791
76561197961313792
76561197961313794
76561197961313795
76561197961313796
76561197961313797
76561197961313800
76561197961313804
76561197961313806
76561197961313807
76561197961313808
76561197961313809
76561197961313812
76561197961313817
76561197961313818
76561197961313819
76561197961313820
76561197961313822
76561197961313824
76561197961313825
76561197961313826
76561197961313827
76561197961313828
76561197961313830
76561197961313832
76561197961313835
76561197961313839
76561197961313841
76561197961313843
76561197961313844
76561197961313845
76561197961313846
76561197961313847
76561197961313849
76561197961313850
76561197961313854
76561197961313856
76561197961313857
76561197961313858
76561197961313861
76561197961313862
76561197961313863
76561197961313864
76561197961313867
76561197961313868
76561197961313874
76561197961313876
76561197961313878
76561197961313879
76561197961313884
76561197961313885
76561197961313888
76561197961313889
76561197961313890
76561197961313893
76561197961313894
76561197961313895
76561197961313896
76561197961313899
76561197961313902
76561197961313905
76561197961313908
76561197961313909
76561197961313910
76561197961313912
76561197961313913
76561197961313915
76561197961313916
76561197961313917
76561197961313919
76561197961313920
76561197961313921
76561197961313923
76561197961313924
76561197961313925
76561197961313926
76561197961313927
76561197961313930
76561197961313931
76561197961313939
76561197961313941
76561197961313942
76561197961313943
76561197961313944
76561197961313945
76561197961313946
76561197961313947
76561197961313948
76561197961313949
76561197961313954
76561197961313955
76561197961313956
76561197961313958
76561197961313959
76561197961313961
76561197961313963
76561197961313964
76561197961313967
76561197961313968
76561197961313969
76561197961313970
76561197961313971
76561197961313972
76561197961313973
76561197961313975
76561197961313976
76561197961313977
76561197961313978
76561197961313979
76561197961313980
76561197961313981
76561197961313983
76561197961313984
76561197961313985
76561197961313986
76561197961313987
76561197961313988
76561197961313989
76561197961313991
76561197961313992
76561197961313997
76561197961313998
76561197961313999
76561197961314002
76561197961314004
76561197961314005
76561197961314011
76561197961314012
76561197961314013
76561197961314014
76561197961314016
76561197961314017
76561197961314021
76561197961314022
76561197961314024
76561197961314027
76561197961314028
76561197961314029
76561197961314032
76561197961314033
76561197961314034
76561197961314037
76561197961314038
76561197961314039
76561197961314041
76561197961314043
76561197961314044
76561197961314047
76561197961314050
76561197961314052
76561197961314053
76561197961314056
76561197961314057
76561197961314060
76561197961314062
76561197961314063
76561197961314064
76561197961314065
76561197961314067
76561197961314070
76561197961314071
76561197961314072
76561197961314073
76561197961314074
76561197961314076
76561197961314077
76561197961314079
76561197961314080
76561197961314081
76561197961314082
76561197961314085
76561197961314086
76561197961314087
76561197961314088
76561197961314090
76561197961314091
76561197961314092
76561197961314094
76561197961314097
76561197961314098
76561197961314099
76561197961314100
76561197961314102
76561197961314104
76561197961314105
76561197961314106
76561197961314107
76561197961314109
76561197961314110
76561197961314112
76561197961314113
76561197961314114
76561197961314115
76561197961314116
76561197961314117
76561197961314119
76561197961314120
76561197961314121
76561197961314122
76561197961314123
76561197961314125
76561197961314126
76561197961314127
76561197961314129
76561197961314130
76561197961314132
76561197961314133
76561197961314134
76561197961314135
76561197961314137
76561197961314138
76561197961314139
76561197961314140
76561197961314141
76561197961314143
76561197961314144
76561197961314147
76561197961314149
76561197961314150
76561197961314151
76561197961314152
76561197961314153
76561197961314155
76561197961314157
76561197961314158
76561197961314162
76561197961314163
76561197961314164
76561197961314165
76561197961314166
76561197961314167
76561197961314168
76561197961314170
76561197961314172
76561197961314173
76561197961314174
76561197961314175
76561197961314176
76561197961314177
76561197961314178
76561197961314179
76561197961314180
76561197961314181
76561197961314183
76561197961314184
76561197961314185
76561197961314187
76561197961314188
76561197961314194
76561197961314195
76561197961314196
76561197961314198
76561197961314200
76561197961314201
76561197961314202
76561197961314204
76561197961314206
76561197961314209
76561197961314211
76561197961314212
76561197961314214
76561197961314217
76561197961314219
76561197961314222
76561197961314223
76561197961314227
76561197961314228
76561197961314230
76561197961314231
76561197961314233
76561197961314235
76561197961314237
76561197961314239
76561197961314240
76561197961314241
76561197961314243
76561197961314246
76561197961314249
76561197961314250
76561197961314251
76561197961314258
76561197961314261
76561197961314265
76561197961314268
76561197961314271
76561197961314272
76561197961314275
76561197961314276
76561197961314277
76561197961314278
76561197961314279
76561197961314280
76561197961314282
76561197961314283
76561197961314284
76561197961314285
76561197961314287
76561197961314288
76561197961314290
76561197961314292
76561197961314293
76561197961314294
76561197961314297
76561197961314299
76561197961314300
76561197961314301
76561197961314302
76561197961314303
76561197961314305
76561197961314306
76561197961314307
76561197961314308
76561197961314309
76561197961314313
76561197961314316
76561197961314318
76561197961314321
76561197961314322
76561197961314323
76561197961314324
76561197961314325
76561197961314327
76561197961314328
76561197961314332
76561197961314333
76561197961314334
76561197961314335
76561197961314337
76561197961314338
76561197961314340
76561197961314341
76561197961314342
76561197961314344
76561197961314346
76561197961314347
76561197961314348
76561197961314353
76561197961314354
76561197961314355
76561197961314356
76561197961314358
76561197961314362
76561197961314365
76561197961314366
76561197961314368
76561197961314369
76561197961314371
76561197961314373
76561197961314374
76561197961314375
76561197961314378
76561197961314381
76561197961314382
76561197961314383
76561197961314384
76561197961314385
76561197961314387
76561197961314389
76561197961314392
76561197961314393
76561197961314394
76561197961314395
76561197961314398
76561197961314399
76561197961314400
76561197961314401
76561197961314403
76561197961314405
76561197961314406
76561197961314408
76561197961314411
76561197961314412
76561197961314413
76561197961314416
76561197961314417
76561197961314420
76561197961314421
76561197961314423
76561197961314424
76561197961314425
76561197961314426
76561197961314428
76561197961314430
76561197961314431
76561197961314432
76561197961314433
76561197961314436
