76561197960890888
76561197960890890
76561197960890891
76561197960890892
76561197960890893
76561197960890894
76561197960890895
76561197960890896
76561197960890898
76561197960890900
76561197960890904
76561197960890906
76561197960890908
76561197960890910
76561197960890911
76561197960890912
76561197960890914
76561197960890918
76561197960890921
76561197960890922
76561197960890924
76561197960890925
76561197960890926
76561197960890927
76561197960890928
76561197960890929
76561197960890930
76561197960890931
76561197960890932
76561197960890934
76561197960890937
76561197960890943
76561197960890944
76561197960890945
76561197960890946
76561197960890947
76561197960890951
76561197960890953
76561197960890954
76561197960890956
76561197960890957
76561197960890958
76561197960890959
76561197960890960
76561197960890962
76561197960890963
76561197960890964
76561197960890965
76561197960890968
76561197960890969
76561197960890970
76561197960890971
76561197960890972
76561197960890973
76561197960890974
76561197960890976
76561197960890978
76561197960890979
76561197960890980
76561197960890981
76561197960890982
76561197960890983
76561197960890985
76561197960890987
76561197960890989
76561197960890993
76561197960890994
76561197960890996
76561197960890997
76561197960890998
76561197960891000
76561197960891001
76561197960891002
76561197960891003
76561197960891005
76561197960891008
76561197960891010
76561197960891012
76561197960891015
76561197960891016
76561197960891017
76561197960891020
76561197960891021
76561197960891024
76561197960891027
76561197960891029
76561197960891031
76561197960891032
76561197960891034
76561197960891036
76561197960891037
76561197960891038
76561197960891039
76561197960891044
76561197960891045
76561197960891046
76561197960891051
76561197960891054
76561197960891056
76561197960891057
76561197960891058
76561197960891060
76561197960891064
76561197960891065
76561197960891067
76561197960891068
76561197960891069
76561197960891070
76561197960891071
76561197960891073
76561197960891075
76561197960891076
76561197960891077
76561197960891078
76561197960891079
76561197960891081
76561197960891082
76561197960891084
76561197960891087
76561197960891089
76561197960891091
76561197960891093
76561197960891095
76561197960891096
76561197960891097
76561197960891098
76561197960891099
76561197960891101
76561197960891102
76561197960891103
76561197960891104
76561197960891106
76561197960891109
76561197960891110
76561197960891111
76561197960891112
76561197960891114
76561197960891117
76561197960891118
76561197960891119
76561197960891120
76561197960891124
76561197960891125
76561197960891127
76561197960891128
76561197960891129
76561197960891130
76561197960891132
76561197960891133
76561197960891139
76561197960891142
76561197960891143
76561197960891145
76561197960891146
76561197960891147
76561197960891148
76561197960891150
76561197960891152
76561197960891154
76561197960891155
76561197960891157
76561197960891158
76561197960891160
76561197960891165
76561197960891167
76561197960891169
76561197960891170
76561197960891173
76561197960891174
76561197960891179
76561197960891185
76561197960891186
76561197960891187
76561197960891190
76561197960891192
76561197960891193
76561197960891196
76561197960891197
76561197960891199
76561197960891202
76561197960891203
76561197960891204
76561197960891206
76561197960891207
76561197960891208
76561197960891209
76561197960891211
76561197960891212
76561197960891214
76561197960891216
76561197960891218
76561197960891220
76561197960891221
76561197960891222
76561197960891223
76561197960891230
76561197960891235
76561197960891236
76561197960891237
76561197960891238
76561197960891239
76561197960891241
76561197960891242
76561197960891243
76561197960891245
76561197960891246
76561197960891248
76561197960891249
76561197960891250
76561197960891252
76561197960891254
76561197960891257
76561197960891258
76561197960891259
76561197960891260
76561197960891261
76561197960891262
76561197960891264
76561197960891268
76561197960891269
76561197960891270
76561197960891273
76561197960891276
76561197960891281
76561197960891282
76561197960891283
76561197960891285
76561197960891286
76561197960891287
76561197960891288
76561197960891292
76561197960891293
76561197960891298
76561197960891300
76561197960891301
76561197960891302
76561197960891303
76561197960891306
76561197960891307
76561197960891308
76561197960891309
76561197960891311
76561197960891313
76561197960891316
76561197960891317
76561197960891318
76561197960891319
76561197960891321
76561197960891322
76561197960891324
76561197960891325
76561197960891327
76561197960891328
76561197960891329
76561197960891330
76561197960891331
76561197960891332
76561197960891333
76561197960891334
76561197960891336
76561197960891337
76561197960891338
76561197960891339
76561197960891343
76561197960891344
76561197960891345
76561197960891346
76561197960891347
76561197960891350
76561197960891351
76561197960891353
76561197960891354
76561197960891358
76561197960891361
76561197960891363
76561197960891364
76561197960891365
76561197960891366
76561197960891369
76561197960891370
76561197960891372
76561197960891374
76561197960891375
76561197960891379
76561197960891380
76561197960891381
76561197960891382
76561197960891384
76561197960891385
76561197960891387
76561197960891388
76561197960891389
76561197960891390
76561197960891391
76561197960891392
76561197960891394
76561197960891397
76561197960891398
76561197960891399
76561197960891403
76561197960891416
76561197960891418
76561197960891419
76561197960891420
76561197960891421
76561197960891422
76561197960891426
76561197960891427
76561197960891428
76561197960891430
76561197960891432
76561197960891434
76561197960891435
76561197960891436
76561197960891437
76561197960891439
76561197960891440
76561197960891443
76561197960891447
76561197960891449
76561197960891452
76561197960891453
76561197960891454
76561197960891456
76561197960891457
76561197960891460
76561197960891461
76561197960891466
76561197960891467
76561197960891470
76561197960891471
76561197960891473
76561197960891474
76561197960891475
76561197960891476
76561197960891477
76561197960891481
76561197960891482
76561197960891483
76561197960891485
76561197960891486
76561197960891487
76561197960891488
76561197960891491
76561197960891494
76561197960891496
76561197960891498
76561197960891500
76561197960891501
76561197960891504
76561197960891506
76561197960891507
76561197960891508
76561197960891509
76561197960891510
76561197960891511
76561197960891512
76561197960891514
76561197960891515
76561197960891516
76561197960891517
76561197960891518
76561197960891520
76561197960891523
76561197960891526
76561197960891528
76561197960891529
76561197960891532
76561197960891534
76561197960891535
76561197960891537
76561197960891538
76561197960891539
76561197960891540
76561197960891541
76561197960891542
76561197960891543
76561197960891544
76561197960891545
76561197960891547
76561197960891549
76561197960891551
76561197960891552
76561197960891554
76561197960891555
76561197960891556
76561197960891557
76561197960891558
76561197960891559
76561197960891562
76561197960891564
76561197960891566
76561197960891568
76561197960891570
76561197960891571
76561197960891572
76561197960891575
76561197960891576
76561197960891579
76561197960891580
76561197960891581
76561197960891582
76561197960891583
76561197960891585
76561197960891589
76561197960891590
76561197960891591
76561197960891592
76561197960891593
76561197960891595
76561197960891596
76561197960891601
76561197960891602
76561197960891604
76561197960891606
76561197960891607
76561197960891609
76561197960891611
76561197960891612
76561197960891614
76561197960891616
76561197960891617
76561197960891619
76561197960891620
76561197960891623
76561197960891626
76561197960891627
76561197960891628
76561197960891629
76561197960891632
76561197960891634
76561197960891635
76561197960891637
76561197960891639
76561197960891640
76561197960891642
76561197960891643
76561197960891644
76561197960891647
76561197960891649
76561197960891650
76561197960891651
76561197960891652
76561197960891653
76561197960891655
76561197960891656
76561197960891663
76561197960891665
76561197960891666
76561197960891668
76561197960891669
76561197960891670
76561197960891673
76561197960891674
76561197960891675
76561197960891678
76561197960891682
76561197960891684
76561197960891687
76561197960891688
76561197960891689
76561197960891690
76561197960891692
76561197960891693
76561197960891694
76561197960891695
76561197960891697
76561197960891698
76561197960891700
76561197960891701
76561197960891708
76561197960891709
76561197960891710
76561197960891712
76561197960891713
76561197960891717
76561197960891718
76561197960891722
76561197960891723
76561197960891724
76561197960891725
76561197960891726
76561197960891727
76561197960891728
76561197960891729
76561197960891730
76561197960891732
76561197960891733
76561197960891734
76561197960891735
76561197960891738
76561197960891740
76561197960891741
76561197960891743
76561197960891744
76561197960891745
76561197960891746
76561197960891748
76561197960891749
76561197960891754
76561197960891755
76561197960891757
76561197960891758
76561197960891762
76561197960891763
76561197960891766
76561197960891769
76561197960891771
76561197960891772
76561197960891773
76561197960891774
76561197960891779
76561197960891784
76561197960891785
76561197960891786
76561197960891788
76561197960891789
76561197960891790
76561197960891791
76561197960891794
76561197960891795
76561197960891797
76561197960891799
76561197960891801
76561197960891802
76561197960891803
76561197960891805
76561197960891807
76561197960891808
76561197960891809
76561197960891811
76561197960891812
76561197960891813
76561197960891816
76561197960891820
76561197960891821
76561197960891822
76561197960891828
76561197960891829
76561197960891834
76561197960891835
76561197960891836
76561197960891838
76561197960891839
76561197960891840
76561197960891842
76561197960891843
76561197960891844
76561197960891845
76561197960891848
76561197960891851
76561197960891852
76561197960891853
76561197960891855
76561197960891857
76561197960891858
76561197960891861
76561197960891862
76561197960891863
76561197960891864
76561197960891865
76561197960891866
76561197960891867
76561197960891868
76561197960891869
76561197960891870
76561197960891871
76561197960891873
76561197960891874
76561197960891876
76561197960891877
76561197960891878
76561197960891880
76561197960891881
76561197960891886
76561197960891889
76561197960891890
76561197960891894
76561197960891895
76561197960891898
76561197960891906
76561197960891907
76561197960891909
76561197960891910
76561197960891912
76561197960891913
76561197960891916
76561197960891919
76561197960891920
76561197960891921
76561197960891922
76561197960891923
76561197960891924
76561197960891925
76561197960891926
76561197960891928
76561197960891929
76561197960891933
76561197960891934
76561197960891935
76561197960891939
76561197960891944
76561197960891946
76561197960891949
76561197960891951
76561197960891952
76561197960891954
76561197960891955
76561197960891956
76561197960891957
76561197960891958
76561197960891959
76561197960891962
76561197960891964
76561197960891965
76561197960891967
76561197960891969
76561197960891970
76561197960891972
76561197960891974
76561197960891977
76561197960891979
76561197960891982
76561197960891986
76561197960891989
76561197960891991
76561197960891992
76561197960891993
76561197960891994
76561197960891995
76561197960891996
76561197960891997
76561197960892000
76561197960892004
76561197960892007
76561197960892008
76561197960892010
76561197960892011
76561197960892013
76561197960892016
76561197960892018
76561197960892020
76561197960892021
76561197960892023
76561197960892024
76561197960892025
76561197960892026
76561197960892029
76561197960892031
76561197960892032
76561197960892033
76561197960892034
76561197960892035
76561197960892036
76561197960892037
76561197960892040
76561197960892041
76561197960892042
76561197960892043
76561197960892047
76561197960892049
76561197960892050
76561197960892052
76561197960892053
76561197960892054
76561197960892056
76561197960892057
76561197960892063
76561197960892067
76561197960892068
76561197960892069
76561197960892070
76561197960892071
76561197960892078
76561197960892079
76561197960892082
76561197960892084
76561197960892085
76561197960892086
76561197960892088
76561197960892089
76561197960892091
76561197960892094
76561197960892097
76561197960892098
76561197960892099
76561197960892101
76561197960892102
76561197960892104
76561197960892106
76561197960892108
76561197960892109
76561197960892110
76561197960892111
76561197960892112
76561197960892113
76561197960892116
76561197960892117
76561197960892119
76561197960892120
76561197960892123
76561197960892124
76561197960892126
76561197960892128
76561197960892130
76561197960892131
76561197960892132
76561197960892133
76561197960892136
76561197960892137
76561197960892141
76561197960892144
76561197960892146
76561197960892147
76561197960892148
76561197960892149
76561197960892150
76561197960892152
76561197960892155
76561197960892156
76561197960892158
76561197960892160
76561197960892162
76561197960892163
76561197960892164
76561197960892166
76561197960892167
76561197960892168
76561197960892169
76561197960892172
76561197960892173
76561197960892174
76561197960892175
76561197960892176
76561197960892177
76561197960892178
76561197960892183
76561197960892184
76561197960892186
76561197960892188
76561197960892189
76561197960892190
76561197960892193
76561197960892194
76561197960892195
76561197960892197
76561197960892199
76561197960892200
76561197960892201
76561197960892203
76561197960892206
76561197960892207
76561197960892214
76561197960892215
76561197960892216
76561197960892221
76561197960892225
76561197960892226
76561197960892227
76561197960892229
76561197960892230
76561197960892232
76561197960892234
76561197960892236
76561197960892238
76561197960892239
76561197960892240
76561197960892241
76561197960892242
76561197960892243
76561197960892247
76561197960892248
76561197960892250
76561197960892252
76561197960892253
76561197960892254
76561197960892255
76561197960892256
76561197960892257
76561197960892259
76561197960892260
76561197960892262
76561197960892264
76561197960892265
76561197960892268
76561197960892270
76561197960892271
76561197960892274
76561197960892277
76561197960892279
76561197960892280
76561197960892282
76561197960892286
76561197960892287
76561197960892288
76561197960892289
76561197960892290
76561197960892291
76561197960892292
76561197960892294
76561197960892296
76561197960892297
76561197960892298
76561197960892299
76561197960892301
76561197960892304
76561197960892306
76561197960892307
76561197960892309
76561197960892313
76561197960892314
76561197960892315
76561197960892316
76561197960892317
76561197960892318
76561197960892319
76561197960892321
76561197960892322
76561197960892323
76561197960892324
76561197960892326
76561197960892327
76561197960892328
76561197960892329
76561197960892334
76561197960892337
76561197960892338
76561197960892339
76561197960892341
76561197960892342
76561197960892344
76561197960892345
76561197960892346
76561197960892347
76561197960892348
76561197960892349
76561197960892350
76561197960892352
76561197960892354
76561197960892357
76561197960892361
76561197960892362
76561197960892363
76561197960892364
76561197960892365
76561197960892366
76561197960892367
76561197960892368
76561197960892369
76561197960892371
76561197960892372
76561197960892374
76561197960892375
76561197960892377
76561197960892381
76561197960892382
76561197960892384
76561197960892385
76561197960892386
76561197960892387
76561197960892388
76561197960892389
76561197960892394
76561197960892397
76561197960892399
76561197960892400
76561197960892401
76561197960892402
76561197960892403
76561197960892404
76561197960892405
76561197960892406
76561197960892411
76561197960892412
76561197960892413
76561197960892415
76561197960892416
76561197960892417
76561197960892418
76561197960892419
76561197960892421
76561197960892425
76561197960892426
76561197960892427
76561197960892429
76561197960892431
76561197960892432
76561197960892436
76561197960892438
76561197960892439
76561197960892440
76561197960892442
76561197960892444
76561197960892446
76561197960892448
76561197960892449
76561197960892450
76561197960892452
76561197960892453
76561197960892454
76561197960892457
76561197960892458
76561197960892460
76561197960892461
76561197960892462
76561197960892463
76561197960892465
76561197960892466
76561197960892468
76561197960892470
76561197960892471
76561197960892474
76561197960892475
76561197960892476
76561197960892477
76561197960892478
76561197960892483
76561197960892487
76561197960892488
76561197960892489
76561197960892490
76561197960892491
76561197960892492
76561197960892493
76561197960892494
76561197960892496
76561197960892497
76561197960892499
76561197960892500
76561197960892502
76561197960892504
76561197960892505
76561197960892512
76561197960892513
76561197960892515
76561197960892516
76561197960892519
76561197960892520
76561197960892521
76561197960892524
76561197960892525
76561197960892527
76561197960892528
76561197960892530
76561197960892531
76561197960892533
76561197960892534
76561197960892536
76561197960892539
76561197960892541
76561197960892542
76561197960892543
76561197960892544
76561197960892550
76561197960892551
76561197960892552
76561197960892553
76561197960892554
76561197960892556
76561197960892557
76561197960892558
76561197960892560
76561197960892561
76561197960892562
76561197960892563
76561197960892564
76561197960892566
76561197960892570
76561197960892571
76561197960892572
76561197960892573
76561197960892574
76561197960892575
76561197960892576
76561197960892577
76561197960892578
76561197960892579
76561197960892580
76561197960892582
76561197960892586
76561197960892588
76561197960892590
76561197960892591
76561197960892594
76561197960892596
76561197960892597
76561197960892598
76561197960892599
76561197960892600
76561197960892601
76561197960892604
76561197960892605
76561197960892609
76561197960892610
76561197960892611
76561197960892612
76561197960892613
76561197960892617
76561197960892618
76561197960892619
