76561197961363201
76561197961363202
76561197961363203
76561197961363205
76561197961363206
76561197961363208
76561197961363210
76561197961363212
76561197961363213
76561197961363214
76561197961363215
76561197961363216
76561197961363217
76561197961363218
76561197961363219
76561197961363220
76561197961363221
76561197961363222
76561197961363223
76561197961363224
76561197961363225
76561197961363226
76561197961363229
76561197961363230
76561197961363232
76561197961363233
76561197961363235
76561197961363237
76561197961363238
76561197961363239
76561197961363240
76561197961363242
76561197961363246
76561197961363249
76561197961363250
76561197961363253
76561197961363254
76561197961363255
76561197961363256
76561197961363257
76561197961363258
76561197961363264
76561197961363265
76561197961363268
76561197961363272
76561197961363273
76561197961363275
76561197961363276
76561197961363277
76561197961363278
76561197961363279
76561197961363280
76561197961363284
76561197961363286
76561197961363287
76561197961363288
76561197961363289
76561197961363290
76561197961363292
76561197961363295
76561197961363296
76561197961363298
76561197961363299
76561197961363300
76561197961363302
76561197961363303
76561197961363307
76561197961363308
76561197961363309
76561197961363310
76561197961363311
76561197961363313
76561197961363314
76561197961363316
76561197961363318
76561197961363320
76561197961363323
76561197961363324
76561197961363325
76561197961363326
76561197961363328
76561197961363329
76561197961363332
76561197961363333
76561197961363334
76561197961363337
76561197961363338
76561197961363339
76561197961363341
76561197961363342
76561197961363343
76561197961363344
76561197961363347
76561197961363348
76561197961363349
76561197961363352
76561197961363353
76561197961363354
76561197961363355
76561197961363358
76561197961363359
76561197961363362
76561197961363367
76561197961363368
76561197961363369
76561197961363371
76561197961363373
76561197961363378
76561197961363379
76561197961363380
76561197961363381
76561197961363382
76561197961363383
76561197961363384
76561197961363385
76561197961363386
76561197961363387
76561197961363388
76561197961363389
76561197961363390
76561197961363391
76561197961363392
76561197961363394
76561197961363395
76561197961363396
76561197961363397
76561197961363398
76561197961363400
76561197961363402
76561197961363403
76561197961363404
76561197961363408
76561197961363411
76561197961363413
76561197961363414
76561197961363416
76561197961363418
76561197961363419
76561197961363420
76561197961363421
76561197961363422
76561197961363424
76561197961363425
76561197961363427
76561197961363428
76561197961363429
76561197961363431
76561197961363432
76561197961363434
76561197961363435
76561197961363436
76561197961363440
76561197961363442
76561197961363443
76561197961363445
76561197961363446
76561197961363448
76561197961363449
76561197961363450
76561197961363456
76561197961363457
76561197961363458
76561197961363461
76561197961363462
76561197961363463
76561197961363464
76561197961363465
76561197961363466
76561197961363468
76561197961363471
76561197961363473
76561197961363475
76561197961363477
76561197961363479
76561197961363481
76561197961363483
76561197961363485
76561197961363486
76561197961363487
76561197961363489
76561197961363490
76561197961363491
76561197961363492
76561197961363493
76561197961363494
76561197961363496
76561197961363500
76561197961363501
76561197961363502
76561197961363506
76561197961363509
76561197961363512
76561197961363513
76561197961363514
76561197961363515
76561197961363516
76561197961363517
76561197961363522
76561197961363529
76561197961363532
76561197961363533
76561197961363534
76561197961363535
76561197961363536
76561197961363537
76561197961363540
76561197961363541
76561197961363542
76561197961363543
76561197961363545
76561197961363546
76561197961363547
76561197961363548
76561197961363555
76561197961363558
76561197961363560
76561197961363562
76561197961363567
76561197961363568
76561197961363570
76561197961363573
76561197961363574
76561197961363575
76561197961363576
76561197961363577
76561197961363578
76561197961363579
76561197961363582
76561197961363583
76561197961363584
76561197961363588
76561197961363589
76561197961363590
76561197961363591
76561197961363592
76561197961363593
76561197961363595
76561197961363596
76561197961363597
76561197961363599
76561197961363601
76561197961363603
76561197961363604
76561197961363605
76561197961363606
76561197961363608
76561197961363609
76561197961363611
76561197961363614
76561197961363616
76561197961363618
76561197961363620
76561197961363621
76561197961363622
76561197961363625
76561197961363626
76561197961363627
76561197961363628
76561197961363630
76561197961363631
76561197961363632
76561197961363633
76561197961363635
76561197961363638
76561197961363639
76561197961363640
76561197961363642
76561197961363643
76561197961363644
76561197961363645
76561197961363646
76561197961363648
76561197961363650
76561197961363652
76561197961363653
76561197961363655
76561197961363658
76561197961363660
76561197961363661
76561197961363666
76561197961363667
76561197961363669
76561197961363670
76561197961363671
76561197961363672
76561197961363673
76561197961363674
76561197961363677
76561197961363679
76561197961363680
76561197961363681
76561197961363682
76561197961363683
76561197961363689
76561197961363692
76561197961363694
76561197961363696
76561197961363697
76561197961363698
76561197961363700
76561197961363701
76561197961363702
76561197961363704
76561197961363705
76561197961363706
76561197961363709
76561197961363711
76561197961363712
76561197961363713
76561197961363716
76561197961363717
76561197961363718
76561197961363721
76561197961363724
76561197961363725
76561197961363727
76561197961363729
76561197961363731
76561197961363732
76561197961363733
76561197961363737
76561197961363739
76561197961363741
76561197961363742
76561197961363745
76561197961363746
76561197961363747
76561197961363748
76561197961363749
76561197961363752
76561197961363753
76561197961363754
76561197961363755
76561197961363756
76561197961363757
76561197961363758
76561197961363759
76561197961363765
76561197961363767
76561197961363768
76561197961363769
76561197961363772
76561197961363774
76561197961363775
76561197961363777
76561197961363778
76561197961363780
76561197961363781
76561197961363783
76561197961363784
76561197961363786
76561197961363787
76561197961363788
76561197961363789
76561197961363793
76561197961363797
76561197961363798
76561197961363799
76561197961363800
76561197961363802
76561197961363803
76561197961363805
76561197961363807
76561197961363809
76561197961363810
76561197961363813
76561197961363814
76561197961363815
76561197961363816
76561197961363818
76561197961363821
76561197961363822
76561197961363823
76561197961363824
76561197961363825
76561197961363827
76561197961363828
76561197961363830
76561197961363831
76561197961363832
76561197961363837
76561197961363838
76561197961363839
76561197961363840
76561197961363842
76561197961363843
76561197961363844
76561197961363847
76561197961363848
76561197961363849
76561197961363850
76561197961363852
76561197961363854
76561197961363855
76561197961363856
76561197961363857
76561197961363862
76561197961363863
76561197961363864
76561197961363867
76561197961363869
76561197961363871
76561197961363873
76561197961363874
76561197961363877
76561197961363879
76561197961363880
76561197961363881
76561197961363883
76561197961363884
76561197961363885
76561197961363886
76561197961363889
76561197961363891
76561197961363894
76561197961363896
76561197961363897
76561197961363903
76561197961363904
76561197961363908
76561197961363909
76561197961363912
76561197961363914
76561197961363915
76561197961363916
76561197961363917
76561197961363918
76561197961363919
76561197961363920
76561197961363921
76561197961363922
76561197961363924
76561197961363925
76561197961363927
76561197961363929
76561197961363931
76561197961363932
76561197961363934
76561197961363935
76561197961363938
76561197961363939
76561197961363940
76561197961363941
76561197961363942
76561197961363943
76561197961363945
76561197961363949
76561197961363951
76561197961363955
76561197961363956
76561197961363957
76561197961363958
76561197961363959
76561197961363960
76561197961363962
76561197961363965
76561197961363966
76561197961363967
76561197961363969
76561197961363970
76561197961363973
76561197961363974
76561197961363976
76561197961363977
76561197961363978
76561197961363980
76561197961363982
76561197961363985
76561197961363987
76561197961363988
76561197961363989
76561197961363990
76561197961363992
76561197961363995
76561197961363996
76561197961363998
76561197961363999
76561197961364000
76561197961364001
76561197961364002
76561197961364003
76561197961364006
76561197961364007
76561197961364008
76561197961364009
76561197961364012
76561197961364013
76561197961364015
76561197961364018
76561197961364019
76561197961364022
76561197961364023
76561197961364027
76561197961364029
76561197961364032
76561197961364034
76561197961364038
76561197961364039
76561197961364040
76561197961364041
76561197961364042
76561197961364043
76561197961364046
76561197961364054
76561197961364055
76561197961364058
76561197961364059
76561197961364061
76561197961364062
76561197961364063
76561197961364065
76561197961364066
76561197961364068
76561197961364069
76561197961364070
76561197961364072
76561197961364073
76561197961364074
76561197961364075
76561197961364076
76561197961364077
76561197961364078
76561197961364079
76561197961364083
76561197961364085
76561197961364087
76561197961364088
76561197961364089
76561197961364090
76561197961364093
76561197961364097
76561197961364098
76561197961364099
76561197961364101
76561197961364103
76561197961364104
76561197961364105
76561197961364106
76561197961364107
76561197961364108
76561197961364112
76561197961364113
76561197961364114
76561197961364116
76561197961364118
76561197961364119
76561197961364120
76561197961364121
76561197961364125
76561197961364127
76561197961364134
76561197961364136
76561197961364138
76561197961364139
76561197961364141
76561197961364144
76561197961364145
76561197961364146
76561197961364147
76561197961364150
76561197961364151
76561197961364153
76561197961364154
76561197961364156
76561197961364157
76561197961364158
76561197961364159
76561197961364160
76561197961364161
76561197961364163
76561197961364164
76561197961364165
76561197961364167
76561197961364168
76561197961364169
76561197961364172
76561197961364173
76561197961364175
76561197961364177
76561197961364178
76561197961364179
76561197961364180
76561197961364182
76561197961364183
76561197961364184
76561197961364185
76561197961364187
76561197961364189
76561197961364190
76561197961364192
76561197961364193
76561197961364196
76561197961364198
76561197961364199
76561197961364200
76561197961364201
76561197961364202
76561197961364203
76561197961364204
76561197961364207
76561197961364208
76561197961364211
76561197961364213
76561197961364214
76561197961364215
76561197961364216
76561197961364217
76561197961364220
76561197961364224
76561197961364226
76561197961364231
76561197961364232
76561197961364235
76561197961364237
76561197961364238
76561197961364240
76561197961364245
76561197961364246
76561197961364247
76561197961364249
76561197961364250
76561197961364251
76561197961364252
76561197961364253
76561197961364254
76561197961364259
76561197961364260
76561197961364267
76561197961364268
76561197961364269
76561197961364272
76561197961364274
76561197961364286
76561197961364287
76561197961364288
76561197961364289
76561197961364291
76561197961364292
76561197961364293
76561197961364294
76561197961364296
76561197961364299
76561197961364300
76561197961364301
76561197961364302
76561197961364303
76561197961364304
76561197961364306
76561197961364308
76561197961364310
76561197961364311
76561197961364314
76561197961364317
76561197961364318
76561197961364319
76561197961364320
76561197961364321
76561197961364322
76561197961364323
76561197961364324
76561197961364326
76561197961364328
76561197961364329
76561197961364330
76561197961364331
76561197961364334
76561197961364336
76561197961364340
76561197961364343
76561197961364344
76561197961364346
76561197961364347
76561197961364349
76561197961364351
76561197961364353
76561197961364356
76561197961364357
76561197961364358
76561197961364359
76561197961364361
76561197961364363
76561197961364367
76561197961364368
76561197961364369
76561197961364371
76561197961364372
76561197961364374
76561197961364380
76561197961364381
76561197961364385
76561197961364386
76561197961364387
76561197961364388
76561197961364389
76561197961364390
76561197961364391
76561197961364392
76561197961364393
76561197961364401
76561197961364402
76561197961364403
76561197961364404
76561197961364405
76561197961364406
76561197961364407
76561197961364413
76561197961364416
76561197961364417
76561197961364418
76561197961364419
76561197961364420
76561197961364421
76561197961364428
76561197961364430
76561197961364434
76561197961364435
76561197961364437
76561197961364438
76561197961364439
76561197961364440
76561197961364441
76561197961364442
76561197961364443
76561197961364444
76561197961364445
76561197961364447
76561197961364448
76561197961364449
76561197961364450
76561197961364452
76561197961364453
76561197961364454
76561197961364455
76561197961364456
76561197961364457
76561197961364458
76561197961364461
76561197961364463
76561197961364464
76561197961364466
76561197961364468
76561197961364469
76561197961364470
76561197961364471
76561197961364477
76561197961364480
76561197961364484
76561197961364486
76561197961364490
76561197961364492
76561197961364493
76561197961364495
76561197961364497
76561197961364498
76561197961364499
76561197961364501
76561197961364503
76561197961364508
76561197961364509
76561197961364514
76561197961364515
76561197961364516
76561197961364517
76561197961364518
76561197961364519
76561197961364521
76561197961364522
76561197961364523
76561197961364526
76561197961364527
76561197961364530
76561197961364532
76561197961364533
76561197961364535
76561197961364536
76561197961364540
76561197961364542
76561197961364546
76561197961364547
76561197961364548
76561197961364549
76561197961364551
76561197961364552
76561197961364558
76561197961364559
76561197961364561
76561197961364563
76561197961364564
76561197961364565
76561197961364567
76561197961364568
76561197961364570
76561197961364572
76561197961364573
76561197961364575
76561197961364577
76561197961364578
76561197961364579
76561197961364580
76561197961364581
76561197961364583
76561197961364585
76561197961364587
76561197961364589
76561197961364590
76561197961364591
76561197961364592
76561197961364593
76561197961364595
76561197961364596
76561197961364597
76561197961364598
76561197961364600
76561197961364602
76561197961364603
76561197961364606
76561197961364607
76561197961364608
76561197961364609
76561197961364610
76561197961364611
76561197961364613
76561197961364615
76561197961364618
76561197961364619
76561197961364620
76561197961364621
76561197961364626
76561197961364628
76561197961364629
76561197961364632
76561197961364634
76561197961364635
76561197961364637
76561197961364638
76561197961364639
76561197961364640
76561197961364642
76561197961364643
76561197961364645
76561197961364647
76561197961364648
76561197961364650
76561197961364653
76561197961364654
76561197961364656
76561197961364657
76561197961364660
76561197961364661
76561197961364668
76561197961364669
76561197961364671
76561197961364672
76561197961364673
76561197961364674
76561197961364675
76561197961364677
76561197961364681
76561197961364682
76561197961364683
76561197961364685
76561197961364686
76561197961364688
76561197961364689
76561197961364690
76561197961364691
76561197961364692
76561197961364693
76561197961364694
76561197961364695
76561197961364696
76561197961364697
76561197961364699
76561197961364703
76561197961364704
76561197961364707
76561197961364708
76561197961364711
76561197961364712
76561197961364716
76561197961364717
76561197961364718
76561197961364720
76561197961364721
76561197961364722
76561197961364723
76561197961364724
76561197961364727
76561197961364728
76561197961364731
76561197961364733
76561197961364734
76561197961364737
76561197961364738
76561197961364739
76561197961364740
76561197961364743
76561197961364744
76561197961364746
76561197961364747
76561197961364749
76561197961364750
76561197961364753
76561197961364755
76561197961364757
76561197961364758
76561197961364759
76561197961364760
76561197961364762
76561197961364763
76561197961364765
76561197961364766
76561197961364767
76561197961364768
76561197961364769
76561197961364770
76561197961364771
76561197961364772
76561197961364773
76561197961364774
76561197961364775
76561197961364776
76561197961364777
76561197961364778
76561197961364779
76561197961364780
76561197961364783
76561197961364784
76561197961364786
76561197961364787
76561197961364789
76561197961364790
76561197961364792
76561197961364793
76561197961364794
76561197961364795
76561197961364797
76561197961364799
76561197961364801
76561197961364802
76561197961364803
76561197961364804
76561197961364805
76561197961364806
76561197961364808
76561197961364809
76561197961364811
76561197961364812
76561197961364813
76561197961364815
76561197961364816
76561197961364818
76561197961364819
76561197961364823
76561197961364827
76561197961364829
76561197961364831
76561197961364832
76561197961364833
76561197961364835
76561197961364836
76561197961364838
76561197961364840
76561197961364842
76561197961364843
76561197961364844
76561197961364846
76561197961364847
76561197961364848
76561197961364849
76561197961364850
76561197961364852
76561197961364853
76561197961364856
76561197961364861
76561197961364862
76561197961364863
76561197961364864
76561197961364865
76561197961364867
76561197961364868
76561197961364870
76561197961364871
76561197961364872
76561197961364873
76561197961364875
76561197961364877
76561197961364878
76561197961364879
76561197961364880
76561197961364881
76561197961364883
76561197961364885
76561197961364887
76561197961364893
76561197961364895
76561197961364896
76561197961364897
76561197961364899
76561197961364901
