76561197961501831
76561197961501833
76561197961501834
76561197961501836
76561197961501839
76561197961501841
76561197961501842
76561197961501844
76561197961501845
76561197961501846
76561197961501850
76561197961501852
76561197961501855
76561197961501858
76561197961501859
76561197961501860
76561197961501861
76561197961501862
76561197961501864
76561197961501865
76561197961501868
76561197961501871
76561197961501872
76561197961501873
76561197961501874
76561197961501875
76561197961501876
76561197961501879
76561197961501881
76561197961501882
76561197961501885
76561197961501887
76561197961501889
76561197961501891
76561197961501895
76561197961501897
76561197961501905
76561197961501907
76561197961501911
76561197961501917
76561197961501923
76561197961501925
76561197961501927
76561197961501929
76561197961501933
76561197961501943
76561197961501947
76561197961501949
76561197961501951
76561197961501953
76561197961501957
76561197961501961
76561197961501965
76561197961501967
76561197961501969
76561197961501971
76561197961501973
76561197961501977
76561197961501987
76561197961501989
76561197961501993
76561197961501995
76561197961501997
76561197961502003
76561197961502005
76561197961502007
76561197961502015
76561197961502023
76561197961502027
76561197961502035
76561197961502037
76561197961502039
76561197961502041
76561197961502043
76561197961502049
76561197961502051
76561197961502055
76561197961502063
76561197961502065
76561197961502069
76561197961502073
76561197961502075
76561197961502081
76561197961502085
76561197961502093
76561197961502099
76561197961502107
76561197961502109
76561197961502111
76561197961502113
76561197961502115
76561197961502117
76561197961502121
76561197961502123
76561197961502125
76561197961502127
76561197961502129
76561197961502133
76561197961502139
76561197961502141
76561197961502145
76561197961502147
76561197961502151
76561197961502157
76561197961502159
76561197961502923
76561197961502947
76561197961502957
76561197961502961
76561197961502987
76561197961503032
76561197961503034
76561197961503036
76561197961503040
76561197961503044
76561197961503054
76561197961503058
76561197961503060
76561197961503066
76561197961503072
76561197961503078
76561197961503080
76561197961503086
76561197961503088
76561197961503096
76561197961503098
76561197961503100
76561197961503104
76561197961503130
76561197961503132
76561197961503134
76561197961503146
76561197961503148
76561197961503154
76561197961503162
76561197961503166
76561197961503168
76561197961503178
76561197961503182
76561197961503184
76561197961503188
76561197961503192
76561197961503194
76561197961503198
76561197961503220
76561197961503224
76561197961503228
76561197961503230
76561197961503236
76561197961503242
76561197961503244
76561197961503252
76561197961503254
76561197961503256
76561197961503258
76561197961503262
76561197961503270
76561197961503278
76561197961503282
76561197961503286
76561197961503298
76561197961503304
76561197961503306
76561197961503310
76561197961503312
76561197961503318
76561197961503320
76561197961503322
76561197961503324
76561197961503328
76561197961503344
76561197961503346
76561197961503352
76561197961503358
76561197961503362
76561197961503370
76561197961503374
76561197961503378
76561197961503382
76561197961503384
76561197961503386
76561197961503390
76561197961503396
76561197961503402
76561197961503408
76561197961503410
76561197961503412
76561197961503418
76561197961503420
76561197961503422
76561197961503424
76561197961503426
76561197961503428
76561197961503434
76561197961503436
76561197961503438
76561197961503440
76561197961503444
76561197961503454
76561197961503456
76561197961503458
76561197961503460
76561197961503468
76561197961503472
76561197961503474
76561197961503476
76561197961503478
76561197961503482
76561197961503492
76561197961503504
76561197961503506
76561197961503516
76561197961503520
76561197961503528
76561197961503532
76561197961503536
76561197961503538
76561197961503540
76561197961503542
76561197961503560
76561197961503562
76561197961504975
76561197961504979
76561197961505026
76561197961505028
76561197961505030
76561197961505032
76561197961505034
76561197961505036
76561197961505042
76561197961505046
76561197961505060
76561197961505064
76561197961505066
76561197961505068
76561197961505070
76561197961505072
76561197961505076
76561197961505078
76561197961505082
76561197961505086
76561197961505088
76561197961505092
76561197961505094
76561197961505098
76561197961505102
76561197961505106
76561197961505112
76561197961505114
76561197961505116
76561197961505118
76561197961505120
76561197961505122
76561197961505126
76561197961505132
76561197961505134
76561197961505136
76561197961505138
76561197961505140
76561197961505142
76561197961505144
76561197961505146
76561197961505148
76561197961505154
76561197961505156
76561197961505158
76561197961505164
76561197961505166
76561197961505170
76561197961505172
76561197961505174
76561197961505178
76561197961505188
76561197961505192
76561197961505194
76561197961505196
76561197961505198
76561197961505200
76561197961505204
76561197961505208
76561197961505214
76561197961505216
76561197961506929
76561197961507030
76561197961507032
76561197961507036
76561197961507040
76561197961507052
76561197961507056
76561197961507058
76561197961507062
76561197961507072
76561197961507076
76561197961507078
76561197961507080
76561197961507086
76561197961507092
76561197961507094
76561197961507096
76561197961507102
76561197961507106
76561197961507114
76561197961507116
76561197961507118
76561197961507120
76561197961507122
76561197961507126
76561197961507128
76561197961507132
76561197961507134
76561197961507136
76561197961507138
76561197961507142
76561197961507146
76561197961507148
76561197961507150
76561197961507160
76561197961507162
76561197961507166
76561197961507168
76561197961507172
76561197961507174
76561197961507176
76561197961507184
76561197961507190
76561197961507192
76561197961507196
76561197961507198
76561197961507206
76561197961507208
76561197961507210
76561197961507218
76561197961507222
76561197961507224
76561197961507226
76561197961507230
76561197961507232
76561197961507242
76561197961507244
76561197961507246
76561197961507254
76561197961507256
76561197961507262
76561197961507264
76561197961507272
76561197961507276
76561197961507282
76561197961507284
76561197961507288
76561197961507290
76561197961507292
76561197961507294
76561197961507298
76561197961507300
76561197961507302
76561197961507310
76561197961507312
76561197961507314
76561197961507318
76561197961507322
76561197961507324
76561197961507326
76561197961507330
76561197961507334
76561197961507336
76561197961507338
76561197961507344
76561197961507348
76561197961507350
76561197961507352
76561197961507354
76561197961507358
76561197961507368
76561197961507370
76561197961507372
76561197961507380
76561197961507382
76561197961507388
76561197961508923
76561197961508927
76561197961508931
76561197961508939
76561197961508941
76561197961508947
76561197961508949
76561197961508951
76561197961508955
76561197961508957
76561197961508959
76561197961508961
76561197961508965
76561197961508967
76561197961508973
76561197961508975
76561197961508981
76561197961508991
76561197961508993
76561197961508999
76561197961509001
76561197961509009
76561197961509013
76561197961509015
76561197961509019
76561197961509025
76561197961509026
76561197961509027
76561197961509028
76561197961509031
76561197961509032
76561197961509034
76561197961509038
76561197961509039
76561197961509040
76561197961509041
76561197961509042
76561197961509044
76561197961509045
76561197961509046
76561197961509047
76561197961509048
76561197961509049
76561197961509050
76561197961509051
76561197961509052
76561197961509053
76561197961509054
76561197961509055
76561197961509057
76561197961509058
76561197961509059
76561197961509060
76561197961509062
76561197961509063
76561197961509064
76561197961509065
76561197961509067
76561197961509068
76561197961509070
76561197961509071
76561197961509077
76561197961509079
76561197961509084
76561197961509089
76561197961509092
76561197961509093
76561197961509094
76561197961509095
76561197961509096
76561197961509097
76561197961509099
76561197961509100
76561197961509102
76561197961509104
76561197961509107
76561197961509108
76561197961509110
76561197961509113
76561197961509116
76561197961509119
76561197961509121
76561197961509123
76561197961509124
76561197961509125
76561197961509126
76561197961509128
76561197961509130
76561197961509132
76561197961509134
76561197961509135
76561197961509138
76561197961509139
76561197961509141
76561197961509144
76561197961509145
76561197961509147
76561197961509148
76561197961509149
76561197961509150
76561197961509151
76561197961509152
76561197961509153
76561197961509154
76561197961509155
76561197961509156
76561197961509157
76561197961509159
76561197961509160
76561197961509162
76561197961509165
76561197961509167
76561197961509170
76561197961509172
76561197961509173
76561197961509174
76561197961509178
76561197961509179
76561197961509180
76561197961509181
76561197961509182
76561197961509184
76561197961509185
76561197961509187
76561197961509188
76561197961509190
76561197961509191
76561197961509196
76561197961509198
76561197961509202
76561197961509204
76561197961509206
76561197961509208
76561197961509210
76561197961509222
76561197961509226
76561197961509228
76561197961509230
76561197961509232
76561197961509236
76561197961509238
76561197961509242
76561197961509244
76561197961509246
76561197961509248
76561197961509254
76561197961509256
76561197961509258
76561197961509268
76561197961509270
76561197961509272
76561197961509274
76561197961509278
76561197961509282
76561197961509286
76561197961509292
76561197961509294
76561197961509296
76561197961509298
76561197961509306
76561197961509314
76561197961509320
76561197961509324
76561197961509326
76561197961509330
76561197961509336
76561197961509340
76561197961509342
76561197961509344
76561197961509346
76561197961509348
76561197961509350
76561197961509354
76561197961509356
76561197961509360
76561197961509362
76561197961509370
76561197961509374
76561197961509378
76561197961509382
76561197961509384
76561197961509390
76561197961509394
76561197961509398
76561197961509402
76561197961509404
76561197961509408
76561197961509410
76561197961509412
76561197961509424
76561197961509442
76561197961509446
76561197961509450
76561197961509452
76561197961509454
76561197961509456
76561197961509462
76561197961509476
76561197961510923
76561197961510925
76561197961510927
76561197961510929
76561197961510931
76561197961510933
76561197961510935
76561197961510939
76561197961510941
76561197961510943
76561197961510949
76561197961510951
76561197961510955
76561197961510957
76561197961510961
76561197961510963
76561197961510967
76561197961510969
76561197961510973
76561197961510975
76561197961510977
76561197961510979
76561197961510981
76561197961510983
76561197961510987
76561197961510991
76561197961510999
76561197961511001
76561197961511003
76561197961511007
76561197961511009
76561197961511013
76561197961511015
76561197961511019
76561197961511021
76561197961511023
76561197961511027
76561197961511030
76561197961511031
76561197961511032
76561197961511035
76561197961511036
76561197961511039
76561197961511041
76561197961511043
76561197961511049
76561197961511052
76561197961511053
76561197961511054
76561197961511055
76561197961511056
76561197961511057
76561197961511059
76561197961511060
76561197961511062
76561197961511063
76561197961511066
76561197961511067
76561197961511069
76561197961511070
76561197961511073
76561197961511074
76561197961511075
76561197961511076
76561197961511078
76561197961511080
76561197961511083
76561197961511084
76561197961511087
76561197961511091
76561197961511092
76561197961511093
76561197961511094
76561197961511095
76561197961511096
76561197961511097
76561197961511098
76561197961511101
76561197961511103
76561197961511106
76561197961511107
76561197961511110
76561197961511111
76561197961511114
76561197961511115
76561197961511117
76561197961511118
76561197961511120
76561197961511122
76561197961511123
76561197961511125
76561197961511127
76561197961511130
76561197961511134
76561197961511135
76561197961511141
76561197961511142
76561197961511145
76561197961511146
76561197961511147
76561197961511148
76561197961511150
76561197961511153
76561197961511155
76561197961511156
76561197961511162
76561197961511164
76561197961511165
76561197961511167
76561197961511168
76561197961511170
76561197961511171
76561197961511172
76561197961511173
76561197961511175
76561197961511176
76561197961511177
76561197961511181
76561197961511183
76561197961511184
76561197961511185
76561197961511187
76561197961511188
76561197961511190
76561197961511192
76561197961511193
76561197961511195
76561197961511196
76561197961511198
76561197961511200
76561197961511202
76561197961511203
76561197961511205
76561197961511206
76561197961511207
76561197961511208
76561197961511211
76561197961511212
76561197961511217
76561197961511218
76561197961511221
76561197961511222
76561197961511223
76561197961511225
76561197961511226
76561197961511227
76561197961511229
76561197961511231
76561197961511233
76561197961511236
76561197961511238
76561197961511239
76561197961511240
76561197961511241
76561197961511242
76561197961511249
76561197961511250
76561197961511252
76561197961511253
76561197961511255
76561197961511257
76561197961511258
76561197961511260
76561197961511261
76561197961511266
76561197961511267
76561197961511268
76561197961511269
76561197961511279
76561197961511280
76561197961511283
76561197961511285
76561197961511287
76561197961511290
76561197961511291
76561197961511293
76561197961511295
76561197961511297
76561197961511298
76561197961511300
76561197961511301
76561197961511302
76561197961511304
76561197961511310
76561197961511312
76561197961511314
76561197961511315
76561197961511318
76561197961511319
76561197961511321
76561197961511322
76561197961511326
76561197961511328
76561197961511329
76561197961511333
76561197961511334
76561197961511336
76561197961511338
76561197961511342
76561197961511344
76561197961511346
76561197961511348
76561197961511350
76561197961511352
76561197961511354
76561197961511356
76561197961511358
76561197961511360
76561197961511362
76561197961511364
76561197961511376
76561197961511380
76561197961511382
76561197961511386
76561197961511390
76561197961511392
76561197961511394
76561197961511396
76561197961511398
76561197961511406
76561197961511408
76561197961511416
76561197961511424
76561197961511426
76561197961511428
76561197961511430
76561197961511434
76561197961511436
76561197961511438
76561197961511442
76561197961511450
76561197961511458
76561197961511460
76561197961511462
76561197961511466
76561197961511474
76561197961511476
76561197961511478
76561197961511480
76561197961511482
76561197961511488
76561197961511490
76561197961511498
76561197961511500
76561197961511526
76561197961511532
76561197961511538
76561197961511544
76561197961511546
76561197961511550
76561197961511552
76561197961511556
76561197961511558
76561197961511562
76561197961511566
76561197961511568
76561197961511576
76561197961511578
76561197961511582
76561197961511598
76561197961511602
76561197961511616
76561197961511618
76561197961511622
76561197961511628
76561197961511630
76561197961511634
76561197961511638
76561197961511640
76561197961511642
76561197961512923
76561197961512925
76561197961512927
76561197961512931
76561197961512933
76561197961512935
76561197961512943
76561197961512945
76561197961512951
76561197961512953
76561197961512967
76561197961512971
76561197961512975
76561197961512977
76561197961512979
76561197961512981
76561197961512983
76561197961512985
76561197961512989
76561197961512993
76561197961512999
76561197961513001
76561197961513003
76561197961513007
76561197961513009
76561197961513011
76561197961513013
76561197961513017
76561197961513019
76561197961513021
76561197961513023
76561197961513026
76561197961513027
76561197961513028
76561197961513029
76561197961513030
76561197961513033
76561197961513037
76561197961513039
76561197961513041
76561197961513042
76561197961513043
76561197961513047
76561197961513053
76561197961513054
76561197961513055
76561197961513057
76561197961513058
76561197961513060
76561197961513062
76561197961513063
76561197961513064
76561197961513075
76561197961513077
76561197961513079
76561197961513080
76561197961513081
76561197961513084
76561197961513085
76561197961513086
76561197961513088
76561197961513089
76561197961513093
76561197961513094
76561197961513097
76561197961513098
76561197961513099
76561197961513103
76561197961513104
76561197961513105
76561197961513107
76561197961513108
76561197961513110
76561197961513111
76561197961513114
76561197961513115
76561197961513120
76561197961513123
76561197961513128
76561197961513130
76561197961513131
76561197961513134
76561197961513135
76561197961513136
76561197961513139
76561197961513141
76561197961513144
76561197961513148
76561197961513152
76561197961513153
76561197961513154
76561197961513157
76561197961513158
76561197961513163
76561197961513164
76561197961513165
76561197961513170
76561197961513171
76561197961513173
76561197961513174
76561197961513175
76561197961513176
76561197961513177
76561197961513180
76561197961513183
76561197961513184
76561197961513185
76561197961513187
76561197961513189
76561197961513192
76561197961513193
76561197961513196
76561197961513200
76561197961513201
76561197961513202
76561197961513203
76561197961513204
76561197961513208
76561197961513209
76561197961513211
76561197961513214
76561197961513215
76561197961513217
76561197961513218
76561197961513219
76561197961513221
76561197961513223
76561197961513224
76561197961513225
76561197961513227
76561197961513228
76561197961513229
76561197961513230
76561197961513232
76561197961513234
76561197961513235
76561197961513236
76561197961513241
76561197961513242
76561197961513244
76561197961513245
76561197961513246
76561197961513249
76561197961513251
76561197961513255
76561197961513258
76561197961513264
76561197961513268
76561197961513269
76561197961513271
76561197961513272
76561197961513276
76561197961513282
76561197961513283
