76561197960956555
76561197960956556
76561197960956557
76561197960956558
76561197960956559
76561197960956560
76561197960956563
76561197960956564
76561197960956566
76561197960956567
76561197960956568
76561197960956569
76561197960956570
76561197960956571
76561197960956572
76561197960956574
76561197960956576
76561197960956578
76561197960956579
76561197960956580
76561197960956581
76561197960956582
76561197960956583
76561197960956584
76561197960956585
76561197960956586
76561197960956587
76561197960956590
76561197960956591
76561197960956592
76561197960956595
76561197960956596
76561197960956597
76561197960956600
76561197960956601
76561197960956602
76561197960956603
76561197960956605
76561197960956606
76561197960956608
76561197960956609
76561197960956610
76561197960956612
76561197960956613
76561197960956614
76561197960956615
76561197960956616
76561197960956617
76561197960956618
76561197960956619
76561197960956621
76561197960956622
76561197960956623
76561197960956624
76561197960956626
76561197960956628
76561197960956630
76561197960956633
76561197960956634
76561197960956635
76561197960956636
76561197960956639
76561197960956640
76561197960956641
76561197960956642
76561197960956643
76561197960956644
76561197960956645
76561197960956649
76561197960956651
76561197960956652
76561197960956653
76561197960956655
76561197960956656
76561197960956657
76561197960956661
76561197960956663
76561197960956664
76561197960956667
76561197960956669
76561197960956674
76561197960956676
76561197960956678
76561197960956680
76561197960956681
76561197960956682
76561197960956684
76561197960956685
76561197960956687
76561197960956689
76561197960956690
76561197960956691
76561197960956692
76561197960956693
76561197960956694
76561197960956695
76561197960956697
76561197960956701
76561197960956702
76561197960956703
76561197960956705
76561197960956707
76561197960956709
76561197960956711
76561197960956713
76561197960956714
76561197960956715
76561197960956716
76561197960956718
76561197960956720
76561197960956721
76561197960956724
76561197960956725
76561197960956726
76561197960956727
76561197960956729
76561197960956730
76561197960956734
76561197960956736
76561197960956737
76561197960956739
76561197960956741
76561197960956742
76561197960956743
76561197960956744
76561197960956745
76561197960956746
76561197960956748
76561197960956750
76561197960956751
76561197960956753
76561197960956754
76561197960956755
76561197960956759
76561197960956760
76561197960956761
76561197960956762
76561197960956763
76561197960956764
76561197960956765
76561197960956766
76561197960956769
76561197960956770
76561197960956771
76561197960956772
76561197960956774
76561197960956776
76561197960956777
76561197960956778
76561197960956779
76561197960956780
76561197960956781
76561197960956783
76561197960956784
76561197960956787
76561197960956788
76561197960956789
76561197960956791
76561197960956792
76561197960956793
76561197960956796
76561197960956797
76561197960956798
76561197960956803
76561197960956805
76561197960956806
76561197960956807
76561197960956808
76561197960956809
76561197960956810
76561197960956813
76561197960956814
76561197960956816
76561197960956817
76561197960956820
76561197960956823
76561197960956825
76561197960956827
76561197960956829
76561197960956830
76561197960956831
76561197960956832
76561197960956833
76561197960956834
76561197960956835
76561197960956836
76561197960956838
76561197960956839
76561197960956840
76561197960956841
76561197960956843
76561197960956844
76561197960956845
76561197960956849
76561197960956851
76561197960956852
76561197960956853
76561197960956855
76561197960956856
76561197960956857
76561197960956858
76561197960956859
76561197960956860
76561197960956861
76561197960956864
76561197960956865
76561197960956867
76561197960956868
76561197960956871
76561197960956873
76561197960956875
76561197960956876
76561197960956878
76561197960956879
76561197960956881
76561197960956884
76561197960956886
76561197960956887
76561197960956889
76561197960956890
76561197960956891
76561197960956892
76561197960956893
76561197960956895
76561197960956896
76561197960956900
76561197960956902
76561197960956904
76561197960956907
76561197960956908
76561197960956909
76561197960956910
76561197960956911
76561197960956912
76561197960956915
76561197960956916
76561197960956917
76561197960956919
76561197960956920
76561197960956921
76561197960956922
76561197960956923
76561197960956924
76561197960956925
76561197960956926
76561197960956927
76561197960956928
76561197960956930
76561197960956931
76561197960956932
76561197960956933
76561197960956935
76561197960956936
76561197960956939
76561197960956940
76561197960956941
76561197960956943
76561197960956946
76561197960956947
76561197960956948
76561197960956950
76561197960956951
76561197960956952
76561197960956953
76561197960956954
76561197960956955
76561197960956956
76561197960956957
76561197960956958
76561197960956959
76561197960956960
76561197960956964
76561197960956965
76561197960956967
76561197960956968
76561197960956969
76561197960956970
76561197960956971
76561197960956972
76561197960956974
76561197960956975
76561197960956976
76561197960956978
76561197960956979
76561197960956981
76561197960956982
76561197960956983
76561197960956984
76561197960956985
76561197960956987
76561197960956989
76561197960956990
76561197960956991
76561197960956992
76561197960956993
76561197960956994
76561197960956995
76561197960956997
76561197960956998
76561197960956999
76561197960957002
76561197960957003
76561197960957009
76561197960957011
76561197960957012
76561197960957017
76561197960957018
76561197960957019
76561197960957021
76561197960957023
76561197960957024
76561197960957025
76561197960957027
76561197960957029
76561197960957031
76561197960957032
76561197960957033
76561197960957034
76561197960957037
76561197960957039
76561197960957040
76561197960957041
76561197960957042
76561197960957043
76561197960957044
76561197960957047
76561197960957048
76561197960957049
76561197960957050
76561197960957051
76561197960957053
76561197960957054
76561197960957057
76561197960957059
76561197960957060
76561197960957063
76561197960957064
76561197960957065
76561197960957066
76561197960957067
76561197960957068
76561197960957069
76561197960957071
76561197960957072
76561197960957075
76561197960957076
76561197960957078
76561197960957079
76561197960957081
76561197960957083
76561197960957088
76561197960957096
76561197960957162
76561197960957230
76561197960957258
76561197960957259
76561197960957260
76561197960957261
76561197960957265
76561197960957267
76561197960957268
76561197960957270
76561197960957271
76561197960957272
76561197960957273
76561197960957274
76561197960957275
76561197960957279
76561197960957283
76561197960957284
76561197960957285
76561197960957286
76561197960957287
76561197960957288
76561197960957289
76561197960957291
76561197960957292
76561197960957293
76561197960957296
76561197960957297
76561197960957298
76561197960957300
76561197960957301
76561197960957302
76561197960957306
76561197960957307
76561197960957309
76561197960957310
76561197960957312
76561197960957313
76561197960957314
76561197960957315
76561197960957316
76561197960957317
76561197960957322
76561197960957323
76561197960957325
76561197960957327
76561197960957329
76561197960957330
76561197960957332
76561197960957334
76561197960957335
76561197960957336
76561197960957341
76561197960957342
76561197960957345
76561197960957346
76561197960957347
76561197960957348
76561197960957354
76561197960957355
76561197960957356
76561197960957357
76561197960957358
76561197960957360
76561197960957362
76561197960957367
76561197960957368
76561197960957369
76561197960957371
76561197960957373
76561197960957379
76561197960957380
76561197960957381
76561197960957386
76561197960957388
76561197960957389
76561197960957390
76561197960957395
76561197960957397
76561197960957398
76561197960957399
76561197960957400
76561197960957401
76561197960957403
76561197960957404
76561197960957405
76561197960957406
76561197960957407
76561197960957409
76561197960957412
76561197960957415
76561197960957416
76561197960957417
76561197960957419
76561197960957422
76561197960957423
76561197960957425
76561197960957427
76561197960957430
76561197960957431
76561197960957432
76561197960957433
76561197960957436
76561197960957437
76561197960957438
76561197960957439
76561197960957440
76561197960957444
76561197960957445
76561197960957446
76561197960957447
76561197960957449
76561197960957450
76561197960957451
76561197960957454
76561197960957456
76561197960957459
76561197960957460
76561197960957462
76561197960957465
76561197960957471
76561197960957472
76561197960957473
76561197960957476
76561197960957477
76561197960957478
76561197960957479
76561197960957480
76561197960957481
76561197960957484
76561197960957486
76561197960957487
76561197960957488
76561197960957489
76561197960957490
76561197960957491
76561197960957492
76561197960957494
76561197960957496
76561197960957497
76561197960957499
76561197960957500
76561197960957503
76561197960957504
76561197960957506
76561197960957509
76561197960957510
76561197960957512
76561197960957513
76561197960957514
76561197960957517
76561197960957519
76561197960957523
76561197960957524
76561197960957529
76561197960957530
76561197960957533
76561197960957537
76561197960957540
76561197960957541
76561197960957542
76561197960957543
76561197960957544
76561197960957547
76561197960957548
76561197960957549
76561197960957550
76561197960957552
76561197960957553
76561197960957555
76561197960957556
76561197960957557
76561197960957558
76561197960957561
76561197960957562
76561197960957564
76561197960957565
76561197960957567
76561197960957568
76561197960957569
76561197960957570
76561197960957571
76561197960957575
76561197960957576
76561197960957577
76561197960957578
76561197960957579
76561197960957580
76561197960957581
76561197960957583
76561197960957584
76561197960957586
76561197960957587
76561197960957589
76561197960957590
76561197960957591
76561197960957592
76561197960957593
76561197960957594
76561197960957595
76561197960957596
76561197960957597
76561197960957598
76561197960957599
76561197960957602
76561197960957603
76561197960957607
76561197960957610
76561197960957611
76561197960957617
76561197960957618
76561197960957619
76561197960957620
76561197960957621
76561197960957622
76561197960957624
76561197960957626
76561197960957628
76561197960957630
76561197960957631
76561197960957632
76561197960957633
76561197960957634
76561197960957636
76561197960957638
76561197960957639
76561197960957640
76561197960957641
76561197960957642
76561197960957643
76561197960957644
76561197960957645
76561197960957646
76561197960957647
76561197960957649
76561197960957650
76561197960957651
76561197960957653
76561197960957654
76561197960957655
76561197960957656
76561197960957658
76561197960957659
76561197960957660
76561197960957661
76561197960957664
76561197960957665
76561197960957666
76561197960957667
76561197960957672
76561197960957673
76561197960957674
76561197960957675
76561197960957679
76561197960957680
76561197960957683
76561197960957684
76561197960957685
76561197960957687
76561197960957688
76561197960957690
76561197960957691
76561197960957693
76561197960957694
76561197960957695
76561197960957696
76561197960957698
76561197960957699
76561197960957700
76561197960957701
76561197960957702
76561197960957703
76561197960957705
76561197960957706
76561197960957707
76561197960957711
76561197960957712
76561197960957714
76561197960957716
76561197960957717
76561197960957721
76561197960957722
76561197960957723
76561197960957724
76561197960957725
76561197960957727
76561197960957729
76561197960957730
76561197960957731
76561197960957733
76561197960957734
76561197960957736
76561197960957737
76561197960957738
76561197960957739
76561197960957740
76561197960957741
76561197960957743
76561197960957747
76561197960957748
76561197960957749
76561197960957750
76561197960957751
76561197960957752
76561197960957753
76561197960957754
76561197960957755
76561197960957756
76561197960957757
76561197960957758
76561197960957759
76561197960957762
76561197960957764
76561197960957765
76561197960957766
76561197960957767
76561197960957770
76561197960957771
76561197960957773
76561197960957775
76561197960957776
76561197960957780
76561197960957781
76561197960957784
76561197960957785
76561197960957787
76561197960957792
76561197960957793
76561197960957794
76561197960957795
76561197960957796
76561197960957797
76561197960957800
76561197960957801
76561197960957802
76561197960957803
76561197960957806
76561197960957807
76561197960957808
76561197960957809
76561197960957810
76561197960957811
76561197960957812
76561197960957813
76561197960957814
76561197960957815
76561197960957817
76561197960957818
76561197960957819
76561197960957821
76561197960957822
76561197960957823
76561197960957825
76561197960957826
76561197960957827
76561197960957828
76561197960957832
76561197960957834
76561197960957835
76561197960957836
76561197960957837
76561197960957838
76561197960957840
76561197960957841
76561197960957842
76561197960957845
76561197960957846
76561197960957847
76561197960957848
76561197960957849
76561197960957851
76561197960957852
76561197960957855
76561197960957859
76561197960957861
76561197960957862
76561197960957863
76561197960957864
76561197960957865
76561197960957866
76561197960957869
76561197960957870
76561197960957871
76561197960957872
76561197960957873
76561197960957874
76561197960957875
76561197960957876
76561197960957877
76561197960957879
76561197960957881
76561197960957883
76561197960957884
76561197960957886
76561197960957887
76561197960957891
76561197960957892
76561197960957893
76561197960957894
76561197960957896
76561197960957897
76561197960957898
76561197960957899
76561197960957900
76561197960957902
76561197960957903
76561197960957905
76561197960957906
76561197960957908
76561197960957909
76561197960957910
76561197960957911
76561197960957912
76561197960957913
76561197960957914
76561197960957915
76561197960957916
76561197960957917
76561197960957918
76561197960957922
76561197960957923
76561197960957927
76561197960957928
76561197960957930
76561197960957932
76561197960957936
76561197960957937
76561197960957941
76561197960957944
76561197960957946
76561197960957947
76561197960957950
76561197960957951
76561197960957953
76561197960957954
76561197960957955
76561197960957956
76561197960957957
76561197960957958
76561197960957959
76561197960957965
76561197960957967
76561197960957972
76561197960957975
76561197960957976
76561197960957977
76561197960957979
76561197960957980
76561197960957981
76561197960957982
76561197960957986
76561197960957987
76561197960957988
76561197960957990
76561197960957991
76561197960957993
76561197960957995
76561197960957997
76561197960958000
76561197960958001
76561197960958005
76561197960958006
76561197960958009
76561197960958010
76561197960958012
76561197960958013
76561197960958015
76561197960958019
76561197960958020
76561197960958021
76561197960958022
76561197960958023
76561197960958030
76561197960958031
76561197960958032
76561197960958035
76561197960958037
76561197960958038
76561197960958040
76561197960958041
76561197960958042
76561197960958045
76561197960958047
76561197960958049
76561197960958050
76561197960958051
76561197960958052
76561197960958053
76561197960958054
76561197960958055
76561197960958056
76561197960958057
76561197960958058
76561197960958060
76561197960958061
76561197960958062
76561197960958063
76561197960958065
76561197960958066
76561197960958067
76561197960958069
76561197960958070
76561197960958071
76561197960958072
76561197960958073
76561197960958074
76561197960958075
76561197960958076
76561197960958078
76561197960958079
76561197960958080
76561197960958082
76561197960958083
76561197960958085
76561197960958087
76561197960958091
76561197960958095
76561197960958096
76561197960958097
76561197960958098
76561197960958099
76561197960958101
76561197960958104
76561197960958105
76561197960958110
76561197960958111
76561197960958112
76561197960958113
76561197960958116
76561197960958117
76561197960958119
76561197960958122
76561197960958123
76561197960958124
76561197960958125
76561197960958127
76561197960958130
76561197960958131
76561197960958133
76561197960958134
76561197960958137
76561197960958139
76561197960958142
76561197960958143
76561197960958144
76561197960958145
76561197960958146
76561197960958147
76561197960958148
76561197960958149
76561197960958150
76561197960958151
76561197960958152
76561197960958153
76561197960958155
76561197960958157
76561197960958159
76561197960958160
76561197960958161
76561197960958163
76561197960958165
76561197960958167
76561197960958169
76561197960958170
76561197960958172
76561197960958176
76561197960958177
76561197960958180
76561197960958182
76561197960958185
76561197960958187
76561197960958191
76561197960958194
76561197960958195
76561197960958196
76561197960958197
76561197960958199
76561197960958200
76561197960958201
76561197960958203
76561197960958204
76561197960958205
76561197960958206
76561197960958207
76561197960958208
76561197960958210
76561197960958211
76561197960958213
76561197960958214
76561197960958216
76561197960958217
76561197960958220
76561197960958223
76561197960958225
76561197960958227
76561197960958229
76561197960958230
76561197960958231
76561197960958232
76561197960958233
76561197960958234
76561197960958236
76561197960958237
76561197960958243
76561197960958247
76561197960958248
76561197960958249
76561197960958251
76561197960958253
76561197960958254
76561197960958255
76561197960958256
76561197960958260
76561197960958261
76561197960958263
76561197960958265
76561197960958267
76561197960958269
76561197960958271
76561197960958272
76561197960958274
76561197960958275
76561197960958279
76561197960958280
76561197960958282
76561197960958284
76561197960958287
76561197960958289
76561197960958290
76561197960958291
76561197960958292
76561197960958293
76561197960958296
76561197960958299
76561197960958300
76561197960958302
76561197960958304
76561197960958309
76561197960958310
76561197960958311
76561197960958312
76561197960958314
76561197960958315
76561197960958316
76561197960958317
76561197960958319
76561197960958320
76561197960958321
