76561197960556449
76561197960556450
76561197960556451
76561197960556452
76561197960556453
76561197960556454
76561197960556456
76561197960556457
76561197960556459
76561197960556460
76561197960556462
76561197960556463
76561197960556464
76561197960556465
76561197960556466
76561197960556467
76561197960556468
76561197960556469
76561197960556470
76561197960556471
76561197960556472
76561197960556473
76561197960556474
76561197960556475
76561197960556476
76561197960556477
76561197960556478
76561197960556479
76561197960556481
76561197960556482
76561197960556483
76561197960556484
76561197960556486
76561197960556487
76561197960556488
76561197960556490
76561197960556491
76561197960556493
76561197960556496
76561197960556497
76561197960556498
76561197960556499
76561197960556500
76561197960556502
76561197960556504
76561197960556506
76561197960556507
76561197960556508
76561197960556509
76561197960556510
76561197960556511
76561197960556512
76561197960556513
76561197960556514
76561197960556515
76561197960556518
76561197960556520
76561197960556521
76561197960556522
76561197960556523
76561197960556524
76561197960556525
76561197960556526
76561197960556527
76561197960556529
76561197960556530
76561197960556532
76561197960556533
76561197960556536
76561197960556537
76561197960556538
76561197960556539
76561197960556540
76561197960556542
76561197960556544
76561197960556545
76561197960556546
76561197960556547
76561197960556549
76561197960556552
76561197960556553
76561197960556554
76561197960556555
76561197960556556
76561197960556557
76561197960556558
76561197960556559
76561197960556561
76561197960556562
76561197960556563
76561197960556565
76561197960556567
76561197960556568
76561197960556569
76561197960556570
76561197960556571
76561197960556573
76561197960556574
76561197960556575
76561197960556576
76561197960556578
76561197960556579
76561197960556582
76561197960556583
76561197960556584
76561197960556587
76561197960556588
76561197960556590
76561197960556592
76561197960556593
76561197960556596
76561197960556597
76561197960556599
76561197960556600
76561197960556601
76561197960556604
76561197960556605
76561197960556606
76561197960556607
76561197960556608
76561197960556610
76561197960556612
76561197960556613
76561197960556615
76561197960556616
76561197960556618
76561197960556619
76561197960556620
76561197960556621
76561197960556622
76561197960556623
76561197960556624
76561197960556625
76561197960556626
76561197960556627
76561197960556628
76561197960556629
76561197960556630
76561197960556631
76561197960556632
76561197960556633
76561197960556634
76561197960556635
76561197960556636
76561197960556637
76561197960556638
76561197960556640
76561197960556641
76561197960556643
76561197960556644
76561197960556645
76561197960556646
76561197960556647
76561197960556648
76561197960556649
76561197960556651
76561197960556652
76561197960556653
76561197960556654
76561197960556655
76561197960556657
76561197960556658
76561197960556659
76561197960556660
76561197960556661
76561197960556663
76561197960556664
76561197960556665
76561197960556666
76561197960556667
76561197960556668
76561197960556669
76561197960556670
76561197960556671
76561197960556672
76561197960556673
76561197960556675
76561197960556676
76561197960556677
76561197960556678
76561197960556679
76561197960556682
76561197960556683
76561197960556684
76561197960556685
76561197960556686
76561197960556687
76561197960556688
76561197960556689
76561197960556690
76561197960556691
76561197960556692
76561197960556694
76561197960556695
76561197960556696
76561197960556698
76561197960556699
76561197960556700
76561197960556702
76561197960556706
76561197960556711
76561197960556712
76561197960556713
76561197960556714
76561197960556715
76561197960556716
76561197960556717
76561197960556718
76561197960556719
76561197960556720
76561197960556721
76561197960556722
76561197960556723
76561197960556725
76561197960556727
76561197960556728
76561197960556729
76561197960556730
76561197960556732
76561197960556734
76561197960556735
76561197960556736
76561197960556737
76561197960556738
76561197960556740
76561197960556741
76561197960556742
76561197960556743
76561197960556744
76561197960556745
76561197960556746
76561197960556748
76561197960556750
76561197960556752
76561197960556753
76561197960556756
76561197960556759
76561197960556760
76561197960556761
76561197960556762
76561197960556763
76561197960556764
76561197960556767
76561197960556768
76561197960556769
76561197960556770
76561197960556772
76561197960556773
76561197960556774
76561197960556775
76561197960556776
76561197960556777
76561197960556778
76561197960556780
76561197960556781
76561197960556782
76561197960556783
76561197960556784
76561197960556785
76561197960556786
76561197960556788
76561197960556789
76561197960556790
76561197960556791
76561197960556792
76561197960556793
76561197960556795
76561197960556796
76561197960556797
76561197960556798
76561197960556799
76561197960556800
76561197960556801
76561197960556802
76561197960556803
76561197960556804
76561197960556805
76561197960556808
76561197960556809
76561197960556810
76561197960556811
76561197960556812
76561197960556813
76561197960556814
76561197960556815
76561197960556816
76561197960556817
76561197960556818
76561197960556819
76561197960556822
76561197960556823
76561197960556824
76561197960556826
76561197960556828
76561197960556829
76561197960556830
76561197960556832
76561197960556833
76561197960556834
76561197960556835
76561197960556836
76561197960556837
76561197960556838
76561197960556840
76561197960556841
76561197960556842
76561197960556844
76561197960556845
76561197960556846
76561197960556848
76561197960556849
76561197960556850
76561197960556851
76561197960556852
76561197960556854
76561197960556855
76561197960556857
76561197960556858
76561197960556859
76561197960556861
76561197960556862
76561197960556863
76561197960556864
76561197960556865
76561197960556866
76561197960556868
76561197960556869
76561197960556871
76561197960556872
76561197960556873
76561197960556874
76561197960556876
76561197960556877
76561197960556879
76561197960556880
76561197960556881
76561197960556882
76561197960556883
76561197960556886
76561197960556888
76561197960556889
76561197960556890
76561197960556891
76561197960556892
76561197960556893
76561197960556896
76561197960556897
76561197960556898
76561197960556900
76561197960556901
76561197960556902
76561197960556904
76561197960556905
76561197960556906
76561197960556907
76561197960556909
76561197960556911
76561197960556912
76561197960556913
76561197960556916
76561197960556917
76561197960556918
76561197960556919
76561197960556921
76561197960556923
76561197960556924
76561197960556926
76561197960556929
76561197960556930
76561197960556931
76561197960556932
76561197960556933
76561197960556934
76561197960556935
76561197960556936
76561197960556937
76561197960556939
76561197960556941
76561197960556942
76561197960556943
76561197960556944
76561197960556945
76561197960556946
76561197960556948
76561197960556950
76561197960556952
76561197960556954
76561197960556955
76561197960556956
76561197960556957
76561197960556958
76561197960556961
76561197960556962
76561197960556963
76561197960556965
76561197960556966
76561197960556968
76561197960556969
76561197960556970
76561197960556971
76561197960556972
76561197960556973
76561197960556974
76561197960556976
76561197960556977
76561197960556978
76561197960556979
76561197960556982
76561197960556983
76561197960556985
76561197960556986
76561197960556987
76561197960556988
76561197960556990
76561197960556992
76561197960556994
76561197960556995
76561197960556996
76561197960556997
76561197960556999
76561197960557003
76561197960557004
76561197960557005
76561197960557006
76561197960557007
76561197960557008
76561197960557009
76561197960557010
76561197960557011
76561197960557012
76561197960557013
76561197960557014
76561197960557015
76561197960557017
76561197960557018
76561197960557019
76561197960557020
76561197960557021
76561197960557023
76561197960557024
76561197960557025
76561197960557027
76561197960557028
76561197960557030
76561197960557031
76561197960557032
76561197960557033
76561197960557034
76561197960557036
76561197960557037
76561197960557038
76561197960557039
76561197960557040
76561197960557042
76561197960557043
76561197960557044
76561197960557045
76561197960557047
76561197960557048
76561197960557049
76561197960557050
76561197960557052
76561197960557053
76561197960557056
76561197960557057
76561197960557058
76561197960557059
76561197960557060
76561197960557062
76561197960557063
76561197960557064
76561197960557065
76561197960557066
76561197960557067
76561197960557069
76561197960557070
76561197960557072
76561197960557073
76561197960557076
76561197960557077
76561197960557079
76561197960557080
76561197960557081
76561197960557082
76561197960557083
76561197960557086
76561197960557089
76561197960557091
76561197960557093
76561197960557094
76561197960557096
76561197960557097
76561197960557098
76561197960557099
76561197960557101
76561197960557102
76561197960557103
76561197960557104
76561197960557105
76561197960557107
76561197960557108
76561197960557109
76561197960557111
76561197960557114
76561197960557116
76561197960557117
76561197960557119
76561197960557121
76561197960557122
76561197960557123
76561197960557124
76561197960557125
76561197960557127
76561197960557128
76561197960557129
76561197960557130
76561197960557131
76561197960557133
76561197960557135
76561197960557136
76561197960557137
76561197960557138
76561197960557139
76561197960557141
76561197960557142
76561197960557147
76561197960557149
76561197960557151
76561197960557152
76561197960557153
76561197960557154
76561197960557155
76561197960557156
76561197960557157
76561197960557158
76561197960557159
76561197960557160
76561197960557161
76561197960557162
76561197960557163
76561197960557165
76561197960557166
76561197960557167
76561197960557168
76561197960557169
76561197960557171
76561197960557172
76561197960557173
76561197960557176
76561197960557177
76561197960557178
76561197960557180
76561197960557182
76561197960557183
76561197960557184
76561197960557185
76561197960557187
76561197960557188
76561197960557190
76561197960557191
76561197960557192
76561197960557197
76561197960557198
76561197960557200
76561197960557203
76561197960557204
76561197960557206
76561197960557208
76561197960557209
76561197960557212
76561197960557213
76561197960557214
76561197960557215
76561197960557216
76561197960557218
76561197960557219
76561197960557220
76561197960557223
76561197960557224
76561197960557225
76561197960557228
76561197960557229
76561197960557230
76561197960557232
76561197960557233
76561197960557234
76561197960557235
76561197960557236
76561197960557237
76561197960557238
76561197960557239
76561197960557240
76561197960557241
76561197960557242
76561197960557243
76561197960557244
76561197960557245
76561197960557246
76561197960557248
76561197960557249
76561197960557250
76561197960557251
76561197960557252
76561197960557253
76561197960557254
76561197960557255
76561197960557256
76561197960557258
76561197960557259
76561197960557260
76561197960557261
76561197960557263
76561197960557265
76561197960557266
76561197960557267
76561197960557268
76561197960557269
76561197960557270
76561197960557272
76561197960557273
76561197960557274
76561197960557276
76561197960557278
76561197960557280
76561197960557281
76561197960557282
76561197960557283
76561197960557284
76561197960557286
76561197960557290
76561197960557291
76561197960557292
76561197960557293
76561197960557294
76561197960557295
76561197960557296
76561197960557297
76561197960557298
76561197960557300
76561197960557301
76561197960557302
76561197960557303
76561197960557304
76561197960557305
76561197960557306
76561197960557307
76561197960557309
76561197960557310
76561197960557311
76561197960557312
76561197960557313
76561197960557314
76561197960557315
76561197960557317
76561197960557319
76561197960557320
76561197960557321
76561197960557322
76561197960557323
76561197960557325
76561197960557327
76561197960557329
76561197960557330
76561197960557331
76561197960557332
76561197960557333
76561197960557334
76561197960557336
76561197960557337
76561197960557338
76561197960557339
76561197960557340
76561197960557341
76561197960557342
76561197960557344
76561197960557345
76561197960557346
76561197960557347
76561197960557351
76561197960557352
76561197960557355
76561197960557356
76561197960557357
76561197960557358
76561197960557359
76561197960557360
76561197960557361
76561197960557363
76561197960557364
76561197960557369
76561197960557371
76561197960557372
76561197960557373
76561197960557374
76561197960557376
76561197960557378
76561197960557379
76561197960557383
76561197960557384
76561197960557385
76561197960557386
76561197960557387
76561197960557388
76561197960557390
76561197960557391
76561197960557394
76561197960557395
76561197960557396
76561197960557397
76561197960557398
76561197960557399
76561197960557400
76561197960557401
76561197960557402
76561197960557403
76561197960557404
76561197960557405
76561197960557406
76561197960557407
76561197960557409
76561197960557410
76561197960557411
76561197960557413
76561197960557414
76561197960557415
76561197960557416
76561197960557417
76561197960557419
76561197960557422
76561197960557423
76561197960557424
76561197960557425
76561197960557426
76561197960557427
76561197960557430
76561197960557433
76561197960557435
76561197960557436
76561197960557437
76561197960557439
76561197960557440
76561197960557443
76561197960557444
76561197960557445
76561197960557446
76561197960557448
76561197960557450
76561197960557451
76561197960557452
76561197960557453
76561197960557454
76561197960557455
76561197960557456
76561197960557458
76561197960557459
76561197960557460
76561197960557462
76561197960557464
76561197960557469
76561197960557470
76561197960557472
76561197960557475
76561197960557476
76561197960557477
76561197960557480
76561197960557481
76561197960557482
76561197960557483
76561197960557484
76561197960557485
76561197960557486
76561197960557487
76561197960557488
76561197960557489
76561197960557490
76561197960557491
76561197960557492
76561197960557496
76561197960557497
76561197960557498
76561197960557499
76561197960557501
76561197960557502
76561197960557503
76561197960557505
76561197960557507
76561197960557509
76561197960557510
76561197960557511
76561197960557512
76561197960557513
76561197960557514
76561197960557515
76561197960557517
76561197960557519
76561197960557521
76561197960557523
76561197960557524
76561197960557526
76561197960557528
76561197960557529
76561197960557530
76561197960557531
76561197960557532
76561197960557533
76561197960557537
76561197960557541
76561197960557579
76561197960557636
76561197960557647
76561197960557680
76561197960557699
76561197960557709
76561197960557739
76561197960557740
76561197960557741
76561197960557742
76561197960557745
76561197960557746
76561197960557747
76561197960557748
76561197960557750
76561197960557751
76561197960557752
76561197960557753
76561197960557754
76561197960557755
76561197960557757
76561197960557758
76561197960557759
76561197960557760
76561197960557761
76561197960557762
76561197960557763
76561197960557765
76561197960557766
76561197960557768
76561197960557769
76561197960557771
76561197960557772
76561197960557773
76561197960557774
76561197960557775
76561197960557777
76561197960557779
76561197960557780
76561197960557782
76561197960557784
76561197960557785
76561197960557786
76561197960557787
76561197960557788
76561197960557789
76561197960557792
76561197960557793
76561197960557794
76561197960557795
76561197960557796
76561197960557797
76561197960557798
76561197960557799
76561197960557800
76561197960557801
76561197960557803
76561197960557804
76561197960557806
76561197960557808
76561197960557809
76561197960557810
76561197960557811
76561197960557814
76561197960557815
76561197960557816
76561197960557818
76561197960557820
76561197960557821
76561197960557822
76561197960557823
76561197960557824
76561197960557825
76561197960557826
76561197960557828
76561197960557830
76561197960557831
76561197960557832
76561197960557833
76561197960557834
76561197960557835
76561197960557837
76561197960557838
76561197960557839
76561197960557840
76561197960557841
76561197960557842
76561197960557843
76561197960557844
76561197960557847
76561197960557848
76561197960557849
76561197960557850
76561197960557851
76561197960557853
76561197960557854
76561197960557855
76561197960557856
76561197960557858
76561197960557861
76561197960557862
76561197960557864
76561197960557868
76561197960557871
76561197960557872
76561197960557873
76561197960557874
76561197960557875
76561197960557877
76561197960557880
76561197960557881
76561197960557883
76561197960557884
76561197960557885
76561197960557887
76561197960557889
76561197960557890
76561197960557891
76561197960557892
76561197960557893
76561197960557894
76561197960557895
76561197960557896
76561197960557897
76561197960557898
76561197960557900
76561197960557901
76561197960557903
76561197960557907
76561197960557908
76561197960557911
76561197960557912
76561197960557914
76561197960557916
76561197960557917
76561197960557919
76561197960557920
76561197960557922
76561197960557924
76561197960557925
76561197960557928
76561197960557929
76561197960557931
76561197960557933
76561197960557934
76561197960557935
76561197960557937
76561197960557938
76561197960557941
76561197960557942
76561197960557943
76561197960557944
76561197960557946
76561197960557948
76561197960557950
76561197960557951
76561197960557952
76561197960557953
76561197960557954
76561197960557956
76561197960557957
76561197960557959
76561197960557960
76561197960557961
76561197960557962
76561197960557965
76561197960557967
76561197960557968
76561197960557969
76561197960557970
76561197960557971
76561197960557972
76561197960557973
76561197960557974
76561197960557975
76561197960557976
76561197960557977
76561197960557978
76561197960557979
76561197960557980
76561197960557981
76561197960557985
76561197960557986
76561197960557987
76561197960557988
76561197960557990
76561197960557991
76561197960557992
76561197960557993
76561197960557994
76561197960557995
76561197960557996
76561197960557997
