76561197961316058
76561197961316059
76561197961316063
76561197961316064
76561197961316065
76561197961316067
76561197961316068
76561197961316069
76561197961316071
76561197961316073
76561197961316075
76561197961316077
76561197961316078
76561197961316079
76561197961316081
76561197961316083
76561197961316084
76561197961316085
76561197961316086
76561197961316087
76561197961316088
76561197961316089
76561197961316091
76561197961316093
76561197961316094
76561197961316096
76561197961316098
76561197961316100
76561197961316101
76561197961316105
76561197961316107
76561197961316108
76561197961316110
76561197961316111
76561197961316112
76561197961316113
76561197961316115
76561197961316116
76561197961316117
76561197961316119
76561197961316121
76561197961316125
76561197961316127
76561197961316129
76561197961316130
76561197961316134
76561197961316136
76561197961316137
76561197961316141
76561197961316145
76561197961316147
76561197961316149
76561197961316150
76561197961316151
76561197961316152
76561197961316153
76561197961316155
76561197961316156
76561197961316158
76561197961316161
76561197961316162
76561197961316163
76561197961316164
76561197961316165
76561197961316166
76561197961316167
76561197961316168
76561197961316169
76561197961316170
76561197961316171
76561197961316172
76561197961316174
76561197961316175
76561197961316177
76561197961316179
76561197961316180
76561197961316184
76561197961316188
76561197961316189
76561197961316192
76561197961316200
76561197961316201
76561197961316202
76561197961316203
76561197961316204
76561197961316205
76561197961316207
76561197961316209
76561197961316210
76561197961316214
76561197961316215
76561197961316216
76561197961316218
76561197961316219
76561197961316221
76561197961316222
76561197961316224
76561197961316225
76561197961316226
76561197961316227
76561197961316232
76561197961316233
76561197961316234
76561197961316235
76561197961316236
76561197961316237
76561197961316239
76561197961316243
76561197961316244
76561197961316245
76561197961316249
76561197961316251
76561197961316252
76561197961316255
76561197961316256
76561197961316257
76561197961316258
76561197961316261
76561197961316262
76561197961316263
76561197961316266
76561197961316273
76561197961316274
76561197961316276
76561197961316277
76561197961316279
76561197961316280
76561197961316283
76561197961316286
76561197961316287
76561197961316288
76561197961316292
76561197961316295
76561197961316296
76561197961316298
76561197961316299
76561197961316302
76561197961316303
76561197961316309
76561197961316311
76561197961316312
76561197961316314
76561197961316315
76561197961316316
76561197961316320
76561197961316321
76561197961316322
76561197961316326
76561197961316330
76561197961316335
76561197961316337
76561197961316339
76561197961316341
76561197961316342
76561197961316343
76561197961316349
76561197961316350
76561197961316351
76561197961316352
76561197961316354
76561197961316355
76561197961316356
76561197961316358
76561197961316359
76561197961316360
76561197961316361
76561197961316365
76561197961316366
76561197961316369
76561197961316371
76561197961316372
76561197961316374
76561197961316376
76561197961316377
76561197961316379
76561197961316382
76561197961316384
76561197961316387
76561197961316388
76561197961316390
76561197961316391
76561197961316392
76561197961316393
76561197961316394
76561197961316396
76561197961316397
76561197961316399
76561197961316400
76561197961316401
76561197961316402
76561197961316403
76561197961316406
76561197961316408
76561197961316409
76561197961316410
76561197961316412
76561197961316413
76561197961316415
76561197961316416
76561197961316417
76561197961316418
76561197961316419
76561197961316421
76561197961316423
76561197961316424
76561197961316425
76561197961316426
76561197961316428
76561197961316429
76561197961316430
76561197961316431
76561197961316432
76561197961316433
76561197961316435
76561197961316436
76561197961316439
76561197961316440
76561197961316442
76561197961316443
76561197961316444
76561197961316446
76561197961316448
76561197961316449
76561197961316450
76561197961316452
76561197961316453
76561197961316454
76561197961316457
76561197961316460
76561197961316461
76561197961316462
76561197961316464
76561197961316467
76561197961316468
76561197961316469
76561197961316470
76561197961316473
76561197961316474
76561197961316475
76561197961316476
76561197961316477
76561197961316479
76561197961316480
76561197961316481
76561197961316482
76561197961316484
76561197961316485
76561197961316487
76561197961316489
76561197961316490
76561197961316492
76561197961316494
76561197961316495
76561197961316497
76561197961316498
76561197961316499
76561197961316500
76561197961316501
76561197961316502
76561197961316503
76561197961316505
76561197961316506
76561197961316507
76561197961316510
76561197961316511
76561197961316512
76561197961316513
76561197961316515
76561197961316516
76561197961316517
76561197961316518
76561197961316519
76561197961316520
76561197961316521
76561197961316522
76561197961316523
76561197961316525
76561197961316527
76561197961316528
76561197961316529
76561197961316530
76561197961316531
76561197961316533
76561197961316537
76561197961316541
76561197961316542
76561197961316545
76561197961316546
76561197961316548
76561197961316549
76561197961316551
76561197961316553
76561197961316555
76561197961316557
76561197961316558
76561197961316560
76561197961316561
76561197961316562
76561197961316563
76561197961316564
76561197961316565
76561197961316567
76561197961316569
76561197961316571
76561197961316572
76561197961316573
76561197961316574
76561197961316576
76561197961316577
76561197961316580
76561197961316581
76561197961316582
76561197961316583
76561197961316586
76561197961316588
76561197961316589
76561197961316590
76561197961316594
76561197961316597
76561197961316599
76561197961316602
76561197961316603
76561197961316604
76561197961316605
76561197961316607
76561197961316608
76561197961316609
76561197961316610
76561197961316614
76561197961316615
76561197961316617
76561197961316621
76561197961316622
76561197961316623
76561197961316624
76561197961316625
76561197961316626
76561197961316627
76561197961316630
76561197961316631
76561197961316633
76561197961316634
76561197961316635
76561197961316637
76561197961316638
76561197961316639
76561197961316640
76561197961316642
76561197961316644
76561197961316645
76561197961316647
76561197961316649
76561197961316650
76561197961316651
76561197961316652
76561197961316653
76561197961316655
76561197961316656
76561197961316657
76561197961316658
76561197961316659
76561197961316660
76561197961316662
76561197961316663
76561197961316665
76561197961316666
76561197961316668
76561197961316669
76561197961316671
76561197961316673
76561197961316676
76561197961316677
76561197961316678
76561197961316679
76561197961316680
76561197961316686
76561197961316687
76561197961316690
76561197961316691
76561197961316693
76561197961316695
76561197961316696
76561197961316697
76561197961316699
76561197961316700
76561197961316702
76561197961316706
76561197961316707
76561197961316709
76561197961316711
76561197961316712
76561197961316713
76561197961316715
76561197961316717
76561197961316718
76561197961316719
76561197961316720
76561197961316721
76561197961316725
76561197961316727
76561197961316731
76561197961316732
76561197961316736
76561197961316738
76561197961316739
76561197961316740
76561197961316741
76561197961316745
76561197961316746
76561197961316750
76561197961316751
76561197961316752
76561197961316753
76561197961316754
76561197961316757
76561197961316758
76561197961316763
76561197961316764
76561197961316766
76561197961316767
76561197961316768
76561197961316769
76561197961316771
76561197961316772
76561197961316773
76561197961316774
76561197961316777
76561197961316778
76561197961316780
76561197961316783
76561197961316784
76561197961316785
76561197961316786
76561197961316787
76561197961316791
76561197961316792
76561197961316793
76561197961316796
76561197961316797
76561197961316798
76561197961316799
76561197961316800
76561197961316801
76561197961316802
76561197961316803
76561197961316804
76561197961316805
76561197961316809
76561197961316810
76561197961316812
76561197961316818
76561197961316820
76561197961316821
76561197961316823
76561197961316824
76561197961316827
76561197961316828
76561197961316830
76561197961316831
76561197961316833
76561197961316835
76561197961316837
76561197961316840
76561197961316842
76561197961316844
76561197961316846
76561197961316847
76561197961316848
76561197961316849
76561197961316851
76561197961316854
76561197961316856
76561197961316859
76561197961316860
76561197961316862
76561197961316863
76561197961316867
76561197961316868
76561197961316872
76561197961316874
76561197961316875
76561197961316876
76561197961316877
76561197961316878
76561197961316879
76561197961316881
76561197961316882
76561197961316883
76561197961316885
76561197961316886
76561197961316888
76561197961316889
76561197961316890
76561197961316891
76561197961316892
76561197961316894
76561197961316896
76561197961316897
76561197961316898
76561197961316899
76561197961316900
76561197961316901
76561197961316902
76561197961316904
76561197961316906
76561197961316909
76561197961316912
76561197961316914
76561197961316915
76561197961316916
76561197961316917
76561197961316918
76561197961316919
76561197961316920
76561197961316921
76561197961316922
76561197961316923
76561197961316924
76561197961316925
76561197961316927
76561197961316930
76561197961316931
76561197961316938
76561197961316939
76561197961316945
76561197961316946
76561197961316947
76561197961316948
76561197961316949
76561197961316950
76561197961316953
76561197961316954
76561197961316955
76561197961316957
76561197961316958
76561197961316959
76561197961316960
76561197961316961
76561197961316962
76561197961316967
76561197961316968
76561197961316969
76561197961316974
76561197961316975
76561197961316976
76561197961316977
76561197961316980
76561197961316982
76561197961316983
76561197961316986
76561197961316988
76561197961316989
76561197961316991
76561197961316992
76561197961316993
76561197961316994
76561197961316995
76561197961316997
76561197961317003
76561197961317006
76561197961317007
76561197961317013
76561197961317015
76561197961317016
76561197961317017
76561197961317019
76561197961317022
76561197961317024
76561197961317026
76561197961317027
76561197961317028
76561197961317030
76561197961317033
76561197961317040
76561197961317043
76561197961317045
76561197961317046
76561197961317047
76561197961317048
76561197961317051
76561197961317053
76561197961317054
76561197961317055
76561197961317056
76561197961317057
76561197961317060
76561197961317061
76561197961317063
76561197961317066
76561197961317067
76561197961317068
76561197961317069
76561197961317070
76561197961317074
76561197961317076
76561197961317077
76561197961317078
76561197961317079
76561197961317082
76561197961317083
76561197961317084
76561197961317086
76561197961317087
76561197961317089
76561197961317090
76561197961317091
76561197961317095
76561197961317096
76561197961317100
76561197961317101
76561197961317102
76561197961317103
76561197961317105
76561197961317108
76561197961317109
76561197961317110
76561197961317114
76561197961317116
76561197961317117
76561197961317119
76561197961317121
76561197961317125
76561197961317126
76561197961317129
76561197961317130
76561197961317132
76561197961317133
76561197961317134
76561197961317136
76561197961317138
76561197961317139
76561197961317140
76561197961317141
76561197961317142
76561197961317144
76561197961317145
76561197961317146
76561197961317149
76561197961317150
76561197961317152
76561197961317153
76561197961317154
76561197961317156
76561197961317157
76561197961317158
76561197961317159
76561197961317160
76561197961317161
76561197961317162
76561197961317163
76561197961317165
76561197961317166
76561197961317167
76561197961317168
76561197961317169
76561197961317170
76561197961317171
76561197961317174
76561197961317175
76561197961317177
76561197961317178
76561197961317180
76561197961317182
76561197961317183
76561197961317185
76561197961317186
76561197961317189
76561197961317192
76561197961317194
76561197961317195
76561197961317197
76561197961317199
76561197961317203
76561197961317204
76561197961317205
76561197961317206
76561197961317207
76561197961317210
76561197961317211
76561197961317212
76561197961317213
76561197961317214
76561197961317215
76561197961317216
76561197961317217
76561197961317219
76561197961317226
76561197961317227
76561197961317228
76561197961317230
76561197961317232
76561197961317234
76561197961317235
76561197961317236
76561197961317239
76561197961317240
76561197961317243
76561197961317248
76561197961317250
76561197961317252
76561197961317253
76561197961317254
76561197961317257
76561197961317260
76561197961317261
76561197961317262
76561197961317263
76561197961317264
76561197961317265
76561197961317266
76561197961317267
76561197961317268
76561197961317270
76561197961317276
76561197961317278
76561197961317279
76561197961317281
76561197961317282
76561197961317284
76561197961317285
76561197961317287
76561197961317288
76561197961317289
76561197961317290
76561197961317291
76561197961317292
76561197961317294
76561197961317295
76561197961317296
76561197961317297
76561197961317298
76561197961317300
76561197961317301
76561197961317304
76561197961317305
76561197961317308
76561197961317311
76561197961317312
76561197961317315
76561197961317317
76561197961317318
76561197961317319
76561197961317321
76561197961317322
76561197961317324
76561197961317325
76561197961317326
76561197961317327
76561197961317333
76561197961317335
76561197961317336
76561197961317341
76561197961317342
76561197961317343
76561197961317345
76561197961317347
76561197961317349
76561197961317350
76561197961317353
76561197961317354
76561197961317355
76561197961317357
76561197961317358
76561197961317362
76561197961317364
76561197961317366
76561197961317367
76561197961317368
76561197961317369
76561197961317370
76561197961317372
76561197961317375
76561197961317376
76561197961317377
76561197961317378
76561197961317379
76561197961317381
76561197961317382
76561197961317383
76561197961317384
76561197961317386
76561197961317387
76561197961317388
76561197961317389
76561197961317390
76561197961317392
76561197961317393
76561197961317394
76561197961317396
76561197961317397
76561197961317399
76561197961317400
76561197961317402
76561197961317403
76561197961317405
76561197961317406
76561197961317408
76561197961317409
76561197961317411
76561197961317413
76561197961317414
76561197961317415
76561197961317420
76561197961317423
76561197961317425
76561197961317426
76561197961317428
76561197961317431
76561197961317433
76561197961317435
76561197961317436
76561197961317437
76561197961317438
76561197961317439
76561197961317442
76561197961317444
76561197961317445
76561197961317447
76561197961317448
76561197961317451
76561197961317452
76561197961317453
76561197961317454
76561197961317455
76561197961317457
76561197961317458
76561197961317464
76561197961317465
76561197961317466
76561197961317467
76561197961317468
76561197961317469
76561197961317470
76561197961317471
76561197961317472
76561197961317474
76561197961317475
76561197961317479
76561197961317483
76561197961317484
76561197961317485
76561197961317486
76561197961317488
76561197961317489
76561197961317491
76561197961317492
76561197961317493
76561197961317494
76561197961317495
76561197961317496
76561197961317498
76561197961317499
76561197961317500
76561197961317502
76561197961317503
76561197961317506
76561197961317508
76561197961317509
76561197961317512
76561197961317513
76561197961317519
76561197961317521
76561197961317522
76561197961317524
76561197961317525
76561197961317526
76561197961317529
76561197961317530
76561197961317531
76561197961317534
76561197961317535
76561197961317536
76561197961317537
76561197961317538
76561197961317539
76561197961317540
76561197961317541
76561197961317542
76561197961317544
76561197961317545
76561197961317546
76561197961317548
76561197961317549
76561197961317550
76561197961317551
76561197961317553
76561197961317554
76561197961317555
76561197961317556
76561197961317557
76561197961317558
76561197961317559
76561197961317560
76561197961317562
76561197961317563
76561197961317567
76561197961317568
76561197961317570
76561197961317572
76561197961317573
76561197961317574
76561197961317575
76561197961317576
76561197961317577
76561197961317580
76561197961317581
76561197961317582
76561197961317585
76561197961317586
76561197961317588
76561197961317590
76561197961317594
76561197961317595
76561197961317596
76561197961317597
76561197961317598
76561197961317599
76561197961317600
76561197961317601
76561197961317602
76561197961317603
76561197961317604
76561197961317605
76561197961317607
76561197961317608
76561197961317609
76561197961317610
76561197961317611
76561197961317612
76561197961317614
76561197961317615
76561197961317617
76561197961317618
76561197961317620
76561197961317622
76561197961317623
76561197961317625
76561197961317626
76561197961317629
76561197961317631
76561197961317632
76561197961317633
76561197961317635
76561197961317637
76561197961317641
76561197961317643
76561197961317645
76561197961317646
76561197961317651
76561197961317654
76561197961317655
76561197961317658
76561197961317659
76561197961317661
76561197961317662
76561197961317663
76561197961317665
76561197961317667
76561197961317669
76561197961317671
76561197961317672
76561197961317673
76561197961317675
76561197961317678
76561197961317680
76561197961317682
76561197961317684
76561197961317686
76561197961317687
76561197961317689
76561197961317690
76561197961317691
76561197961317692
76561197961317693
76561197961317694
76561197961317695
76561197961317698
76561197961317699
76561197961317700
76561197961317701
76561197961317703
76561197961317704
76561197961317706
76561197961317707
76561197961317710
76561197961317711
76561197961317712
76561197961317717
76561197961317719
76561197961317722
76561197961317724
76561197961317726
76561197961317731
76561197961317732
76561197961317733
76561197961317734
76561197961317735
76561197961317736
76561197961317737
76561197961317741
