76561197961951075
76561197961951077
76561197961951081
76561197961951084
76561197961951085
76561197961951086
76561197961951091
76561197961951095
76561197961951096
76561197961951098
76561197961951099
76561197961951100
76561197961951101
76561197961951106
76561197961951107
76561197961951108
76561197961951109
76561197961951111
76561197961951113
76561197961951114
76561197961951117
76561197961951119
76561197961951121
76561197961951122
76561197961951123
76561197961951124
76561197961951126
76561197961951127
76561197961951130
76561197961951131
76561197961951132
76561197961951134
76561197961951137
76561197961951143
76561197961951145
76561197961951146
76561197961951147
76561197961951150
76561197961951153
76561197961951154
76561197961951162
76561197961951165
76561197961951168
76561197961951172
76561197961951173
76561197961951174
76561197961951175
76561197961951176
76561197961951181
76561197961951182
76561197961951183
76561197961951187
76561197961951189
76561197961951190
76561197961951191
76561197961951192
76561197961951200
76561197961951201
76561197961951202
76561197961951203
76561197961951207
76561197961951208
76561197961951210
76561197961951212
76561197961951213
76561197961951215
76561197961951216
76561197961951218
76561197961951220
76561197961951222
76561197961951223
76561197961951225
76561197961951228
76561197961951229
76561197961951233
76561197961951234
76561197961951236
76561197961951242
76561197961951243
76561197961951247
76561197961951248
76561197961951249
76561197961951250
76561197961951251
76561197961951252
76561197961951253
76561197961951256
76561197961951257
76561197961951258
76561197961951259
76561197961951263
76561197961951266
76561197961951271
76561197961951273
76561197961951274
76561197961951275
76561197961951278
76561197961951279
76561197961951280
76561197961951282
76561197961951283
76561197961951284
76561197961951286
76561197961951289
76561197961951291
76561197961951294
76561197961951295
76561197961951296
76561197961951297
76561197961951299
76561197961951301
76561197961951304
76561197961951306
76561197961951307
76561197961951308
76561197961951315
76561197961951318
76561197961951319
76561197961951322
76561197961951323
76561197961951328
76561197961951331
76561197961951332
76561197961951336
76561197961951338
76561197961951341
76561197961951342
76561197961951343
76561197961951348
76561197961951349
76561197961951350
76561197961951354
76561197961951356
76561197961951358
76561197961951363
76561197961951364
76561197961951365
76561197961951366
76561197961951370
76561197961951372
76561197961951373
76561197961951375
76561197961951376
76561197961951383
76561197961951387
76561197961951388
76561197961951390
76561197961951391
76561197961951394
76561197961951398
76561197961951400
76561197961951404
76561197961951409
76561197961951410
76561197961951411
76561197961951413
76561197961951414
76561197961951416
76561197961951417
76561197961951420
76561197961951423
76561197961951426
76561197961951427
76561197961951429
76561197961951432
76561197961951434
76561197961951437
76561197961951439
76561197961951440
76561197961951441
76561197961951443
76561197961951446
76561197961951447
76561197961951448
76561197961951449
76561197961951450
76561197961951451
76561197961951453
76561197961951457
76561197961951460
76561197961951463
76561197961951468
76561197961951469
76561197961951470
76561197961951472
76561197961951475
76561197961951476
76561197961951480
76561197961951482
76561197961951486
76561197961951489
76561197961951490
76561197961951491
76561197961951493
76561197961951495
76561197961951499
76561197961951501
76561197961951503
76561197961951504
76561197961951505
76561197961951508
76561197961951509
76561197961951514
76561197961951516
76561197961951517
76561197961951518
76561197961951520
76561197961951525
76561197961951526
76561197961951529
76561197961951531
76561197961951534
76561197961951538
76561197961951540
76561197961951543
76561197961951545
76561197961951550
76561197961951558
76561197961951559
76561197961951560
76561197961951563
76561197961951564
76561197961951572
76561197961951573
76561197961951575
76561197961951579
76561197961951582
76561197961951584
76561197961951585
76561197961951586
76561197961951592
76561197961951595
76561197961951596
76561197961951600
76561197961951601
76561197961951602
76561197961951603
76561197961951605
76561197961951606
76561197961951609
76561197961951613
76561197961951616
76561197961951618
76561197961951619
76561197961951620
76561197961951621
76561197961951622
76561197961951623
76561197961951624
76561197961951625
76561197961951626
76561197961951627
76561197961951628
76561197961951634
76561197961951637
76561197961951638
76561197961951640
76561197961951642
76561197961951644
76561197961951645
76561197961951650
76561197961951655
76561197961951658
76561197961951660
76561197961951661
76561197961951662
76561197961951666
76561197961951668
76561197961951669
76561197961951671
76561197961951672
76561197961951674
76561197961951677
76561197961951678
76561197961951684
76561197961951685
76561197961951686
76561197961951690
76561197961951694
76561197961951695
76561197961951696
76561197961951699
76561197961951702
76561197961951705
76561197961951706
76561197961951708
76561197961951709
76561197961951710
76561197961951713
76561197961951718
76561197961951720
76561197961951722
76561197961951723
76561197961951724
76561197961951728
76561197961951729
76561197961951736
76561197961951741
76561197961951743
76561197961951744
76561197961951745
76561197961951746
76561197961951747
76561197961951750
76561197961951752
76561197961951753
76561197961951755
76561197961951757
76561197961951759
76561197961951764
76561197961951766
76561197961951770
76561197961951774
76561197961951777
76561197961951780
76561197961951781
76561197961951786
76561197961951793
76561197961951794
76561197961951796
76561197961951799
76561197961951801
76561197961951803
76561197961951804
76561197961951815
76561197961951816
76561197961951817
76561197961951818
76561197961951823
76561197961951829
76561197961951830
76561197961951831
76561197961951832
76561197961951836
76561197961951839
76561197961951840
76561197961951842
76561197961951844
76561197961951845
76561197961951851
76561197961951854
76561197961951860
76561197961951864
76561197961951865
76561197961951866
76561197961951868
76561197961951870
76561197961951871
76561197961951872
76561197961951874
76561197961951875
76561197961951876
76561197961951878
76561197961951881
76561197961951882
76561197961951884
76561197961951885
76561197961951887
76561197961951888
76561197961951889
76561197961951892
76561197961951894
76561197961951896
76561197961951898
76561197961951899
76561197961951901
76561197961951905
76561197961951908
76561197961951914
76561197961951915
76561197961951916
76561197961951917
76561197961951918
76561197961951919
76561197961951922
76561197961951923
76561197961951925
76561197961951926
76561197961951927
76561197961951932
76561197961951934
76561197961951935
76561197961951937
76561197961951938
76561197961951939
76561197961951940
76561197961951941
76561197961951945
76561197961951946
76561197961951947
76561197961951951
76561197961951956
76561197961951964
76561197961951965
76561197961951967
76561197961951972
76561197961951973
76561197961951974
76561197961951976
76561197961951977
76561197961951978
76561197961951982
76561197961951984
76561197961951985
76561197961951990
76561197961951991
76561197961951992
76561197961951996
76561197961952001
76561197961952004
76561197961952007
76561197961952008
76561197961952013
76561197961952015
76561197961952016
76561197961952021
76561197961952022
76561197961952024
76561197961952026
76561197961952031
76561197961952033
76561197961952035
76561197961952036
76561197961952037
76561197961952041
76561197961952044
76561197961952048
76561197961952049
76561197961952054
76561197961952057
76561197961952058
76561197961952059
76561197961952060
76561197961952061
76561197961952065
76561197961952070
76561197961952076
76561197961952078
76561197961952081
76561197961952085
76561197961952086
76561197961952087
76561197961952090
76561197961952091
76561197961952092
76561197961952093
76561197961952095
76561197961952096
76561197961952097
76561197961952098
76561197961952100
76561197961952102
76561197961952106
76561197961952113
76561197961952115
76561197961952116
76561197961952117
76561197961952121
76561197961952124
76561197961952125
76561197961952130
76561197961952135
76561197961952137
76561197961952140
76561197961952141
76561197961952142
76561197961952143
76561197961952144
76561197961952147
76561197961952148
76561197961952152
76561197961952155
76561197961952157
76561197961952158
76561197961952161
76561197961952164
76561197961952166
76561197961952170
76561197961952174
76561197961952179
76561197961952186
76561197961952187
76561197961952188
76561197961952189
76561197961952190
76561197961952194
76561197961952195
76561197961952196
76561197961952200
76561197961952210
76561197961952211
76561197961952213
76561197961952215
76561197961952219
76561197961952221
76561197961952223
76561197961952224
76561197961952225
76561197961952228
76561197961952234
76561197961952236
76561197961952237
76561197961952239
76561197961952240
76561197961952241
76561197961952243
76561197961952244
76561197961952248
76561197961952250
76561197961952253
76561197961952255
76561197961952261
76561197961952264
76561197961952266
76561197961952268
76561197961952270
76561197961952271
76561197961952272
76561197961952273
76561197961952279
76561197961952281
76561197961952283
76561197961952285
76561197961952286
76561197961952287
76561197961952291
76561197961952293
76561197961952295
76561197961952299
76561197961952300
76561197961952301
76561197961952306
76561197961952308
76561197961952315
76561197961952316
76561197961952317
76561197961952318
76561197961952320
76561197961952321
76561197961952322
76561197961952324
76561197961952325
76561197961952327
76561197961952328
76561197961952330
76561197961952334
76561197961952335
76561197961952338
76561197961952339
76561197961952341
76561197961952342
76561197961952345
76561197961952346
76561197961952349
76561197961952351
76561197961952352
76561197961952356
76561197961952357
76561197961952359
76561197961952360
76561197961952361
76561197961952362
76561197961952365
76561197961952366
76561197961952368
76561197961952369
76561197961952370
76561197961952371
76561197961952374
76561197961952376
76561197961952377
76561197961952378
76561197961952382
76561197961952383
76561197961952384
76561197961952386
76561197961952387
76561197961952388
76561197961952390
76561197961952391
76561197961952392
76561197961952393
76561197961952394
76561197961952395
76561197961952396
76561197961952400
76561197961952401
76561197961952405
76561197961952406
76561197961952412
76561197961952413
76561197961952414
76561197961952422
76561197961952423
76561197961952424
76561197961952429
76561197961952433
76561197961952437
76561197961952438
76561197961952441
76561197961952442
76561197961952444
76561197961952445
76561197961952446
76561197961952448
76561197961952450
76561197961952452
76561197961952453
76561197961952455
76561197961952457
76561197961952458
76561197961952461
76561197961952464
76561197961952467
76561197961952468
76561197961952469
76561197961952471
76561197961952472
76561197961952473
76561197961952477
76561197961952478
76561197961952481
76561197961952484
76561197961952485
76561197961952491
76561197961952494
76561197961952495
76561197961952497
76561197961952500
76561197961952501
76561197961952502
76561197961952503
76561197961952507
76561197961952508
76561197961952509
76561197961952515
76561197961952517
76561197961952519
76561197961952520
76561197961952525
76561197961952526
76561197961952528
76561197961952530
76561197961952531
76561197961952532
76561197961952533
76561197961952534
76561197961952535
76561197961952542
76561197961952546
76561197961952549
76561197961952559
76561197961952563
76561197961952564
76561197961952565
76561197961952566
76561197961952567
76561197961952569
76561197961952572
76561197961952573
76561197961952574
76561197961952575
76561197961952578
76561197961952579
76561197961952580
76561197961952582
76561197961952583
76561197961952585
76561197961952586
76561197961952590
76561197961952596
76561197961952597
76561197961952598
76561197961952599
76561197961952600
76561197961952606
76561197961952608
76561197961952609
76561197961952611
76561197961952612
76561197961952614
76561197961952617
76561197961952619
76561197961952621
76561197961952624
76561197961952625
76561197961952626
76561197961952627
76561197961952629
76561197961952631
76561197961952633
76561197961952640
76561197961952642
76561197961952646
76561197961952647
76561197961952648
76561197961952651
76561197961952653
76561197961952658
76561197961952664
76561197961952665
76561197961952666
76561197961952669
76561197961952673
76561197961952677
76561197961952678
76561197961952681
76561197961952682
76561197961952684
76561197961952687
76561197961952688
76561197961952691
76561197961952695
76561197961952697
76561197961952698
76561197961952701
76561197961952708
76561197961952709
76561197961952710
76561197961952712
76561197961952713
76561197961952717
76561197961952718
76561197961952721
76561197961952723
76561197961952726
76561197961952729
76561197961952730
76561197961952732
76561197961952735
76561197961952736
76561197961952737
76561197961952741
76561197961952742
76561197961952743
76561197961952749
76561197961952750
76561197961952755
76561197961952756
76561197961952757
76561197961952759
76561197961952761
76561197961952762
76561197961952767
76561197961952776
76561197961952777
76561197961952778
76561197961952784
76561197961952785
76561197961952786
76561197961952787
76561197961952788
76561197961952789
76561197961952792
76561197961952793
76561197961952795
76561197961952801
76561197961952802
76561197961952805
76561197961952806
76561197961952807
76561197961952809
76561197961952814
76561197961952816
76561197961952818
76561197961952819
76561197961952821
76561197961952823
76561197961952825
76561197961952829
76561197961952830
76561197961952831
76561197961952833
76561197961952834
76561197961952837
76561197961952841
76561197961952842
76561197961952844
76561197961952845
76561197961952848
76561197961952849
76561197961952850
76561197961952852
76561197961952854
76561197961952855
76561197961952856
76561197961952858
76561197961952861
76561197961952862
76561197961952863
76561197961952866
76561197961952868
76561197961952870
76561197961952872
76561197961952880
76561197961952882
76561197961952885
76561197961952886
76561197961952889
76561197961952891
76561197961952893
76561197961952894
76561197961952897
76561197961952898
76561197961952899
76561197961952900
76561197961952902
76561197961952903
76561197961952905
76561197961952908
76561197961952910
76561197961952912
76561197961952913
76561197961952918
76561197961952919
76561197961952920
76561197961952922
76561197961952924
76561197961952925
76561197961952930
76561197961952932
76561197961952933
76561197961952935
76561197961952936
76561197961952937
76561197961952938
76561197961952939
76561197961952942
76561197961952943
76561197961952946
76561197961952947
76561197961952948
76561197961952949
76561197961952951
76561197961952953
76561197961952957
76561197961952959
76561197961952960
76561197961952961
76561197961952962
76561197961952964
76561197961952967
76561197961952969
76561197961952970
76561197961952972
76561197961952974
76561197961952976
76561197961952979
76561197961952980
76561197961952984
76561197961952985
76561197961952986
76561197961952988
76561197961952991
76561197961952992
76561197961952995
76561197961952997
76561197961953000
76561197961953001
76561197961953003
76561197961953004
76561197961953006
76561197961953012
76561197961953013
76561197961953016
76561197961953019
76561197961953021
76561197961953025
76561197961953026
76561197961953028
76561197961953032
76561197961953038
76561197961953039
76561197961953040
76561197961953042
76561197961953043
76561197961953044
76561197961953047
76561197961953048
76561197961953049
76561197961953051
76561197961953052
76561197961953055
76561197961953056
76561197961953057
76561197961953058
76561197961953059
76561197961953060
76561197961953061
76561197961953062
76561197961953064
76561197961953065
76561197961953068
76561197961953069
76561197961953071
76561197961953072
76561197961953074
76561197961953075
76561197961953076
76561197961953082
76561197961953086
76561197961953090
76561197961953099
76561197961953100
76561197961953101
76561197961953106
76561197961953107
76561197961953111
76561197961953112
76561197961953114
76561197961953116
76561197961953118
76561197961953119
76561197961953120
76561197961953123
76561197961953124
76561197961953125
76561197961953127
76561197961953132
76561197961953135
76561197961953136
76561197961953139
76561197961953140
76561197961953142
76561197961953143
76561197961953144
76561197961953145
76561197961953148
76561197961953153
76561197961953155
76561197961953157
76561197961953162
76561197961953167
76561197961953169
76561197961953170
76561197961953172
76561197961953178
76561197961953179
76561197961953180
76561197961953183
76561197961953186
76561197961953188
76561197961953189
76561197961953192
76561197961953195
76561197961953196
76561197961953197
76561197961953199
76561197961953200
76561197961953201
76561197961953202
76561197961953203
76561197961953204
76561197961953206
76561197961953207
76561197961953209
76561197961953210
76561197961953211
76561197961953212
76561197961953213
76561197961953214
76561197961953216
76561197961953217
76561197961953218
76561197961953224
76561197961953228
76561197961953229
76561197961953230
76561197961953231
76561197961953242
76561197961953243
76561197961953245
76561197961953248
76561197961953254
76561197961953255
76561197961953256
76561197961953260
76561197961953263
76561197961953264
76561197961953268
76561197961953269
76561197961953270
76561197961953274
76561197961953277
76561197961953280
76561197961953282
76561197961953284
76561197961953285
76561197961953286
76561197961953287
76561197961953288
76561197961953290
76561197961953292
76561197961953293
76561197961953294
76561197961953300
76561197961953303
76561197961953307
76561197961953308
76561197961953310
