76561197961537682
76561197961537683
76561197961537688
76561197961537693
76561197961537694
76561197961537695
76561197961537700
76561197961537701
76561197961537702
76561197961537704
76561197961537705
76561197961537706
76561197961537707
76561197961537709
76561197961537710
76561197961537712
76561197961537713
76561197961537715
76561197961537717
76561197961537718
76561197961537719
76561197961537722
76561197961537725
76561197961537729
76561197961537731
76561197961537733
76561197961537735
76561197961537736
76561197961537737
76561197961537738
76561197961537739
76561197961537742
76561197961537744
76561197961537745
76561197961537748
76561197961537749
76561197961537752
76561197961537756
76561197961537757
76561197961537758
76561197961537762
76561197961537764
76561197961537767
76561197961537771
76561197961537772
76561197961537773
76561197961537774
76561197961537777
76561197961537778
76561197961537780
76561197961537781
76561197961537782
76561197961537784
76561197961537785
76561197961537788
76561197961537789
76561197961537790
76561197961537791
76561197961537795
76561197961537796
76561197961537802
76561197961537804
76561197961537806
76561197961537807
76561197961537809
76561197961537811
76561197961537815
76561197961537817
76561197961537818
76561197961537820
76561197961537822
76561197961537823
76561197961537826
76561197961537829
76561197961537831
76561197961537832
76561197961537834
76561197961537836
76561197961537839
76561197961537841
76561197961537842
76561197961537845
76561197961537848
76561197961537852
76561197961537857
76561197961537858
76561197961537863
76561197961537864
76561197961537872
76561197961537874
76561197961537875
76561197961537879
76561197961537884
76561197961537886
76561197961537888
76561197961537889
76561197961537891
76561197961537895
76561197961537898
76561197961537899
76561197961537901
76561197961537903
76561197961537905
76561197961537906
76561197961537909
76561197961537910
76561197961537914
76561197961537915
76561197961537916
76561197961537917
76561197961537918
76561197961537919
76561197961537920
76561197961537922
76561197961537923
76561197961537925
76561197961537929
76561197961537930
76561197961537931
76561197961537933
76561197961537934
76561197961537937
76561197961537938
76561197961537939
76561197961537941
76561197961537944
76561197961537947
76561197961537952
76561197961537953
76561197961537954
76561197961537955
76561197961537957
76561197961537961
76561197961537962
76561197961537964
76561197961537966
76561197961537968
76561197961537969
76561197961537973
76561197961537976
76561197961537978
76561197961537979
76561197961537981
76561197961537983
76561197961537984
76561197961537986
76561197961537992
76561197961537994
76561197961537995
76561197961537996
76561197961538000
76561197961538001
76561197961538003
76561197961538004
76561197961538007
76561197961538009
76561197961538012
76561197961538013
76561197961538014
76561197961538015
76561197961538017
76561197961538020
76561197961538022
76561197961538025
76561197961538027
76561197961538028
76561197961538032
76561197961538035
76561197961538038
76561197961538040
76561197961538041
76561197961538045
76561197961538046
76561197961538049
76561197961538050
76561197961538052
76561197961538053
76561197961538055
76561197961538058
76561197961538060
76561197961538065
76561197961538066
76561197961538069
76561197961538073
76561197961538074
76561197961538075
76561197961538077
76561197961538078
76561197961538079
76561197961538080
76561197961538082
76561197961538084
76561197961538090
76561197961538091
76561197961538093
76561197961538094
76561197961538097
76561197961538099
76561197961538101
76561197961538102
76561197961538107
76561197961538108
76561197961538110
76561197961538114
76561197961538116
76561197961538117
76561197961538119
76561197961538126
76561197961538128
76561197961538134
76561197961538135
76561197961538139
76561197961538141
76561197961538142
76561197961538144
76561197961538145
76561197961538146
76561197961538147
76561197961538152
76561197961538153
76561197961538156
76561197961538158
76561197961538159
76561197961538162
76561197961538164
76561197961538166
76561197961538168
76561197961538170
76561197961538173
76561197961538176
76561197961538178
76561197961538183
76561197961538184
76561197961538185
76561197961538188
76561197961538189
76561197961538194
76561197961538196
76561197961538197
76561197961538199
76561197961538200
76561197961538201
76561197961538204
76561197961538205
76561197961538206
76561197961538208
76561197961538209
76561197961538210
76561197961538211
76561197961538214
76561197961538215
76561197961538216
76561197961538221
76561197961538224
76561197961538227
76561197961538228
76561197961538230
76561197961538236
76561197961538247
76561197961538248
76561197961538249
76561197961538251
76561197961538252
76561197961538253
76561197961538257
76561197961538259
76561197961538260
76561197961538262
76561197961538264
76561197961538265
76561197961538268
76561197961538269
76561197961538271
76561197961538272
76561197961538275
76561197961538276
76561197961538278
76561197961538281
76561197961538286
76561197961538287
76561197961538289
76561197961538292
76561197961538293
76561197961538297
76561197961538300
76561197961538303
76561197961538304
76561197961538308
76561197961538310
76561197961538314
76561197961538316
76561197961538317
76561197961538320
76561197961538322
76561197961538328
76561197961538329
76561197961538330
76561197961538331
76561197961538334
76561197961538336
76561197961538337
76561197961538339
76561197961538340
76561197961538341
76561197961538346
76561197961538348
76561197961538349
76561197961538350
76561197961538354
76561197961538356
76561197961538359
76561197961538361
76561197961538362
76561197961538363
76561197961538369
76561197961538375
76561197961538383
76561197961538384
76561197961538387
76561197961538390
76561197961538391
76561197961538392
76561197961538393
76561197961538394
76561197961538395
76561197961538396
76561197961538399
76561197961538401
76561197961538402
76561197961538403
76561197961538406
76561197961538411
76561197961538413
76561197961538415
76561197961538416
76561197961538419
76561197961538425
76561197961538426
76561197961538427
76561197961538428
76561197961538430
76561197961538432
76561197961538433
76561197961538434
76561197961538435
76561197961538439
76561197961538442
76561197961538445
76561197961538446
76561197961538448
76561197961538449
76561197961538451
76561197961538459
76561197961538460
76561197961538462
76561197961538463
76561197961538465
76561197961538466
76561197961538467
76561197961538470
76561197961538472
76561197961538474
76561197961538475
76561197961538476
76561197961538477
76561197961538479
76561197961538484
76561197961538486
76561197961538487
76561197961538488
76561197961538489
76561197961538490
76561197961538491
76561197961538494
76561197961538496
76561197961538499
76561197961538500
76561197961538502
76561197961538503
76561197961538508
76561197961538509
76561197961538510
76561197961538511
76561197961538512
76561197961538513
76561197961538515
76561197961538516
76561197961538517
76561197961538518
76561197961538519
76561197961538523
76561197961538524
76561197961538525
76561197961538529
76561197961538531
76561197961538532
76561197961538533
76561197961538534
76561197961538535
76561197961538537
76561197961538539
76561197961538541
76561197961538544
76561197961538545
76561197961538547
76561197961538550
76561197961538556
76561197961538558
76561197961538560
76561197961538563
76561197961538564
76561197961538565
76561197961538566
76561197961538567
76561197961538568
76561197961538572
76561197961538574
76561197961538575
76561197961538576
76561197961538577
76561197961538580
76561197961538584
76561197961538586
76561197961538587
76561197961538588
76561197961538590
76561197961538591
76561197961538596
76561197961538598
76561197961538599
76561197961538602
76561197961538603
76561197961538606
76561197961538607
76561197961538608
76561197961538609
76561197961538610
76561197961538612
76561197961538613
76561197961538616
76561197961538617
76561197961538618
76561197961538620
76561197961538622
76561197961538623
76561197961538625
76561197961538626
76561197961538628
76561197961538629
76561197961538630
76561197961538631
76561197961538632
76561197961538633
76561197961538647
76561197961538650
76561197961538651
76561197961538653
76561197961538655
76561197961538656
76561197961538657
76561197961538661
76561197961538662
76561197961538663
76561197961538664
76561197961538665
76561197961538668
76561197961538674
76561197961538675
76561197961538679
76561197961538684
76561197961538685
76561197961538686
76561197961538687
76561197961538689
76561197961538693
76561197961538694
76561197961538695
76561197961538699
76561197961538702
76561197961538705
76561197961538706
76561197961538708
76561197961538709
76561197961538711
76561197961538712
76561197961538714
76561197961538716
76561197961538717
76561197961538721
76561197961538723
76561197961538724
76561197961538726
76561197961538728
76561197961538729
76561197961538733
76561197961538735
76561197961538736
76561197961538737
76561197961538738
76561197961538742
76561197961538747
76561197961538748
76561197961538752
76561197961538753
76561197961538755
76561197961538757
76561197961538758
76561197961538760
76561197961538764
76561197961538769
76561197961538772
76561197961538773
76561197961538775
76561197961538776
76561197961538780
76561197961538781
76561197961538784
76561197961538785
76561197961538791
76561197961538792
76561197961538793
76561197961538795
76561197961538796
76561197961538797
76561197961538799
76561197961538801
76561197961538802
76561197961538803
76561197961538804
76561197961538808
76561197961538809
76561197961538810
76561197961538813
76561197961538814
76561197961538815
76561197961538816
76561197961538820
76561197961538823
76561197961538827
76561197961538828
76561197961538831
76561197961538832
76561197961538836
76561197961538837
76561197961538838
76561197961538842
76561197961538846
76561197961538848
76561197961538849
76561197961538853
76561197961538854
76561197961538856
76561197961538858
76561197961538859
76561197961538860
76561197961538862
76561197961538863
76561197961538866
76561197961538869
76561197961538871
76561197961538873
76561197961538877
76561197961538879
76561197961538882
76561197961538883
76561197961538884
76561197961538886
76561197961538892
76561197961538893
76561197961538894
76561197961538895
76561197961538896
76561197961538897
76561197961538900
76561197961538902
76561197961538903
76561197961538904
76561197961538905
76561197961538906
76561197961538907
76561197961538909
76561197961538910
76561197961538912
76561197961538913
76561197961538915
76561197961538919
76561197961538921
76561197961538923
76561197961538926
76561197961538927
76561197961538928
76561197961538932
76561197961538933
76561197961538934
76561197961538935
76561197961538936
76561197961538937
76561197961538941
76561197961538944
76561197961538945
76561197961538946
76561197961538947
76561197961538953
76561197961538954
76561197961538955
76561197961538957
76561197961538959
76561197961538961
76561197961538962
76561197961538963
76561197961538964
76561197961538967
76561197961538971
76561197961538972
76561197961538979
76561197961538981
76561197961538982
76561197961538986
76561197961538989
76561197961538994
76561197961538996
76561197961538997
76561197961539000
76561197961539001
76561197961539002
76561197961539003
76561197961539006
76561197961539010
76561197961539012
76561197961539015
76561197961539017
76561197961539021
76561197961539023
76561197961539024
76561197961539025
76561197961539026
76561197961539031
76561197961539032
76561197961539033
76561197961539036
76561197961539038
76561197961539042
76561197961539044
76561197961539045
76561197961539047
76561197961539049
76561197961539050
76561197961539051
76561197961539054
76561197961539062
76561197961539066
76561197961539072
76561197961539073
76561197961539074
76561197961539076
76561197961539077
76561197961539078
76561197961539079
76561197961539081
76561197961539082
76561197961539086
76561197961539093
76561197961539095
76561197961539096
76561197961539097
76561197961539098
76561197961539099
76561197961539100
76561197961539101
76561197961539102
76561197961539106
76561197961539107
76561197961539111
76561197961539112
76561197961539113
76561197961539115
76561197961539117
76561197961539119
76561197961539121
76561197961539122
76561197961539124
76561197961539126
76561197961539128
76561197961539131
76561197961539133
76561197961539134
76561197961539135
76561197961539136
76561197961539137
76561197961539143
76561197961539144
76561197961539145
76561197961539146
76561197961539147
76561197961539148
76561197961539151
76561197961539152
76561197961539154
76561197961539157
76561197961539158
76561197961539160
76561197961539161
76561197961539162
76561197961539163
76561197961539165
76561197961539166
76561197961539167
76561197961539168
76561197961539169
76561197961539174
76561197961539177
76561197961539178
76561197961539181
76561197961539182
76561197961539185
76561197961539187
76561197961539188
76561197961539189
76561197961539191
76561197961539193
76561197961539194
76561197961539195
76561197961539196
76561197961539197
76561197961539200
76561197961539203
76561197961539204
76561197961539205
76561197961539209
76561197961539211
76561197961539213
76561197961539216
76561197961539217
76561197961539221
76561197961539222
76561197961539224
76561197961539226
76561197961539227
76561197961539228
76561197961539229
76561197961539233
76561197961539234
76561197961539235
76561197961539236
76561197961539237
76561197961539240
76561197961539248
76561197961539250
76561197961539251
76561197961539253
76561197961539254
76561197961539256
76561197961539257
76561197961539259
76561197961539260
76561197961539266
76561197961539272
76561197961539274
76561197961539275
76561197961539279
76561197961539281
76561197961539285
76561197961539287
76561197961539288
76561197961539289
76561197961539290
76561197961539292
76561197961539293
76561197961539295
76561197961539297
76561197961539298
76561197961539299
76561197961539302
76561197961539303
76561197961539305
76561197961539306
76561197961539308
76561197961539312
76561197961539313
76561197961539315
76561197961539318
76561197961539319
76561197961539323
76561197961539324
76561197961539325
76561197961539329
76561197961539330
76561197961539332
76561197961539333
76561197961539337
76561197961539338
76561197961539340
76561197961539344
76561197961539345
76561197961539346
76561197961539348
76561197961539349
76561197961539350
76561197961539351
76561197961539352
76561197961539353
76561197961539354
76561197961539355
76561197961539356
76561197961539358
76561197961539359
76561197961539360
76561197961539362
76561197961539365
76561197961539366
76561197961539367
76561197961539370
76561197961539371
76561197961539374
76561197961539375
76561197961539380
76561197961539382
76561197961539383
76561197961539387
76561197961539392
76561197961539393
76561197961539394
76561197961539397
76561197961539401
76561197961539402
76561197961539404
76561197961539405
76561197961539408
76561197961539409
76561197961539410
76561197961539412
76561197961539413
76561197961539416
76561197961539417
76561197961539418
76561197961539419
76561197961539420
76561197961539421
76561197961539422
76561197961539424
76561197961539425
76561197961539430
76561197961539433
76561197961539434
76561197961539435
76561197961539437
76561197961539438
76561197961539440
76561197961539442
76561197961539446
76561197961539448
76561197961539449
76561197961539452
76561197961539453
76561197961539457
76561197961539459
76561197961539460
76561197961539461
76561197961539464
76561197961539465
76561197961539466
76561197961539467
76561197961539472
76561197961539473
76561197961539475
76561197961539476
76561197961539481
76561197961539484
76561197961539486
76561197961539488
76561197961539489
76561197961539494
76561197961539496
76561197961539501
76561197961539504
76561197961539506
76561197961539507
76561197961539512
76561197961539514
76561197961539516
76561197961539518
76561197961539520
76561197961539523
76561197961539524
76561197961539525
76561197961539528
76561197961539530
76561197961539534
76561197961539536
76561197961539538
76561197961539539
76561197961539550
76561197961539551
76561197961539553
76561197961539554
76561197961539556
76561197961539558
76561197961539559
76561197961539560
76561197961539561
76561197961539566
76561197961539567
76561197961539568
76561197961539569
76561197961539571
76561197961539572
76561197961539577
76561197961539578
76561197961539579
76561197961539580
76561197961539581
76561197961539583
76561197961539586
76561197961539588
76561197961539590
76561197961539591
76561197961539595
76561197961539596
76561197961539598
76561197961539599
76561197961539600
76561197961539601
76561197961539603
76561197961539605
76561197961539607
76561197961539608
76561197961539610
76561197961539611
76561197961539612
76561197961539613
76561197961539614
76561197961539616
76561197961539620
76561197961539621
76561197961539628
76561197961539629
76561197961539630
76561197961539632
76561197961539634
76561197961539636
76561197961539637
76561197961539638
76561197961539640
76561197961539643
76561197961539645
76561197961539648
76561197961539651
76561197961539654
76561197961539656
76561197961539657
76561197961539662
76561197961539664
76561197961539665
76561197961539666
76561197961539668
76561197961539669
76561197961539670
76561197961539672
76561197961539673
76561197961539674
76561197961539676
76561197961539677
76561197961539680
76561197961539683
76561197961539684
76561197961539686
76561197961539687
76561197961539689
76561197961539694
76561197961539698
76561197961539699
76561197961539700
76561197961539705
76561197961539708
76561197961539709
76561197961539710
76561197961539713
76561197961539716
76561197961539720
76561197961539723
76561197961539730
76561197961539734
76561197961539735
76561197961539737
76561197961539738
76561197961539739
76561197961539741
76561197961539747
76561197961539750
76561197961539754
76561197961539760
76561197961539769
76561197961539770
76561197961539771
76561197961539773
76561197961539774
76561197961539775
76561197961539776
76561197961539777
76561197961539780
