76561197960541432
76561197960541433
76561197960541434
76561197960541435
76561197960541436
76561197960541438
76561197960541441
76561197960541442
76561197960541443
76561197960541444
76561197960541445
76561197960541446
76561197960541447
76561197960541450
76561197960541451
76561197960541452
76561197960541453
76561197960541454
76561197960541457
76561197960541458
76561197960541460
76561197960541461
76561197960541462
76561197960541463
76561197960541465
76561197960541466
76561197960541467
76561197960541468
76561197960541471
76561197960541472
76561197960541474
76561197960541475
76561197960541478
76561197960541479
76561197960541480
76561197960541482
76561197960541485
76561197960541486
76561197960541487
76561197960541488
76561197960541489
76561197960541491
76561197960541493
76561197960541496
76561197960541497
76561197960541499
76561197960541502
76561197960541503
76561197960541506
76561197960541508
76561197960541509
76561197960541512
76561197960541513
76561197960541514
76561197960541515
76561197960541516
76561197960541517
76561197960541518
76561197960541519
76561197960541521
76561197960541523
76561197960541524
76561197960541525
76561197960541526
76561197960541528
76561197960541529
76561197960541530
76561197960541533
76561197960541534
76561197960541537
76561197960541539
76561197960541543
76561197960541544
76561197960541548
76561197960541550
76561197960541551
76561197960541552
76561197960541554
76561197960541555
76561197960541557
76561197960541558
76561197960541560
76561197960541561
76561197960541562
76561197960541564
76561197960541565
76561197960541566
76561197960541567
76561197960541568
76561197960541569
76561197960541570
76561197960541571
76561197960541574
76561197960541575
76561197960541576
76561197960541577
76561197960541578
76561197960541580
76561197960541581
76561197960541583
76561197960541584
76561197960541585
76561197960541586
76561197960541587
76561197960541589
76561197960541590
76561197960541591
76561197960541592
76561197960541593
76561197960541594
76561197960541595
76561197960541597
76561197960541598
76561197960541599
76561197960541600
76561197960541601
76561197960541603
76561197960541604
76561197960541606
76561197960541607
76561197960541608
76561197960541609
76561197960541610
76561197960541612
76561197960541614
76561197960541617
76561197960541618
76561197960541619
76561197960541622
76561197960541624
76561197960541625
76561197960541626
76561197960541628
76561197960541629
76561197960541631
76561197960541632
76561197960541633
76561197960541634
76561197960541636
76561197960541637
76561197960541638
76561197960541640
76561197960541642
76561197960541643
76561197960541646
76561197960541647
76561197960541648
76561197960541651
76561197960541653
76561197960541655
76561197960541656
76561197960541659
76561197960541660
76561197960541661
76561197960541662
76561197960541664
76561197960541665
76561197960541666
76561197960541667
76561197960541668
76561197960541669
76561197960541670
76561197960541672
76561197960541673
76561197960541674
76561197960541675
76561197960541676
76561197960541678
76561197960541679
76561197960541681
76561197960541684
76561197960541685
76561197960541686
76561197960541687
76561197960541689
76561197960541692
76561197960541695
76561197960541697
76561197960541701
76561197960541702
76561197960541703
76561197960541705
76561197960541707
76561197960541708
76561197960541710
76561197960541711
76561197960541713
76561197960541714
76561197960541715
76561197960541716
76561197960541717
76561197960541718
76561197960541719
76561197960541721
76561197960541722
76561197960541723
76561197960541724
76561197960541725
76561197960541727
76561197960541728
76561197960541729
76561197960541730
76561197960541731
76561197960541732
76561197960541733
76561197960541735
76561197960541736
76561197960541737
76561197960541739
76561197960541740
76561197960541741
76561197960541742
76561197960541743
76561197960541744
76561197960541749
76561197960541750
76561197960541751
76561197960541752
76561197960541753
76561197960541755
76561197960541756
76561197960541757
76561197960541758
76561197960541759
76561197960541763
76561197960541764
76561197960541766
76561197960541767
76561197960541768
76561197960541769
76561197960541772
76561197960541773
76561197960541774
76561197960541775
76561197960541776
76561197960541777
76561197960541778
76561197960541779
76561197960541780
76561197960541782
76561197960541784
76561197960541788
76561197960541789
76561197960541790
76561197960541792
76561197960541794
76561197960541797
76561197960541798
76561197960541799
76561197960541800
76561197960541802
76561197960541803
76561197960541807
76561197960541808
76561197960541809
76561197960541813
76561197960541816
76561197960541820
76561197960541822
76561197960541824
76561197960541826
76561197960541830
76561197960541831
76561197960541832
76561197960541833
76561197960541834
76561197960541835
76561197960541836
76561197960541837
76561197960541839
76561197960541841
76561197960541843
76561197960541844
76561197960541846
76561197960541847
76561197960541849
76561197960541850
76561197960541852
76561197960541855
76561197960541856
76561197960541861
76561197960541862
76561197960541867
76561197960541872
76561197960541874
76561197960541875
76561197960541876
76561197960541877
76561197960541880
76561197960541881
76561197960541887
76561197960541888
76561197960541889
76561197960541891
76561197960541892
76561197960541893
76561197960541894
76561197960541895
76561197960541896
76561197960541898
76561197960541900
76561197960541901
76561197960541902
76561197960541903
76561197960541904
76561197960541905
76561197960541906
76561197960541907
76561197960541908
76561197960541909
76561197960541911
76561197960541912
76561197960541913
76561197960541914
76561197960541915
76561197960541917
76561197960541919
76561197960541921
76561197960541922
76561197960541925
76561197960541926
76561197960541927
76561197960541930
76561197960541931
76561197960541935
76561197960541936
76561197960541937
76561197960541938
76561197960541940
76561197960541941
76561197960541942
76561197960541943
76561197960541944
76561197960541945
76561197960541947
76561197960541948
76561197960541949
76561197960541950
76561197960541951
76561197960541952
76561197960541954
76561197960541955
76561197960541956
76561197960541957
76561197960541958
76561197960541959
76561197960541960
76561197960541962
76561197960541963
76561197960541964
76561197960541965
76561197960541966
76561197960541967
76561197960541968
76561197960541969
76561197960541970
76561197960541974
76561197960541976
76561197960541977
76561197960541978
76561197960541980
76561197960541981
76561197960541982
76561197960541983
76561197960541984
76561197960541985
76561197960541986
76561197960541987
76561197960541988
76561197960541989
76561197960541990
76561197960541991
76561197960541993
76561197960541994
76561197960541995
76561197960541996
76561197960541998
76561197960541999
76561197960542000
76561197960542001
76561197960542002
76561197960542003
76561197960542004
76561197960542005
76561197960542008
76561197960542009
76561197960542010
76561197960542014
76561197960542015
76561197960542016
76561197960542019
76561197960542020
76561197960542021
76561197960542022
76561197960542023
76561197960542024
76561197960542025
76561197960542027
76561197960542028
76561197960542029
76561197960542030
76561197960542032
76561197960542036
76561197960542037
76561197960542038
76561197960542039
76561197960542040
76561197960542042
76561197960542045
76561197960542046
76561197960542047
76561197960542048
76561197960542049
76561197960542050
76561197960542051
76561197960542052
76561197960542053
76561197960542054
76561197960542056
76561197960542058
76561197960542062
76561197960542063
76561197960542064
76561197960542066
76561197960542067
76561197960542068
76561197960542069
76561197960542070
76561197960542074
76561197960542075
76561197960542076
76561197960542079
76561197960542081
76561197960542085
76561197960542087
76561197960542088
76561197960542089
76561197960542090
76561197960542091
76561197960542092
76561197960542094
76561197960542095
76561197960542097
76561197960542100
76561197960542102
76561197960542103
76561197960542104
76561197960542105
76561197960542106
76561197960542107
76561197960542108
76561197960542109
76561197960542111
76561197960542113
76561197960542115
76561197960542117
76561197960542118
76561197960542120
76561197960542122
76561197960542123
76561197960542124
76561197960542128
76561197960542130
76561197960542131
76561197960542132
76561197960542133
76561197960542134
76561197960542135
76561197960542141
76561197960542142
76561197960542144
76561197960542145
76561197960542146
76561197960542147
76561197960542148
76561197960542150
76561197960542152
76561197960542154
76561197960542156
76561197960542157
76561197960542158
76561197960542159
76561197960542160
76561197960542164
76561197960542165
76561197960542166
76561197960542167
76561197960542168
76561197960542169
76561197960542170
76561197960542171
76561197960542172
76561197960542173
76561197960542174
76561197960542176
76561197960542177
76561197960542178
76561197960542179
76561197960542180
76561197960542181
76561197960542182
76561197960542184
76561197960542185
76561197960542186
76561197960542188
76561197960542189
76561197960542190
76561197960542192
76561197960542197
76561197960542198
76561197960542199
76561197960542200
76561197960542204
76561197960542205
76561197960542207
76561197960542208
76561197960542210
76561197960542211
76561197960542213
76561197960542216
76561197960542217
76561197960542219
76561197960542220
76561197960542221
76561197960542224
76561197960542225
76561197960542226
76561197960542227
76561197960542228
76561197960542231
76561197960542235
76561197960542238
76561197960542239
76561197960542240
76561197960542241
76561197960542242
76561197960542243
76561197960542244
76561197960542247
76561197960542248
76561197960542250
76561197960542251
76561197960542252
76561197960542253
76561197960542254
76561197960542255
76561197960542257
76561197960542258
76561197960542259
76561197960542260
76561197960542261
76561197960542262
76561197960542264
76561197960542266
76561197960542269
76561197960542270
76561197960542271
76561197960542272
76561197960542275
76561197960542276
76561197960542279
76561197960542280
76561197960542281
76561197960542282
76561197960542285
76561197960542286
76561197960542288
76561197960542290
76561197960542291
76561197960542292
76561197960542293
76561197960542294
76561197960542295
76561197960542297
76561197960542299
76561197960542300
76561197960542302
76561197960542303
76561197960542304
76561197960542307
76561197960542308
76561197960542310
76561197960542312
76561197960542313
76561197960542314
76561197960542315
76561197960542317
76561197960542321
76561197960542322
76561197960542323
76561197960542331
76561197960542332
76561197960542335
76561197960542338
76561197960542339
76561197960542340
76561197960542346
76561197960542348
76561197960542350
76561197960542351
76561197960542353
76561197960542354
76561197960542355
76561197960542356
76561197960542359
76561197960542360
76561197960542361
76561197960542362
76561197960542363
76561197960542366
76561197960542367
76561197960542369
76561197960542370
76561197960542371
76561197960542374
76561197960542375
76561197960542378
76561197960542379
76561197960542380
76561197960542382
76561197960542384
76561197960542385
76561197960542386
76561197960542387
76561197960542388
76561197960542389
76561197960542390
76561197960542391
76561197960542392
76561197960542393
76561197960542395
76561197960542396
76561197960542397
76561197960542398
76561197960542399
76561197960542402
76561197960542404
76561197960542405
76561197960542408
76561197960542414
76561197960542415
76561197960542417
76561197960542418
76561197960542419
76561197960542420
76561197960542424
76561197960542425
76561197960542426
76561197960542427
76561197960542428
76561197960542429
76561197960542431
76561197960542434
76561197960542438
76561197960542441
76561197960542442
76561197960542443
76561197960542445
76561197960542447
76561197960542449
76561197960542453
76561197960542454
76561197960542455
76561197960542456
76561197960542457
76561197960542458
76561197960542460
76561197960542467
76561197960542468
76561197960542473
76561197960542474
76561197960542475
76561197960542476
76561197960542477
76561197960542478
76561197960542479
76561197960542480
76561197960542482
76561197960542483
76561197960542484
76561197960542485
76561197960542489
76561197960542490
76561197960542491
76561197960542492
76561197960542493
76561197960542496
76561197960542497
76561197960542499
76561197960542500
76561197960542503
76561197960542504
76561197960542505
76561197960542506
76561197960542507
76561197960542508
76561197960542510
76561197960542511
76561197960542513
76561197960542516
76561197960542517
76561197960542519
76561197960542521
76561197960542522
76561197960542523
76561197960542525
76561197960542526
76561197960542527
76561197960542530
76561197960542531
76561197960542532
76561197960542534
76561197960542535
76561197960542536
76561197960542537
76561197960542539
76561197960542540
76561197960542542
76561197960542543
76561197960542544
76561197960542546
76561197960542548
76561197960542550
76561197960542551
76561197960542552
76561197960542555
76561197960542556
76561197960542557
76561197960542559
76561197960542560
76561197960542562
76561197960542563
76561197960542564
76561197960542565
76561197960542566
76561197960542568
76561197960542571
76561197960542574
76561197960542577
76561197960542578
76561197960542579
76561197960542580
76561197960542581
76561197960542582
76561197960542583
76561197960542584
76561197960542586
76561197960542587
76561197960542588
76561197960542590
76561197960542591
76561197960542593
76561197960542594
76561197960542596
76561197960542597
76561197960542598
76561197960542599
76561197960542601
76561197960542602
76561197960542603
76561197960542604
76561197960542606
76561197960542607
76561197960542608
76561197960542609
76561197960542610
76561197960542614
76561197960542616
76561197960542618
76561197960542620
76561197960542624
76561197960542627
76561197960542629
76561197960542631
76561197960542637
76561197960542640
76561197960542641
76561197960542648
76561197960542650
76561197960542652
76561197960542653
76561197960542657
76561197960542658
76561197960542659
76561197960542660
76561197960542661
76561197960542664
76561197960542665
76561197960542666
76561197960542668
76561197960542670
76561197960542672
76561197960542675
76561197960542676
76561197960542677
76561197960542679
76561197960542680
76561197960542682
76561197960542683
76561197960542684
76561197960542685
76561197960542686
76561197960542687
76561197960542688
76561197960542689
76561197960542692
76561197960542694
76561197960542696
76561197960542699
76561197960542700
76561197960542701
76561197960542702
76561197960542703
76561197960542704
76561197960542705
76561197960542706
76561197960542708
76561197960542709
76561197960542710
76561197960542711
76561197960542713
76561197960542716
76561197960542717
76561197960542718
76561197960542719
76561197960542722
76561197960542724
76561197960542725
76561197960542726
76561197960542727
76561197960542728
76561197960542729
76561197960542730
76561197960542733
76561197960542741
76561197960542742
76561197960542743
76561197960542744
76561197960542746
76561197960542748
76561197960542749
76561197960542750
76561197960542752
76561197960542755
76561197960542756
76561197960542758
76561197960542759
76561197960542760
76561197960542761
76561197960542762
76561197960542763
76561197960542764
76561197960542765
76561197960542768
76561197960542769
76561197960542770
76561197960542771
76561197960542772
76561197960542774
76561197960542775
76561197960542777
76561197960542781
76561197960542782
76561197960542785
76561197960542786
76561197960542789
76561197960542790
76561197960542792
76561197960542794
76561197960542795
76561197960542796
76561197960542798
76561197960542799
76561197960542800
76561197960542803
76561197960542804
76561197960542805
76561197960542806
76561197960542807
76561197960542808
76561197960542809
76561197960542810
76561197960542812
76561197960542813
76561197960542817
76561197960542818
76561197960542820
76561197960542821
76561197960542823
76561197960542824
76561197960542826
76561197960542828
76561197960542830
76561197960542831
76561197960542834
76561197960542836
76561197960542838
76561197960542840
76561197960542842
76561197960542843
76561197960542844
76561197960542848
76561197960542849
76561197960542850
76561197960542851
76561197960542854
76561197960542855
76561197960542856
76561197960542858
76561197960542859
76561197960542860
76561197960542863
76561197960542864
76561197960542865
76561197960542866
76561197960542870
76561197960542871
76561197960542872
76561197960542873
76561197960542874
76561197960542877
76561197960542878
76561197960542879
76561197960542880
76561197960542881
76561197960542883
76561197960542884
76561197960542885
76561197960542887
76561197960542888
76561197960542889
76561197960542891
76561197960542892
76561197960542896
76561197960542897
76561197960542899
76561197960542900
76561197960542901
76561197960542902
76561197960542903
76561197960542904
76561197960542907
76561197960542908
76561197960542911
76561197960542912
76561197960542913
76561197960542914
76561197960542915
76561197960542918
76561197960542919
76561197960542920
76561197960542921
76561197960542923
76561197960542924
76561197960542926
76561197960542929
76561197960542930
76561197960542931
76561197960542932
76561197960542934
76561197960542935
76561197960542936
76561197960542937
76561197960542938
76561197960542939
76561197960542941
76561197960542946
76561197960542947
76561197960542950
76561197960542951
76561197960542952
76561197960542953
76561197960542954
76561197960542955
76561197960542957
76561197960542958
76561197960542960
76561197960542964
76561197960542965
76561197960542967
76561197960542970
76561197960542971
76561197960542972
76561197960542975
76561197960542978
76561197960542979
76561197960542980
76561197960542981
76561197960542983
76561197960542984
76561197960542986
76561197960542988
76561197960542989
76561197960542990
76561197960542992
76561197960542994
76561197960542996
76561197960542997
76561197960542998
76561197960542999
