76561197961481888
76561197961481892
76561197961481893
76561197961481895
76561197961481896
76561197961481897
76561197961481900
76561197961481901
76561197961481903
76561197961481904
76561197961481905
76561197961481907
76561197961481911
76561197961481912
76561197961481914
76561197961481915
76561197961481917
76561197961481919
76561197961481921
76561197961481930
76561197961481931
76561197961481932
76561197961481933
76561197961481934
76561197961481937
76561197961481938
76561197961481940
76561197961481942
76561197961481943
76561197961481944
76561197961481945
76561197961481947
76561197961481948
76561197961481950
76561197961481955
76561197961481957
76561197961481961
76561197961481965
76561197961481967
76561197961481969
76561197961481971
76561197961481973
76561197961481975
76561197961481976
76561197961481977
76561197961481978
76561197961481979
76561197961481980
76561197961481981
76561197961481982
76561197961481983
76561197961481984
76561197961481986
76561197961481987
76561197961481991
76561197961481992
76561197961481993
76561197961481994
76561197961481995
76561197961481996
76561197961481997
76561197961481998
76561197961481999
76561197961482000
76561197961482001
76561197961482002
76561197961482006
76561197961482007
76561197961482008
76561197961482011
76561197961482012
76561197961482014
76561197961482015
76561197961482017
76561197961482023
76561197961482024
76561197961482025
76561197961482026
76561197961482029
76561197961482030
76561197961482031
76561197961482032
76561197961482033
76561197961482035
76561197961482036
76561197961482038
76561197961482039
76561197961482040
76561197961482041
76561197961482042
76561197961482043
76561197961482044
76561197961482048
76561197961482049
76561197961482050
76561197961482052
76561197961482053
76561197961482054
76561197961482056
76561197961482057
76561197961482059
76561197961482063
76561197961482064
76561197961482065
76561197961482070
76561197961482071
76561197961482072
76561197961482073
76561197961482074
76561197961482076
76561197961482079
76561197961482080
76561197961482082
76561197961482083
76561197961482085
76561197961482086
76561197961482087
76561197961482089
76561197961482090
76561197961482092
76561197961482096
76561197961482098
76561197961482100
76561197961482102
76561197961482104
76561197961482106
76561197961482107
76561197961482110
76561197961482114
76561197961482115
76561197961482119
76561197961482120
76561197961482122
76561197961482123
76561197961482124
76561197961482132
76561197961482133
76561197961482134
76561197961482135
76561197961482136
76561197961482138
76561197961482139
76561197961482141
76561197961482143
76561197961482144
76561197961482149
76561197961482150
76561197961482153
76561197961482154
76561197961482158
76561197961482159
76561197961482160
76561197961482161
76561197961482162
76561197961482163
76561197961482164
76561197961482165
76561197961482169
76561197961482176
76561197961482178
76561197961482183
76561197961482186
76561197961482187
76561197961482189
76561197961482191
76561197961482194
76561197961482196
76561197961482198
76561197961482199
76561197961482200
76561197961482202
76561197961482205
76561197961482208
76561197961482209
76561197961482211
76561197961482212
76561197961482214
76561197961482217
76561197961482219
76561197961482220
76561197961482221
76561197961482223
76561197961482226
76561197961482229
76561197961482231
76561197961482232
76561197961482237
76561197961482239
76561197961482244
76561197961482245
76561197961482248
76561197961482256
76561197961482259
76561197961482260
76561197961482266
76561197961482267
76561197961482270
76561197961482271
76561197961482272
76561197961482273
76561197961482274
76561197961482275
76561197961482276
76561197961482279
76561197961482280
76561197961482281
76561197961482284
76561197961482285
76561197961482290
76561197961482291
76561197961482293
76561197961482295
76561197961482296
76561197961482298
76561197961482299
76561197961482301
76561197961482307
76561197961482308
76561197961482310
76561197961482312
76561197961482314
76561197961482316
76561197961482317
76561197961482319
76561197961482320
76561197961482324
76561197961482325
76561197961482326
76561197961482329
76561197961482330
76561197961482331
76561197961482332
76561197961482333
76561197961482335
76561197961482336
76561197961482340
76561197961482342
76561197961482344
76561197961482346
76561197961482348
76561197961482350
76561197961482352
76561197961482353
76561197961482357
76561197961482358
76561197961482361
76561197961482364
76561197961482365
76561197961482366
76561197961482367
76561197961482370
76561197961482372
76561197961482375
76561197961482376
76561197961482377
76561197961482378
76561197961482379
76561197961482381
76561197961482382
76561197961482384
76561197961482387
76561197961482388
76561197961482394
76561197961482395
76561197961482397
76561197961482398
76561197961482401
76561197961482402
76561197961482406
76561197961482407
76561197961482409
76561197961482410
76561197961482412
76561197961482413
76561197961482414
76561197961482415
76561197961482416
76561197961482419
76561197961482421
76561197961482422
76561197961482423
76561197961482425
76561197961482426
76561197961482427
76561197961482432
76561197961482433
76561197961482434
76561197961482438
76561197961482439
76561197961482442
76561197961482445
76561197961482446
76561197961482447
76561197961482448
76561197961482450
76561197961482451
76561197961482456
76561197961482458
76561197961482459
76561197961482460
76561197961482461
76561197961482463
76561197961482464
76561197961482467
76561197961482470
76561197961482471
76561197961482473
76561197961482474
76561197961482475
76561197961482478
76561197961482479
76561197961482482
76561197961482484
76561197961482486
76561197961482489
76561197961482490
76561197961482491
76561197961482495
76561197961482496
76561197961482498
76561197961482504
76561197961482506
76561197961482508
76561197961482509
76561197961482511
76561197961482512
76561197961482515
76561197961482517
76561197961482519
76561197961482520
76561197961482523
76561197961482525
76561197961482526
76561197961482527
76561197961482528
76561197961482529
76561197961482531
76561197961482533
76561197961482534
76561197961482535
76561197961482537
76561197961482538
76561197961482542
76561197961482544
76561197961482545
76561197961482549
76561197961482551
76561197961482552
76561197961482554
76561197961482557
76561197961482558
76561197961482561
76561197961482562
76561197961482563
76561197961482565
76561197961482568
76561197961482571
76561197961482573
76561197961482576
76561197961482577
76561197961482578
76561197961482579
76561197961482582
76561197961482584
76561197961482585
76561197961482587
76561197961482589
76561197961482590
76561197961482591
76561197961482592
76561197961482595
76561197961482598
76561197961482601
76561197961482602
76561197961482603
76561197961482605
76561197961482606
76561197961482609
76561197961482610
76561197961482612
76561197961482614
76561197961482619
76561197961482620
76561197961482621
76561197961482622
76561197961482625
76561197961482626
76561197961482627
76561197961482629
76561197961482632
76561197961482634
76561197961482635
76561197961482639
76561197961482641
76561197961482648
76561197961482650
76561197961482651
76561197961482652
76561197961482656
76561197961482659
76561197961482660
76561197961482663
76561197961482665
76561197961482666
76561197961482669
76561197961482674
76561197961482676
76561197961482677
76561197961482678
76561197961482680
76561197961482684
76561197961482689
76561197961482690
76561197961482691
76561197961482694
76561197961482696
76561197961482697
76561197961482699
76561197961482700
76561197961482701
76561197961482703
76561197961482704
76561197961482707
76561197961482708
76561197961482711
76561197961482712
76561197961482713
76561197961482714
76561197961482716
76561197961482719
76561197961482722
76561197961482723
76561197961482725
76561197961482726
76561197961482727
76561197961482729
76561197961482730
76561197961482732
76561197961482735
76561197961482737
76561197961482738
76561197961482739
76561197961482741
76561197961482746
76561197961482747
76561197961482748
76561197961482749
76561197961482750
76561197961482751
76561197961482753
76561197961482754
76561197961482755
76561197961482756
76561197961482757
76561197961482761
76561197961482762
76561197961482764
76561197961482765
76561197961482780
76561197961482781
76561197961482782
76561197961482784
76561197961482792
76561197961482798
76561197961482801
76561197961482802
76561197961482805
76561197961482808
76561197961482809
76561197961482812
76561197961482813
76561197961482815
76561197961482817
76561197961482818
76561197961482821
76561197961482823
76561197961482824
76561197961482825
76561197961482826
76561197961482828
76561197961482829
76561197961482831
76561197961482832
76561197961482833
76561197961482836
76561197961482837
76561197961482841
76561197961482843
76561197961482845
76561197961482846
76561197961482847
76561197961482848
76561197961482849
76561197961482850
76561197961482852
76561197961482854
76561197961482858
76561197961482859
76561197961482860
76561197961482865
76561197961482866
76561197961482867
76561197961482869
76561197961482870
76561197961482872
76561197961482873
76561197961482878
76561197961482879
76561197961482881
76561197961482894
76561197961482896
76561197961482898
76561197961482899
76561197961482900
76561197961482904
76561197961482907
76561197961482908
76561197961482909
76561197961482911
76561197961482912
76561197961482914
76561197961482917
76561197961482918
76561197961482919
76561197961482920
76561197961482921
76561197961482923
76561197961482925
76561197961482926
76561197961482928
76561197961482929
76561197961482930
76561197961482931
76561197961482933
76561197961482934
76561197961482935
76561197961482936
76561197961482937
76561197961482938
76561197961482941
76561197961482942
76561197961482943
76561197961482944
76561197961482946
76561197961482948
76561197961482950
76561197961482951
76561197961482952
76561197961482954
76561197961482957
76561197961482960
76561197961482961
76561197961482962
76561197961482964
76561197961482965
76561197961482967
76561197961482968
76561197961482969
76561197961482971
76561197961482973
76561197961482974
76561197961482980
76561197961482981
76561197961482984
76561197961482985
76561197961482990
76561197961482991
76561197961482994
76561197961482996
76561197961482997
76561197961482998
76561197961482999
76561197961483001
76561197961483002
76561197961483003
76561197961483004
76561197961483005
76561197961483006
76561197961483007
76561197961483009
76561197961483013
76561197961483014
76561197961483016
76561197961483018
76561197961483019
76561197961483024
76561197961483025
76561197961483026
76561197961483030
76561197961483035
76561197961483036
76561197961483038
76561197961483039
76561197961483042
76561197961483044
76561197961483045
76561197961483046
76561197961483049
76561197961483052
76561197961483053
76561197961483055
76561197961483056
76561197961483057
76561197961483058
76561197961483060
76561197961483062
76561197961483071
76561197961483072
76561197961483073
76561197961483076
76561197961483078
76561197961483079
76561197961483084
76561197961483085
76561197961483086
76561197961483090
76561197961483092
76561197961483094
76561197961483097
76561197961483100
76561197961483101
76561197961483102
76561197961483104
76561197961483106
76561197961483110
76561197961483114
76561197961483115
76561197961483116
76561197961483118
76561197961483119
76561197961483120
76561197961483121
76561197961483124
76561197961483126
76561197961483128
76561197961483129
76561197961483134
76561197961483138
76561197961483139
76561197961483140
76561197961483141
76561197961483142
76561197961483143
76561197961483145
76561197961483149
76561197961483150
76561197961483151
76561197961483152
76561197961483153
76561197961483154
76561197961483156
76561197961483157
76561197961483159
76561197961483161
76561197961483163
76561197961483168
76561197961483169
76561197961483170
76561197961483171
76561197961483172
76561197961483173
76561197961483174
76561197961483175
76561197961483176
76561197961483178
76561197961483179
76561197961483181
76561197961483183
76561197961483185
76561197961483187
76561197961483188
76561197961483191
76561197961483196
76561197961483198
76561197961483199
76561197961483201
76561197961483203
76561197961483204
76561197961483205
76561197961483208
76561197961483209
76561197961483210
76561197961483211
76561197961483213
76561197961483214
76561197961483216
76561197961483220
76561197961483221
76561197961483223
76561197961483225
76561197961483226
76561197961483230
76561197961483231
76561197961483234
76561197961483237
76561197961483239
76561197961483240
76561197961483241
76561197961483244
76561197961483246
76561197961483247
76561197961483248
76561197961483250
76561197961483251
76561197961483252
76561197961483255
76561197961483256
76561197961483257
76561197961483258
76561197961483261
76561197961483262
76561197961483265
76561197961483268
76561197961483270
76561197961483271
76561197961483274
76561197961483276
76561197961483277
76561197961483278
76561197961483280
76561197961483282
76561197961483285
76561197961483287
76561197961483288
76561197961483292
76561197961483295
76561197961483296
76561197961483297
76561197961483298
76561197961483299
76561197961483301
76561197961483302
76561197961483305
76561197961483306
76561197961483308
76561197961483309
76561197961483312
76561197961483314
76561197961483315
76561197961483316
76561197961483317
76561197961483320
76561197961483321
76561197961483322
76561197961483326
76561197961483327
76561197961483328
76561197961483329
76561197961483335
76561197961483336
76561197961483337
76561197961483338
76561197961483339
76561197961483342
76561197961483345
76561197961483346
76561197961483348
76561197961483350
76561197961483355
76561197961483356
76561197961483357
76561197961483358
76561197961483360
76561197961483362
76561197961483364
76561197961483366
76561197961483368
76561197961483372
76561197961483373
76561197961483374
76561197961483375
76561197961483379
76561197961483381
76561197961483383
76561197961483384
76561197961483388
76561197961483390
76561197961483393
76561197961483394
76561197961483395
76561197961483397
76561197961483403
76561197961483405
76561197961483407
76561197961483408
76561197961483409
76561197961483411
76561197961483412
76561197961483415
76561197961483416
76561197961483418
76561197961483421
76561197961483422
76561197961483423
76561197961483424
76561197961483427
76561197961483429
76561197961483430
76561197961483433
76561197961483434
76561197961483436
76561197961483437
76561197961483439
76561197961483440
76561197961483441
76561197961483443
76561197961483444
76561197961483446
76561197961483447
76561197961483452
76561197961483454
76561197961483455
76561197961483458
76561197961483459
76561197961483461
76561197961483463
76561197961483464
76561197961483466
76561197961483469
76561197961483472
76561197961483473
76561197961483475
76561197961483477
76561197961483478
76561197961483480
76561197961483482
76561197961483483
76561197961483484
76561197961483487
76561197961483490
76561197961483492
76561197961483497
76561197961483499
76561197961483500
76561197961483501
76561197961483503
76561197961483506
76561197961483507
76561197961483510
76561197961483511
76561197961483515
76561197961483516
76561197961483518
76561197961483519
76561197961483520
76561197961483521
76561197961483523
76561197961483524
76561197961483525
76561197961483527
76561197961483529
76561197961483530
76561197961483532
76561197961483533
76561197961483535
76561197961483539
76561197961483540
76561197961483542
76561197961483543
76561197961483544
76561197961483547
76561197961483548
76561197961483549
76561197961483553
76561197961483554
76561197961483556
76561197961483557
76561197961483559
76561197961483560
76561197961483562
76561197961483564
76561197961483566
76561197961483567
76561197961483568
76561197961483569
76561197961483570
76561197961483571
76561197961483572
76561197961483573
76561197961483574
76561197961483577
76561197961483579
76561197961483582
76561197961483585
76561197961483586
76561197961483589
76561197961483592
76561197961483593
76561197961483597
76561197961483598
76561197961483600
76561197961483602
76561197961483603
76561197961483604
76561197961483606
76561197961483608
76561197961483609
76561197961483610
76561197961483611
76561197961483612
76561197961483613
76561197961483614
76561197961483616
76561197961483617
76561197961483619
76561197961483621
76561197961483622
76561197961483625
76561197961483626
76561197961483627
76561197961483631
76561197961483636
76561197961483637
76561197961483638
76561197961483642
76561197961483643
76561197961483644
76561197961483645
76561197961483646
76561197961483648
76561197961483649
76561197961483650
76561197961483651
76561197961483653
76561197961483654
76561197961483656
76561197961483658
76561197961483659
76561197961483662
76561197961483663
76561197961483664
76561197961483666
76561197961483667
76561197961483669
76561197961483670
76561197961483673
76561197961483675
76561197961483677
76561197961483680
76561197961483682
76561197961483684
76561197961483685
76561197961483687
76561197961483688
76561197961483689
76561197961483692
76561197961483693
76561197961483694
76561197961483695
76561197961483697
76561197961483698
76561197961483702
76561197961483703
76561197961483704
76561197961483706
76561197961483708
76561197961483709
76561197961483711
76561197961483712
76561197961483713
76561197961483714
76561197961483715
76561197961483717
76561197961483718
76561197961483719
76561197961483720
76561197961483722
76561197961483724
76561197961483725
76561197961483726
76561197961483727
76561197961483729
76561197961483731
76561197961483734
76561197961483736
76561197961483737
76561197961483738
76561197961483739
76561197961483740
76561197961483741
76561197961483743
76561197961483744
76561197961483749
76561197961483751
76561197961483752
76561197961483755
76561197961483756
76561197961483758
76561197961483760
76561197961483761
76561197961483762
76561197961483764
76561197961483765
76561197961483766
76561197961483768
76561197961483769
76561197961483770
76561197961483771
76561197961483774
76561197961483777
