76561197960963481
76561197960963483
76561197960963486
76561197960963487
76561197960963488
76561197960963492
76561197960963493
76561197960963494
76561197960963495
76561197960963497
76561197960963498
76561197960963499
76561197960963501
76561197960963502
76561197960963503
76561197960963505
76561197960963506
76561197960963510
76561197960963511
76561197960963515
76561197960963517
76561197960963518
76561197960963519
76561197960963521
76561197960963522
76561197960963524
76561197960963525
76561197960963527
76561197960963530
76561197960963531
76561197960963532
76561197960963533
76561197960963535
76561197960963541
76561197960963542
76561197960963544
76561197960963545
76561197960963546
76561197960963548
76561197960963549
76561197960963553
76561197960963554
76561197960963555
76561197960963556
76561197960963557
76561197960963559
76561197960963560
76561197960963561
76561197960963562
76561197960963563
76561197960963565
76561197960963567
76561197960963570
76561197960963571
76561197960963573
76561197960963574
76561197960963575
76561197960963576
76561197960963577
76561197960963578
76561197960963583
76561197960963584
76561197960963585
76561197960963586
76561197960963587
76561197960963588
76561197960963589
76561197960963591
76561197960963592
76561197960963593
76561197960963594
76561197960963597
76561197960963598
76561197960963599
76561197960963600
76561197960963601
76561197960963602
76561197960963603
76561197960963606
76561197960963609
76561197960963611
76561197960963612
76561197960963613
76561197960963615
76561197960963618
76561197960963619
76561197960963620
76561197960963621
76561197960963622
76561197960963624
76561197960963628
76561197960963629
76561197960963630
76561197960963632
76561197960963633
76561197960963634
76561197960963635
76561197960963637
76561197960963639
76561197960963640
76561197960963642
76561197960963643
76561197960963645
76561197960963646
76561197960963647
76561197960963651
76561197960963653
76561197960963655
76561197960963659
76561197960963660
76561197960963661
76561197960963662
76561197960963663
76561197960963665
76561197960963666
76561197960963667
76561197960963668
76561197960963670
76561197960963671
76561197960963672
76561197960963673
76561197960963675
76561197960963676
76561197960963677
76561197960963679
76561197960963680
76561197960963681
76561197960963682
76561197960963684
76561197960963688
76561197960963689
76561197960963692
76561197960963693
76561197960963694
76561197960963697
76561197960963699
76561197960963702
76561197960963704
76561197960963705
76561197960963707
76561197960963710
76561197960963713
76561197960963714
76561197960963715
76561197960963716
76561197960963718
76561197960963719
76561197960963721
76561197960963722
76561197960963725
76561197960963726
76561197960963730
76561197960963731
76561197960963732
76561197960963733
76561197960963734
76561197960963735
76561197960963738
76561197960963739
76561197960963742
76561197960963745
76561197960963748
76561197960963749
76561197960963750
76561197960963751
76561197960963754
76561197960963756
76561197960963757
76561197960963758
76561197960963759
76561197960963760
76561197960963761
76561197960963763
76561197960963764
76561197960963765
76561197960963767
76561197960963768
76561197960963770
76561197960963771
76561197960963772
76561197960963773
76561197960963774
76561197960963775
76561197960963776
76561197960963778
76561197960963779
76561197960963780
76561197960963781
76561197960963782
76561197960963783
76561197960963785
76561197960963786
76561197960963789
76561197960963790
76561197960963791
76561197960963792
76561197960963793
76561197960963795
76561197960963797
76561197960963798
76561197960963799
76561197960963800
76561197960963804
76561197960963805
76561197960963808
76561197960963809
76561197960963810
76561197960963811
76561197960963814
76561197960963819
76561197960963820
76561197960963821
76561197960963823
76561197960963825
76561197960963826
76561197960963827
76561197960963828
76561197960963830
76561197960963831
76561197960963832
76561197960963833
76561197960963834
76561197960963836
76561197960963837
76561197960963839
76561197960963841
76561197960963843
76561197960963845
76561197960963846
76561197960963847
76561197960963848
76561197960963849
76561197960963850
76561197960963851
76561197960963855
76561197960963856
76561197960963857
76561197960963858
76561197960963859
76561197960963861
76561197960963862
76561197960963863
76561197960963870
76561197960963871
76561197960963872
76561197960963877
76561197960963879
76561197960963880
76561197960963882
76561197960963883
76561197960963884
76561197960963885
76561197960963889
76561197960963890
76561197960963891
76561197960963893
76561197960963894
76561197960963898
76561197960963900
76561197960963901
76561197960963902
76561197960963903
76561197960963906
76561197960963908
76561197960963910
76561197960963911
76561197960963912
76561197960963913
76561197960963914
76561197960963917
76561197960963919
76561197960963920
76561197960963922
76561197960963923
76561197960963927
76561197960963928
76561197960963930
76561197960963931
76561197960963933
76561197960963936
76561197960963937
76561197960963939
76561197960963940
76561197960963941
76561197960963942
76561197960963943
76561197960963944
76561197960963945
76561197960963947
76561197960963948
76561197960963949
76561197960963951
76561197960963952
76561197960963953
76561197960963957
76561197960963958
76561197960963961
76561197960963962
76561197960963963
76561197960963964
76561197960963968
76561197960963972
76561197960963973
76561197960963974
76561197960963975
76561197960963976
76561197960963980
76561197960963981
76561197960963983
76561197960963993
76561197960963994
76561197960963996
76561197960963997
76561197960963998
76561197960964003
76561197960964005
76561197960964006
76561197960964008
76561197960964009
76561197960964012
76561197960964015
76561197960964016
76561197960964018
76561197960964021
76561197960964022
76561197960964027
76561197960964028
76561197960964029
76561197960964036
76561197960964039
76561197960964040
76561197960964043
76561197960964045
76561197960964046
76561197960964047
76561197960964049
76561197960964050
76561197960964051
76561197960964052
76561197960964055
76561197960964058
76561197960964060
76561197960964061
76561197960964063
76561197960964064
76561197960964065
76561197960964066
76561197960964067
76561197960964068
76561197960964069
76561197960964071
76561197960964072
76561197960964073
76561197960964074
76561197960964075
76561197960964079
76561197960964080
76561197960964083
76561197960964085
76561197960964088
76561197960964090
76561197960964091
76561197960964092
76561197960964093
76561197960964094
76561197960964095
76561197960964096
76561197960964097
76561197960964101
76561197960964102
76561197960964103
76561197960964105
76561197960964106
76561197960964107
76561197960964109
76561197960964110
76561197960964111
76561197960964116
76561197960964118
76561197960964119
76561197960964120
76561197960964122
76561197960964123
76561197960964124
76561197960964125
76561197960964126
76561197960964127
76561197960964130
76561197960964131
76561197960964132
76561197960964133
76561197960964137
76561197960964138
76561197960964139
76561197960964141
76561197960964143
76561197960964145
76561197960964147
76561197960964150
76561197960964151
76561197960964152
76561197960964153
76561197960964155
76561197960964156
76561197960964162
76561197960964165
76561197960964167
76561197960964168
76561197960964169
76561197960964173
76561197960964174
76561197960964175
76561197960964177
76561197960964178
76561197960964181
76561197960964182
76561197960964184
76561197960964185
76561197960964186
76561197960964190
76561197960964191
76561197960964192
76561197960964193
76561197960964195
76561197960964199
76561197960964200
76561197960964202
76561197960964203
76561197960964204
76561197960964205
76561197960964209
76561197960964211
76561197960964212
76561197960964213
76561197960964214
76561197960964215
76561197960964216
76561197960964217
76561197960964218
76561197960964219
76561197960964221
76561197960964223
76561197960964226
76561197960964227
76561197960964228
76561197960964230
76561197960964231
76561197960964233
76561197960964234
76561197960964235
76561197960964236
76561197960964237
76561197960964239
76561197960964241
76561197960964242
76561197960964243
76561197960964246
76561197960964249
76561197960964250
76561197960964251
76561197960964252
76561197960964253
76561197960964254
76561197960964257
76561197960964259
76561197960964260
76561197960964262
76561197960964266
76561197960964268
76561197960964269
76561197960964272
76561197960964273
76561197960964278
76561197960964279
76561197960964280
76561197960964283
76561197960964285
76561197960964287
76561197960964288
76561197960964289
76561197960964290
76561197960964291
76561197960964295
76561197960964296
76561197960964297
76561197960964299
76561197960964300
76561197960964302
76561197960964303
76561197960964304
76561197960964305
76561197960964307
76561197960964308
76561197960964309
76561197960964310
76561197960964311
76561197960964312
76561197960964316
76561197960964317
76561197960964318
76561197960964319
76561197960964320
76561197960964322
76561197960964324
76561197960964325
76561197960964326
76561197960964327
76561197960964328
76561197960964329
76561197960964331
76561197960964332
76561197960964333
76561197960964334
76561197960964337
76561197960964339
76561197960964340
76561197960964341
76561197960964342
76561197960964343
76561197960964346
76561197960964347
76561197960964348
76561197960964349
76561197960964353
76561197960964355
76561197960964356
76561197960964360
76561197960964361
76561197960964362
76561197960964364
76561197960964365
76561197960964366
76561197960964368
76561197960964372
76561197960964375
76561197960964378
76561197960964379
76561197960964380
76561197960964382
76561197960964383
76561197960964384
76561197960964385
76561197960964388
76561197960964390
76561197960964393
76561197960964395
76561197960964398
76561197960964399
76561197960964402
76561197960964404
76561197960964406
76561197960964408
76561197960964409
76561197960964410
76561197960964411
76561197960964413
76561197960964417
76561197960964418
76561197960964419
76561197960964421
76561197960964423
76561197960964425
76561197960964426
76561197960964427
76561197960964428
76561197960964429
76561197960964430
76561197960964431
76561197960964432
76561197960964433
76561197960964434
76561197960964435
76561197960964436
76561197960964437
76561197960964438
76561197960964439
76561197960964440
76561197960964442
76561197960964443
76561197960964444
76561197960964445
76561197960964447
76561197960964449
76561197960964450
76561197960964451
76561197960964457
76561197960964459
76561197960964461
76561197960964462
76561197960964464
76561197960964466
76561197960964470
76561197960964471
76561197960964477
76561197960964478
76561197960964479
76561197960964480
76561197960964481
76561197960964483
76561197960964487
76561197960964489
76561197960964491
76561197960964492
76561197960964493
76561197960964495
76561197960964496
76561197960964500
76561197960964501
76561197960964504
76561197960964505
76561197960964506
76561197960964507
76561197960964509
76561197960964510
76561197960964512
76561197960964513
76561197960964515
76561197960964518
76561197960964521
76561197960964522
76561197960964523
76561197960964524
76561197960964525
76561197960964526
76561197960964527
76561197960964529
76561197960964530
76561197960964531
76561197960964532
76561197960964533
76561197960964537
76561197960964538
76561197960964539
76561197960964540
76561197960964541
76561197960964543
76561197960964545
76561197960964546
76561197960964548
76561197960964550
76561197960964553
76561197960964554
76561197960964555
76561197960964556
76561197960964557
76561197960964558
76561197960964559
76561197960964561
76561197960964562
76561197960964565
76561197960964567
76561197960964569
76561197960964570
76561197960964571
76561197960964573
76561197960964575
76561197960964577
76561197960964578
76561197960964579
76561197960964581
76561197960964584
76561197960964585
76561197960964588
76561197960964590
76561197960964591
76561197960964592
76561197960964594
76561197960964595
76561197960964596
76561197960964597
76561197960964599
76561197960964603
76561197960964604
76561197960964606
76561197960964608
76561197960964612
76561197960964613
76561197960964616
76561197960964618
76561197960964619
76561197960964621
76561197960964622
76561197960964626
76561197960964627
76561197960964628
76561197960964629
76561197960964630
76561197960964631
76561197960964632
76561197960964633
76561197960964634
76561197960964636
76561197960964639
76561197960964642
76561197960964643
76561197960964644
76561197960964646
76561197960964647
76561197960964649
76561197960964653
76561197960964655
76561197960964657
76561197960964658
76561197960964660
76561197960964661
76561197960964663
76561197960964668
76561197960964669
76561197960964670
76561197960964671
76561197960964672
76561197960964675
76561197960964676
76561197960964680
76561197960964683
76561197960964684
76561197960964686
76561197960964690
76561197960964691
76561197960964692
76561197960964697
76561197960964699
76561197960964700
76561197960964701
76561197960964702
76561197960964705
76561197960964707
76561197960964711
76561197960964714
76561197960964715
76561197960964716
76561197960964718
76561197960964721
76561197960964723
76561197960964724
76561197960964725
76561197960964726
76561197960964727
76561197960964728
76561197960964730
76561197960964731
76561197960964732
76561197960964733
76561197960964734
76561197960964735
76561197960964737
76561197960964738
76561197960964739
76561197960964742
76561197960964744
76561197960964745
76561197960964746
76561197960964748
76561197960964749
76561197960964750
76561197960964751
76561197960964752
76561197960964753
76561197960964755
76561197960964757
76561197960964758
76561197960964759
76561197960964760
76561197960964761
76561197960964763
76561197960964764
76561197960964765
76561197960964769
76561197960964770
76561197960964772
76561197960964773
76561197960964774
76561197960964776
76561197960964779
76561197960964784
76561197960964785
76561197960964788
76561197960964789
76561197960964791
76561197960964793
76561197960964794
76561197960964795
76561197960964797
76561197960964798
76561197960964799
76561197960964800
76561197960964803
76561197960964805
76561197960964806
76561197960964808
76561197960964809
76561197960964810
76561197960964812
76561197960964813
76561197960964814
76561197960964816
76561197960964818
76561197960964820
76561197960964822
76561197960964824
76561197960964828
76561197960964829
76561197960964831
76561197960964832
76561197960964833
76561197960964834
76561197960964835
76561197960964837
76561197960964838
76561197960964839
76561197960964842
76561197960964845
76561197960964847
76561197960964848
76561197960964849
76561197960964850
76561197960964854
76561197960964855
76561197960964856
76561197960964859
76561197960964861
76561197960964862
76561197960964864
76561197960964866
76561197960964867
76561197960964869
76561197960964870
76561197960964873
76561197960964874
76561197960964877
76561197960964878
76561197960964879
76561197960964881
76561197960964882
76561197960964884
76561197960964885
76561197960964887
76561197960964889
76561197960964892
76561197960964894
76561197960964895
76561197960964896
76561197960964900
76561197960964906
76561197960964907
76561197960964909
76561197960964910
76561197960964911
76561197960964912
76561197960964914
76561197960964915
76561197960964921
76561197960964922
76561197960964923
76561197960964924
76561197960964926
76561197960964928
76561197960964930
76561197960964931
76561197960964933
76561197960964934
76561197960964935
76561197960964936
76561197960964937
76561197960964939
76561197960964941
76561197960964943
76561197960964944
76561197960964946
76561197960964947
76561197960964948
76561197960964951
76561197960964952
76561197960964954
76561197960964956
76561197960964958
76561197960964960
76561197960964962
76561197960964963
76561197960964965
76561197960964966
76561197960964969
76561197960964970
76561197960964971
76561197960964973
76561197960964976
76561197960964977
76561197960964980
76561197960964981
76561197960964982
76561197960964984
76561197960964987
76561197960964988
76561197960964990
76561197960964993
76561197960964994
76561197960964995
76561197960964996
76561197960964997
76561197960964999
76561197960965002
76561197960965003
76561197960965005
76561197960965007
76561197960965008
76561197960965009
76561197960965010
76561197960965011
76561197960965012
76561197960965014
76561197960965015
76561197960965017
76561197960965019
76561197960965021
76561197960965022
76561197960965023
76561197960965024
76561197960965025
76561197960965026
76561197960965028
76561197960965030
76561197960965032
76561197960965033
76561197960965035
76561197960965037
76561197960965040
76561197960965044
76561197960965045
76561197960965047
76561197960965048
76561197960965050
76561197960965051
76561197960965052
76561197960965053
76561197960965054
76561197960965055
76561197960965056
76561197960965059
76561197960965061
76561197960965062
76561197960965063
76561197960965065
76561197960965067
76561197960965068
76561197960965069
76561197960965077
76561197960965078
76561197960965079
76561197960965080
76561197960965082
76561197960965084
76561197960965085
76561197960965086
76561197960965093
76561197960965095
76561197960965096
76561197960965099
76561197960965100
76561197960965101
76561197960965102
76561197960965107
76561197960965108
76561197960965111
76561197960965113
76561197960965115
76561197960965117
76561197960965119
76561197960965120
76561197960965121
76561197960965122
76561197960965123
76561197960965124
76561197960965125
76561197960965126
76561197960965127
76561197960965130
76561197960965131
76561197960965132
76561197960965134
76561197960965135
76561197960965136
76561197960965140
76561197960965142
76561197960965144
76561197960965148
76561197960965152
76561197960965153
76561197960965154
76561197960965155
76561197960965157
76561197960965161
76561197960965163
76561197960965166
76561197960965168
76561197960965169
76561197960965170
76561197960965171
76561197960965172
76561197960965174
76561197960965175
