76561197961927075
76561197961927076
76561197961927080
76561197961927082
76561197961927086
76561197961927088
76561197961927090
76561197961927094
76561197961927095
76561197961927096
76561197961927097
76561197961927099
76561197961927103
76561197961927104
76561197961927106
76561197961927108
76561197961927109
76561197961927113
76561197961927114
76561197961927122
76561197961927123
76561197961927124
76561197961927127
76561197961927132
76561197961927136
76561197961927139
76561197961927142
76561197961927144
76561197961927146
76561197961927150
76561197961927153
76561197961927155
76561197961927156
76561197961927158
76561197961927160
76561197961927164
76561197961927165
76561197961927166
76561197961927167
76561197961927169
76561197961927171
76561197961927173
76561197961927176
76561197961927178
76561197961927180
76561197961927182
76561197961927185
76561197961927190
76561197961927191
76561197961927192
76561197961927194
76561197961927195
76561197961927200
76561197961927201
76561197961927202
76561197961927203
76561197961927207
76561197961927208
76561197961927210
76561197961927215
76561197961927219
76561197961927220
76561197961927222
76561197961927225
76561197961927229
76561197961927232
76561197961927234
76561197961927241
76561197961927243
76561197961927245
76561197961927246
76561197961927248
76561197961927250
76561197961927252
76561197961927254
76561197961927258
76561197961927260
76561197961927261
76561197961927263
76561197961927266
76561197961927269
76561197961927272
76561197961927273
76561197961927274
76561197961927275
76561197961927276
76561197961927278
76561197961927279
76561197961927283
76561197961927284
76561197961927288
76561197961927290
76561197961927292
76561197961927294
76561197961927295
76561197961927296
76561197961927300
76561197961927302
76561197961927306
76561197961927308
76561197961927309
76561197961927310
76561197961927314
76561197961927315
76561197961927316
76561197961927317
76561197961927318
76561197961927319
76561197961927320
76561197961927321
76561197961927323
76561197961927325
76561197961927326
76561197961927329
76561197961927330
76561197961927331
76561197961927335
76561197961927336
76561197961927340
76561197961927343
76561197961927344
76561197961927345
76561197961927347
76561197961927348
76561197961927349
76561197961927354
76561197961927355
76561197961927358
76561197961927359
76561197961927360
76561197961927361
76561197961927362
76561197961927368
76561197961927372
76561197961927373
76561197961927374
76561197961927376
76561197961927377
76561197961927378
76561197961927379
76561197961927380
76561197961927384
76561197961927386
76561197961927387
76561197961927390
76561197961927392
76561197961927393
76561197961927394
76561197961927395
76561197961927396
76561197961927402
76561197961927403
76561197961927407
76561197961927411
76561197961927412
76561197961927416
76561197961927418
76561197961927419
76561197961927420
76561197961927421
76561197961927422
76561197961927423
76561197961927426
76561197961927427
76561197961927429
76561197961927432
76561197961927434
76561197961927436
76561197961927438
76561197961927439
76561197961927440
76561197961927441
76561197961927442
76561197961927443
76561197961927448
76561197961927452
76561197961927453
76561197961927454
76561197961927456
76561197961927457
76561197961927462
76561197961927463
76561197961927464
76561197961927465
76561197961927467
76561197961927468
76561197961927470
76561197961927475
76561197961927476
76561197961927478
76561197961927480
76561197961927482
76561197961927487
76561197961927489
76561197961927490
76561197961927491
76561197961927492
76561197961927494
76561197961927496
76561197961927497
76561197961927498
76561197961927499
76561197961927500
76561197961927502
76561197961927504
76561197961927505
76561197961927508
76561197961927510
76561197961927511
76561197961927516
76561197961927518
76561197961927520
76561197961927522
76561197961927523
76561197961927524
76561197961927526
76561197961927527
76561197961927531
76561197961927534
76561197961927535
76561197961927536
76561197961927540
76561197961927543
76561197961927544
76561197961927547
76561197961927549
76561197961927550
76561197961927551
76561197961927552
76561197961927555
76561197961927558
76561197961927559
76561197961927560
76561197961927562
76561197961927566
76561197961927569
76561197961927570
76561197961927572
76561197961927574
76561197961927579
76561197961927581
76561197961927583
76561197961927584
76561197961927585
76561197961927586
76561197961927590
76561197961927591
76561197961927592
76561197961927594
76561197961927596
76561197961927600
76561197961927601
76561197961927603
76561197961927610
76561197961927611
76561197961927612
76561197961927613
76561197961927616
76561197961927620
76561197961927621
76561197961927623
76561197961927624
76561197961927626
76561197961927627
76561197961927629
76561197961927630
76561197961927631
76561197961927632
76561197961927634
76561197961927635
76561197961927636
76561197961927637
76561197961927638
76561197961927640
76561197961927642
76561197961927643
76561197961927644
76561197961927649
76561197961927657
76561197961927661
76561197961927662
76561197961927664
76561197961927665
76561197961927669
76561197961927670
76561197961927673
76561197961927674
76561197961927675
76561197961927677
76561197961927678
76561197961927679
76561197961927680
76561197961927682
76561197961927684
76561197961927685
76561197961927687
76561197961927688
76561197961927690
76561197961927691
76561197961927694
76561197961927696
76561197961927698
76561197961927701
76561197961927702
76561197961927705
76561197961927706
76561197961927707
76561197961927708
76561197961927709
76561197961927712
76561197961927715
76561197961927717
76561197961927720
76561197961927721
76561197961927722
76561197961927724
76561197961927725
76561197961927726
76561197961927727
76561197961927732
76561197961927733
76561197961927735
76561197961927736
76561197961927739
76561197961927742
76561197961927744
76561197961927745
76561197961927746
76561197961927747
76561197961927750
76561197961927751
76561197961927753
76561197961927755
76561197961927757
76561197961927758
76561197961927761
76561197961927763
76561197961927764
76561197961927767
76561197961927768
76561197961927769
76561197961927771
76561197961927772
76561197961927773
76561197961927774
76561197961927776
76561197961927779
76561197961927780
76561197961927784
76561197961927786
76561197961927793
76561197961927794
76561197961927798
76561197961927800
76561197961927801
76561197961927802
76561197961927804
76561197961927805
76561197961927807
76561197961927809
76561197961927814
76561197961927815
76561197961927818
76561197961927822
76561197961927825
76561197961927826
76561197961927828
76561197961927830
76561197961927831
76561197961927832
76561197961927833
76561197961927834
76561197961927835
76561197961927836
76561197961927841
76561197961927848
76561197961927849
76561197961927851
76561197961927852
76561197961927853
76561197961927857
76561197961927858
76561197961927859
76561197961927861
76561197961927862
76561197961927864
76561197961927866
76561197961927867
76561197961927869
76561197961927872
76561197961927874
76561197961927875
76561197961927880
76561197961927881
76561197961927882
76561197961927883
76561197961927887
76561197961927889
76561197961927894
76561197961927896
76561197961927897
76561197961927898
76561197961927899
76561197961927900
76561197961927903
76561197961927908
76561197961927910
76561197961927912
76561197961927914
76561197961927915
76561197961927920
76561197961927922
76561197961927926
76561197961927930
76561197961927931
76561197961927932
76561197961927934
76561197961927935
76561197961927936
76561197961927937
76561197961927939
76561197961927940
76561197961927943
76561197961927944
76561197961927945
76561197961927948
76561197961927949
76561197961927951
76561197961927952
76561197961927953
76561197961927954
76561197961927956
76561197961927957
76561197961927958
76561197961927959
76561197961927963
76561197961927964
76561197961927966
76561197961927967
76561197961927968
76561197961927973
76561197961927974
76561197961927975
76561197961927977
76561197961927978
76561197961927984
76561197961927986
76561197961927994
76561197961927997
76561197961927998
76561197961928000
76561197961928002
76561197961928003
76561197961928006
76561197961928007
76561197961928009
76561197961928011
76561197961928013
76561197961928015
76561197961928017
76561197961928018
76561197961928020
76561197961928021
76561197961928025
76561197961928026
76561197961928028
76561197961928036
76561197961928037
76561197961928039
76561197961928040
76561197961928041
76561197961928044
76561197961928045
76561197961928046
76561197961928047
76561197961928048
76561197961928050
76561197961928051
76561197961928052
76561197961928053
76561197961928056
76561197961928060
76561197961928061
76561197961928062
76561197961928063
76561197961928064
76561197961928066
76561197961928069
76561197961928070
76561197961928072
76561197961928073
76561197961928077
76561197961928078
76561197961928079
76561197961928081
76561197961928082
76561197961928084
76561197961928085
76561197961928086
76561197961928088
76561197961928089
76561197961928090
76561197961928096
76561197961928102
76561197961928106
76561197961928107
76561197961928108
76561197961928112
76561197961928118
76561197961928120
76561197961928122
76561197961928123
76561197961928124
76561197961928126
76561197961928127
76561197961928128
76561197961928129
76561197961928130
76561197961928132
76561197961928133
76561197961928134
76561197961928135
76561197961928138
76561197961928141
76561197961928144
76561197961928146
76561197961928147
76561197961928148
76561197961928149
76561197961928156
76561197961928160
76561197961928161
76561197961928163
76561197961928165
76561197961928166
76561197961928167
76561197961928172
76561197961928173
76561197961928175
76561197961928179
76561197961928182
76561197961928183
76561197961928185
76561197961928187
76561197961928189
76561197961928191
76561197961928193
76561197961928194
76561197961928196
76561197961928200
76561197961928201
76561197961928204
76561197961928206
76561197961928209
76561197961928210
76561197961928214
76561197961928217
76561197961928218
76561197961928219
76561197961928221
76561197961928223
76561197961928225
76561197961928226
76561197961928227
76561197961928229
76561197961928231
76561197961928232
76561197961928234
76561197961928235
76561197961928236
76561197961928238
76561197961928240
76561197961928243
76561197961928246
76561197961928248
76561197961928249
76561197961928252
76561197961928254
76561197961928255
76561197961928256
76561197961928258
76561197961928260
76561197961928264
76561197961928265
76561197961928268
76561197961928269
76561197961928270
76561197961928271
76561197961928272
76561197961928273
76561197961928274
76561197961928277
76561197961928280
76561197961928281
76561197961928283
76561197961928284
76561197961928285
76561197961928286
76561197961928288
76561197961928291
76561197961928293
76561197961928296
76561197961928297
76561197961928298
76561197961928299
76561197961928300
76561197961928301
76561197961928303
76561197961928304
76561197961928311
76561197961928319
76561197961928321
76561197961928322
76561197961928324
76561197961928325
76561197961928332
76561197961928333
76561197961928338
76561197961928342
76561197961928344
76561197961928345
76561197961928347
76561197961928349
76561197961928350
76561197961928353
76561197961928356
76561197961928359
76561197961928364
76561197961928367
76561197961928369
76561197961928370
76561197961928371
76561197961928374
76561197961928375
76561197961928377
76561197961928378
76561197961928380
76561197961928382
76561197961928383
76561197961928384
76561197961928387
76561197961928388
76561197961928392
76561197961928394
76561197961928395
76561197961928396
76561197961928399
76561197961928401
76561197961928403
76561197961928405
76561197961928406
76561197961928407
76561197961928408
76561197961928410
76561197961928412
76561197961928414
76561197961928420
76561197961928421
76561197961928422
76561197961928423
76561197961928426
76561197961928429
76561197961928430
76561197961928432
76561197961928434
76561197961928436
76561197961928438
76561197961928440
76561197961928441
76561197961928443
76561197961928450
76561197961928453
76561197961928454
76561197961928455
76561197961928457
76561197961928461
76561197961928462
76561197961928466
76561197961928467
76561197961928469
76561197961928471
76561197961928472
76561197961928475
76561197961928476
76561197961928480
76561197961928481
76561197961928482
76561197961928483
76561197961928485
76561197961928489
76561197961928492
76561197961928493
76561197961928497
76561197961928498
76561197961928499
76561197961928501
76561197961928503
76561197961928504
76561197961928505
76561197961928506
76561197961928508
76561197961928509
76561197961928510
76561197961928512
76561197961928514
76561197961928516
76561197961928517
76561197961928519
76561197961928520
76561197961928521
76561197961928522
76561197961928523
76561197961928524
76561197961928525
76561197961928526
76561197961928528
76561197961928532
76561197961928533
76561197961928534
76561197961928537
76561197961928538
76561197961928542
76561197961928543
76561197961928547
76561197961928550
76561197961928552
76561197961928553
76561197961928555
76561197961928556
76561197961928559
76561197961928560
76561197961928561
76561197961928564
76561197961928565
76561197961928567
76561197961928572
76561197961928573
76561197961928577
76561197961928578
76561197961928579
76561197961928583
76561197961928584
76561197961928585
76561197961928588
76561197961928589
76561197961928597
76561197961928600
76561197961928601
76561197961928602
76561197961928603
76561197961928604
76561197961928606
76561197961928607
76561197961928609
76561197961928612
76561197961928613
76561197961928618
76561197961928624
76561197961928625
76561197961928626
76561197961928627
76561197961928628
76561197961928629
76561197961928630
76561197961928632
76561197961928637
76561197961928638
76561197961928639
76561197961928643
76561197961928649
76561197961928650
76561197961928651
76561197961928653
76561197961928654
76561197961928655
76561197961928659
76561197961928660
76561197961928662
76561197961928663
76561197961928664
76561197961928666
76561197961928668
76561197961928670
76561197961928672
76561197961928674
76561197961928680
76561197961928682
76561197961928684
76561197961928686
76561197961928688
76561197961928693
76561197961928695
76561197961928696
76561197961928697
76561197961928699
76561197961928700
76561197961928702
76561197961928706
76561197961928707
76561197961928708
76561197961928709
76561197961928710
76561197961928711
76561197961928715
76561197961928716
76561197961928720
76561197961928723
76561197961928724
76561197961928725
76561197961928728
76561197961928729
76561197961928730
76561197961928731
76561197961928735
76561197961928738
76561197961928739
76561197961928740
76561197961928741
76561197961928742
76561197961928745
76561197961928747
76561197961928748
76561197961928750
76561197961928752
76561197961928754
76561197961928757
76561197961928761
76561197961928766
76561197961928767
76561197961928772
76561197961928775
76561197961928778
76561197961928783
76561197961928785
76561197961928787
76561197961928789
76561197961928790
76561197961928792
76561197961928793
76561197961928797
76561197961928803
76561197961928805
76561197961928807
76561197961928810
76561197961928811
76561197961928813
76561197961928816
76561197961928820
76561197961928821
76561197961928822
76561197961928826
76561197961928827
76561197961928830
76561197961928831
76561197961928832
76561197961928833
76561197961928834
76561197961928835
76561197961928837
76561197961928838
76561197961928841
76561197961928843
76561197961928845
76561197961928846
76561197961928849
76561197961928850
76561197961928853
76561197961928857
76561197961928858
76561197961928861
76561197961928866
76561197961928870
76561197961928871
76561197961928880
76561197961928882
76561197961928884
76561197961928885
76561197961928887
76561197961928891
76561197961928892
76561197961928893
76561197961928897
76561197961928902
76561197961928903
76561197961928904
76561197961928906
76561197961928907
76561197961928909
76561197961928910
76561197961928913
76561197961928914
76561197961928917
76561197961928918
76561197961928919
76561197961928921
76561197961928923
76561197961928924
76561197961928927
76561197961928929
76561197961928930
76561197961928932
76561197961928933
76561197961928934
76561197961928935
76561197961928936
76561197961928937
76561197961928939
76561197961928940
76561197961928949
76561197961928953
76561197961928954
76561197961928957
76561197961928959
76561197961928964
76561197961928965
76561197961928967
76561197961928968
76561197961928971
76561197961928973
76561197961928974
76561197961928975
76561197961928976
76561197961928977
76561197961928981
76561197961928983
76561197961928984
76561197961928985
76561197961928987
76561197961928989
76561197961928991
76561197961928992
76561197961928993
76561197961928994
76561197961928995
76561197961928996
76561197961928997
76561197961928999
76561197961929002
76561197961929008
76561197961929009
76561197961929011
76561197961929013
76561197961929016
76561197961929018
76561197961929019
76561197961929021
76561197961929024
76561197961929026
76561197961929030
76561197961929031
76561197961929036
76561197961929038
76561197961929041
76561197961929042
76561197961929043
76561197961929045
76561197961929048
76561197961929050
76561197961929051
76561197961929052
76561197961929054
76561197961929056
76561197961929060
76561197961929061
76561197961929062
76561197961929063
76561197961929065
76561197961929067
76561197961929070
76561197961929072
76561197961929073
76561197961929074
76561197961929077
76561197961929078
76561197961929080
76561197961929081
76561197961929084
76561197961929085
76561197961929088
76561197961929089
76561197961929091
76561197961929093
76561197961929096
76561197961929097
76561197961929098
76561197961929099
76561197961929100
76561197961929103
76561197961929108
76561197961929109
76561197961929111
76561197961929113
76561197961929114
76561197961929117
76561197961929119
76561197961929122
76561197961929125
76561197961929128
76561197961929129
76561197961929130
