76561197961153540
76561197961153541
76561197961153542
76561197961153544
76561197961153546
76561197961153547
76561197961153548
76561197961153552
76561197961153554
76561197961153557
76561197961153558
76561197961153559
76561197961153560
76561197961153562
76561197961153563
76561197961153564
76561197961153565
76561197961153566
76561197961153568
76561197961153570
76561197961153571
76561197961153572
76561197961153574
76561197961153575
76561197961153577
76561197961153579
76561197961153582
76561197961153583
76561197961153586
76561197961153590
76561197961153591
76561197961153592
76561197961153595
76561197961153597
76561197961153598
76561197961153599
76561197961153601
76561197961153603
76561197961153607
76561197961153608
76561197961153610
76561197961153614
76561197961153616
76561197961153618
76561197961153619
76561197961153621
76561197961153624
76561197961153625
76561197961153628
76561197961153629
76561197961153630
76561197961153631
76561197961153632
76561197961153635
76561197961153636
76561197961153637
76561197961153638
76561197961153639
76561197961153640
76561197961153641
76561197961153643
76561197961153644
76561197961153645
76561197961153646
76561197961153647
76561197961153648
76561197961153649
76561197961153652
76561197961153654
76561197961153655
76561197961153659
76561197961153662
76561197961153663
76561197961153664
76561197961153665
76561197961153666
76561197961153668
76561197961153671
76561197961153672
76561197961153674
76561197961153677
76561197961153678
76561197961153680
76561197961153682
76561197961153683
76561197961153684
76561197961153685
76561197961153686
76561197961153687
76561197961153689
76561197961153690
76561197961153691
76561197961153692
76561197961153697
76561197961153698
76561197961153699
76561197961153703
76561197961153705
76561197961153707
76561197961153708
76561197961153709
76561197961153710
76561197961153711
76561197961153713
76561197961153714
76561197961153715
76561197961153716
76561197961153717
76561197961153719
76561197961153720
76561197961153723
76561197961153724
76561197961153726
76561197961153727
76561197961153728
76561197961153729
76561197961153730
76561197961153731
76561197961153732
76561197961153733
76561197961153736
76561197961153739
76561197961153740
76561197961153742
76561197961153743
76561197961153744
76561197961153745
76561197961153746
76561197961153750
76561197961153751
76561197961153752
76561197961153754
76561197961153757
76561197961153758
76561197961153759
76561197961153761
76561197961153762
76561197961153763
76561197961153764
76561197961153766
76561197961153767
76561197961153769
76561197961153770
76561197961153771
76561197961153772
76561197961153773
76561197961153775
76561197961153776
76561197961153777
76561197961153779
76561197961153780
76561197961153782
76561197961153785
76561197961153786
76561197961153788
76561197961153789
76561197961153790
76561197961153791
76561197961153792
76561197961153797
76561197961153798
76561197961153803
76561197961153804
76561197961153805
76561197961153806
76561197961153807
76561197961153808
76561197961153810
76561197961153811
76561197961153814
76561197961153815
76561197961153817
76561197961153819
76561197961153820
76561197961153821
76561197961153822
76561197961153824
76561197961153825
76561197961153826
76561197961153827
76561197961153828
76561197961153829
76561197961153831
76561197961153832
76561197961153833
76561197961153834
76561197961153837
76561197961153839
76561197961153840
76561197961153842
76561197961153843
76561197961153846
76561197961153847
76561197961153848
76561197961153849
76561197961153850
76561197961153851
76561197961153852
76561197961153853
76561197961153855
76561197961153856
76561197961153857
76561197961153858
76561197961153859
76561197961153860
76561197961153861
76561197961153862
76561197961153863
76561197961153864
76561197961153865
76561197961153867
76561197961153868
76561197961153869
76561197961153870
76561197961153873
76561197961153875
76561197961153877
76561197961153878
76561197961153881
76561197961153883
76561197961153884
76561197961153885
76561197961153886
76561197961153889
76561197961153890
76561197961153891
76561197961153892
76561197961153894
76561197961153895
76561197961153896
76561197961153897
76561197961153898
76561197961153900
76561197961153901
76561197961153904
76561197961153905
76561197961153906
76561197961153907
76561197961153908
76561197961153909
76561197961153910
76561197961153913
76561197961153914
76561197961153915
76561197961153916
76561197961153917
76561197961153918
76561197961153919
76561197961153921
76561197961153923
76561197961153924
76561197961153926
76561197961153927
76561197961153931
76561197961153932
76561197961153933
76561197961153934
76561197961153938
76561197961153939
76561197961153941
76561197961153945
76561197961153946
76561197961153947
76561197961153950
76561197961153951
76561197961153953
76561197961153954
76561197961153955
76561197961153956
76561197961153957
76561197961153958
76561197961153959
76561197961153960
76561197961153962
76561197961153963
76561197961153964
76561197961153969
76561197961153970
76561197961153971
76561197961153972
76561197961153973
76561197961153974
76561197961153975
76561197961153976
76561197961153978
76561197961153979
76561197961153981
76561197961153982
76561197961153983
76561197961153986
76561197961153989
76561197961153993
76561197961153994
76561197961153997
76561197961153998
76561197961154000
76561197961154001
76561197961154002
76561197961154004
76561197961154005
76561197961154006
76561197961154007
76561197961154009
76561197961154010
76561197961154011
76561197961154012
76561197961154014
76561197961154015
76561197961154016
76561197961154017
76561197961154018
76561197961154019
76561197961154021
76561197961154022
76561197961154023
76561197961154024
76561197961154027
76561197961154028
76561197961154030
76561197961154031
76561197961154032
76561197961154034
76561197961154035
76561197961154037
76561197961154039
76561197961154041
76561197961154044
76561197961154045
76561197961154047
76561197961154048
76561197961154050
76561197961154052
76561197961154053
76561197961154054
76561197961154056
76561197961154057
76561197961154058
76561197961154060
76561197961154062
76561197961154063
76561197961154064
76561197961154065
76561197961154067
76561197961154068
76561197961154069
76561197961154070
76561197961154071
76561197961154072
76561197961154073
76561197961154075
76561197961154076
76561197961154078
76561197961154079
76561197961154082
76561197961154083
76561197961154088
76561197961154089
76561197961154090
76561197961154091
76561197961154092
76561197961154093
76561197961154094
76561197961154095
76561197961154096
76561197961154097
76561197961154098
76561197961154101
76561197961154102
76561197961154103
76561197961154104
76561197961154105
76561197961154109
76561197961154111
76561197961154112
76561197961154113
76561197961154114
76561197961154115
76561197961154118
76561197961154120
76561197961154123
76561197961154124
76561197961154128
76561197961154130
76561197961154131
76561197961154132
76561197961154133
76561197961154137
76561197961154138
76561197961154140
76561197961154142
76561197961154143
76561197961154144
76561197961154145
76561197961154146
76561197961154147
76561197961154149
76561197961154150
76561197961154152
76561197961154154
76561197961154155
76561197961154156
76561197961154157
76561197961154159
76561197961154160
76561197961154161
76561197961154165
76561197961154166
76561197961154167
76561197961154170
76561197961154171
76561197961154172
76561197961154173
76561197961154174
76561197961154175
76561197961154176
76561197961154177
76561197961154178
76561197961154179
76561197961154180
76561197961154181
76561197961154182
76561197961154183
76561197961154184
76561197961154186
76561197961154187
76561197961154188
76561197961154189
76561197961154190
76561197961154191
76561197961154192
76561197961154193
76561197961154194
76561197961154195
76561197961154197
76561197961154198
76561197961154200
76561197961154202
76561197961154203
76561197961154204
76561197961154205
76561197961154206
76561197961154207
76561197961154208
76561197961154209
76561197961154210
76561197961154211
76561197961154212
76561197961154213
76561197961154214
76561197961154216
76561197961154218
76561197961154222
76561197961154223
76561197961154225
76561197961154226
76561197961154228
76561197961154230
76561197961154231
76561197961154232
76561197961154236
76561197961154237
76561197961154238
76561197961154239
76561197961154240
76561197961154241
76561197961154242
76561197961154244
76561197961154245
76561197961154246
76561197961154247
76561197961154250
76561197961154251
76561197961154254
76561197961154255
76561197961154258
76561197961154259
76561197961154260
76561197961154263
76561197961154264
76561197961154265
76561197961154266
76561197961154269
76561197961154270
76561197961154271
76561197961154273
76561197961154274
76561197961154275
76561197961154276
76561197961154279
76561197961154281
76561197961154282
76561197961154284
76561197961154286
76561197961154289
76561197961154291
76561197961154292
76561197961154293
76561197961154294
76561197961154295
76561197961154297
76561197961154298
76561197961154300
76561197961154302
76561197961154305
76561197961154306
76561197961154307
76561197961154310
76561197961154311
76561197961154312
76561197961154313
76561197961154314
76561197961154315
76561197961154316
76561197961154317
76561197961154318
76561197961154319
76561197961154320
76561197961154321
76561197961154322
76561197961154323
76561197961154324
76561197961154325
76561197961154329
76561197961154330
76561197961154331
76561197961154333
76561197961154335
76561197961154336
76561197961154341
76561197961154342
76561197961154343
76561197961154344
76561197961154345
76561197961154348
76561197961154349
76561197961154352
76561197961154353
76561197961154355
76561197961154356
76561197961154357
76561197961154358
76561197961154359
76561197961154361
76561197961154363
76561197961154364
76561197961154366
76561197961154368
76561197961154371
76561197961154373
76561197961154374
76561197961154375
76561197961154377
76561197961154380
76561197961154381
76561197961154385
76561197961154387
76561197961154390
76561197961154391
76561197961154392
76561197961154393
76561197961154394
76561197961154397
76561197961154400
76561197961154402
76561197961154403
76561197961154404
76561197961154405
76561197961154406
76561197961154407
76561197961154410
76561197961154411
76561197961154412
76561197961154413
76561197961154414
76561197961154416
76561197961154417
76561197961154418
76561197961154420
76561197961154422
76561197961154423
76561197961154424
76561197961154427
76561197961154428
76561197961154433
76561197961154435
76561197961154436
76561197961154437
76561197961154438
76561197961154440
76561197961154441
76561197961154445
76561197961154446
76561197961154448
76561197961154450
76561197961154454
76561197961154455
76561197961154456
76561197961154457
76561197961154459
76561197961154460
76561197961154461
76561197961154462
76561197961154463
76561197961154464
76561197961154465
76561197961154466
76561197961154467
76561197961154469
76561197961154470
76561197961154471
76561197961154473
76561197961154474
76561197961154475
76561197961154478
76561197961154479
76561197961154481
76561197961154483
76561197961154488
76561197961154489
76561197961154492
76561197961154493
76561197961154494
76561197961154495
76561197961154496
76561197961154497
76561197961154499
76561197961154500
76561197961154501
76561197961154502
76561197961154503
76561197961154504
76561197961154505
76561197961154507
76561197961154508
76561197961154509
76561197961154510
76561197961154512
76561197961154513
76561197961154515
76561197961154516
76561197961154520
76561197961154522
76561197961154523
76561197961154524
76561197961154525
76561197961154527
76561197961154529
76561197961154530
76561197961154531
76561197961154532
76561197961154533
76561197961154534
76561197961154538
76561197961154539
76561197961154540
76561197961154541
76561197961154542
76561197961154543
76561197961154545
76561197961154546
76561197961154547
76561197961154548
76561197961154550
76561197961154551
76561197961154552
76561197961154555
76561197961154558
76561197961154560
76561197961154562
76561197961154563
76561197961154564
76561197961154567
76561197961154568
76561197961154570
76561197961154572
76561197961154573
76561197961154574
76561197961154576
76561197961154578
76561197961154583
76561197961154586
76561197961154587
76561197961154590
76561197961154591
76561197961154593
76561197961154596
76561197961154597
76561197961154598
76561197961154599
76561197961154600
76561197961154601
76561197961154603
76561197961154605
76561197961154606
76561197961154607
76561197961154608
76561197961154612
76561197961154613
76561197961154615
76561197961154616
76561197961154617
76561197961154618
76561197961154619
76561197961154620
76561197961154621
76561197961154622
76561197961154623
76561197961154625
76561197961154626
76561197961154628
76561197961154629
76561197961154630
76561197961154631
76561197961154632
76561197961154633
76561197961154634
76561197961154635
76561197961154637
76561197961154638
76561197961154640
76561197961154646
76561197961154649
76561197961154650
76561197961154651
76561197961154652
76561197961154653
76561197961154655
76561197961154656
76561197961154658
76561197961154659
76561197961154661
76561197961154662
76561197961154663
76561197961154665
76561197961154667
76561197961154669
76561197961154673
76561197961154676
76561197961154677
76561197961154678
76561197961154680
76561197961154681
76561197961154683
76561197961154684
76561197961154687
76561197961154689
76561197961154693
76561197961154694
76561197961154695
76561197961154696
76561197961154698
76561197961154699
76561197961154700
76561197961154701
76561197961154705
76561197961154706
76561197961154707
76561197961154709
76561197961154710
76561197961154714
76561197961154715
76561197961154716
76561197961154717
76561197961154719
76561197961154720
76561197961154722
76561197961154723
76561197961154724
76561197961154725
76561197961154728
76561197961154731
76561197961154732
76561197961154733
76561197961154735
76561197961154736
76561197961154737
76561197961154738
76561197961154740
76561197961154741
76561197961154743
76561197961154745
76561197961154746
76561197961154748
76561197961154749
76561197961154750
76561197961154751
76561197961154753
76561197961154754
76561197961154755
76561197961154759
76561197961154760
76561197961154761
76561197961154763
76561197961154765
76561197961154766
76561197961154767
76561197961154769
76561197961154770
76561197961154771
76561197961154772
76561197961154775
76561197961154776
76561197961154777
76561197961154778
76561197961154779
76561197961154780
76561197961154781
76561197961154782
76561197961154783
76561197961154786
76561197961154788
76561197961154789
76561197961154790
76561197961154791
76561197961154792
76561197961154793
76561197961154794
76561197961154795
76561197961154796
76561197961154797
76561197961154798
76561197961154799
76561197961154801
76561197961154802
76561197961154803
76561197961154804
76561197961154806
76561197961154807
76561197961154808
76561197961154809
76561197961154810
76561197961154812
76561197961154816
76561197961154817
76561197961154818
76561197961154819
76561197961154820
76561197961154821
76561197961154823
76561197961154824
76561197961154827
76561197961154828
76561197961154829
76561197961154830
76561197961154831
76561197961154833
76561197961154834
76561197961154839
76561197961154840
76561197961154841
76561197961154843
76561197961154846
76561197961154848
76561197961154849
76561197961154850
76561197961154851
76561197961154852
76561197961154853
76561197961154855
76561197961154857
76561197961154858
76561197961154861
76561197961154863
76561197961154864
76561197961154865
76561197961154866
76561197961154867
76561197961154868
76561197961154869
76561197961154872
76561197961154873
76561197961154874
76561197961154875
76561197961154876
76561197961154877
76561197961154879
76561197961154880
76561197961154881
76561197961154882
76561197961154883
76561197961154885
76561197961154886
76561197961154887
76561197961154888
76561197961154890
76561197961154891
76561197961154893
76561197961154895
76561197961154896
76561197961154897
76561197961154898
76561197961154902
76561197961154903
76561197961154904
76561197961154905
76561197961154906
76561197961154907
76561197961154908
76561197961154911
76561197961154913
76561197961154915
76561197961154916
76561197961154917
76561197961154918
76561197961154921
76561197961154922
76561197961154923
76561197961154926
76561197961154927
76561197961154928
76561197961154929
76561197961154930
76561197961154931
76561197961154935
76561197961154936
76561197961154937
76561197961154938
76561197961154939
76561197961154940
76561197961154941
76561197961154942
76561197961154943
76561197961154944
76561197961154945
76561197961154946
76561197961154947
76561197961154949
76561197961154950
76561197961154951
76561197961154953
76561197961154954
76561197961154955
76561197961154956
76561197961154957
76561197961154958
76561197961154959
76561197961154961
76561197961154962
76561197961154964
76561197961154966
76561197961154967
76561197961154968
76561197961154969
76561197961154970
76561197961154971
76561197961154972
76561197961154975
76561197961154977
76561197961154978
76561197961154980
76561197961154981
76561197961154983
76561197961154984
76561197961154986
76561197961154987
76561197961154988
76561197961154990
76561197961154992
76561197961154994
76561197961154995
76561197961154996
76561197961154998
76561197961155000
76561197961155001
76561197961155002
76561197961155003
76561197961155004
76561197961155005
76561197961155006
76561197961155008
76561197961155009
76561197961155010
76561197961155011
76561197961155012
76561197961155013
76561197961155014
76561197961155015
76561197961155016
76561197961155018
76561197961155019
76561197961155020
76561197961155021
76561197961155023
76561197961155024
76561197961155025
76561197961155027
76561197961155028
76561197961155030
76561197961155032
76561197961155033
76561197961155035
76561197961155037
76561197961155040
76561197961155041
76561197961155042
76561197961155044
76561197961155046
76561197961155047
76561197961155048
76561197961155049
