76561197960708594
76561197960708595
76561197960708596
76561197960708597
76561197960708598
76561197960708599
76561197960708601
76561197960708602
76561197960708604
76561197960708608
76561197960708610
76561197960708611
76561197960708612
76561197960708613
76561197960708614
76561197960708618
76561197960708621
76561197960708623
76561197960708625
76561197960708626
76561197960708627
76561197960708628
76561197960708629
76561197960708630
76561197960708631
76561197960708636
76561197960708637
76561197960708640
76561197960708641
76561197960708644
76561197960708650
76561197960708651
76561197960708652
76561197960708653
76561197960708655
76561197960708657
76561197960708658
76561197960708659
76561197960708661
76561197960708663
76561197960708665
76561197960708666
76561197960708667
76561197960708670
76561197960708674
76561197960708675
76561197960708676
76561197960708678
76561197960708679
76561197960708683
76561197960708684
76561197960708685
76561197960708686
76561197960708687
76561197960708688
76561197960708689
76561197960708690
76561197960708692
76561197960708694
76561197960708695
76561197960708696
76561197960708697
76561197960708699
76561197960708702
76561197960708705
76561197960708707
76561197960708709
76561197960708712
76561197960708715
76561197960708717
76561197960708718
76561197960708719
76561197960708722
76561197960708725
76561197960708726
76561197960708728
76561197960708729
76561197960708730
76561197960708731
76561197960708732
76561197960708733
76561197960708734
76561197960708735
76561197960708736
76561197960708737
76561197960708739
76561197960708740
76561197960708741
76561197960708742
76561197960708745
76561197960708746
76561197960708747
76561197960708751
76561197960708752
76561197960708753
76561197960708754
76561197960708756
76561197960708757
76561197960708759
76561197960708760
76561197960708761
76561197960708762
76561197960708763
76561197960708765
76561197960708766
76561197960708768
76561197960708770
76561197960708771
76561197960708772
76561197960708774
76561197960708776
76561197960708778
76561197960708779
76561197960708780
76561197960708782
76561197960708783
76561197960708784
76561197960708786
76561197960708787
76561197960708788
76561197960708790
76561197960708791
76561197960708794
76561197960708797
76561197960708798
76561197960708799
76561197960708800
76561197960708801
76561197960708802
76561197960708803
76561197960708805
76561197960708807
76561197960708809
76561197960708810
76561197960708811
76561197960708812
76561197960708814
76561197960708816
76561197960708818
76561197960708819
76561197960708821
76561197960708822
76561197960708823
76561197960708824
76561197960708829
76561197960708830
76561197960708831
76561197960708833
76561197960708834
76561197960708835
76561197960708836
76561197960708837
76561197960708838
76561197960708840
76561197960708841
76561197960708843
76561197960708844
76561197960708847
76561197960708848
76561197960708850
76561197960708852
76561197960708853
76561197960708854
76561197960708856
76561197960708859
76561197960708861
76561197960708862
76561197960708863
76561197960708864
76561197960708865
76561197960708866
76561197960708867
76561197960708870
76561197960708871
76561197960708872
76561197960708873
76561197960708874
76561197960708875
76561197960708876
76561197960708879
76561197960708880
76561197960708881
76561197960708883
76561197960708884
76561197960708885
76561197960708888
76561197960708890
76561197960708891
76561197960708893
76561197960708894
76561197960708895
76561197960708896
76561197960708897
76561197960708899
76561197960708901
76561197960708902
76561197960708903
76561197960708905
76561197960708906
76561197960708909
76561197960708911
76561197960708912
76561197960708913
76561197960708914
76561197960708915
76561197960708916
76561197960708918
76561197960708920
76561197960708921
76561197960708922
76561197960708923
76561197960708924
76561197960708926
76561197960708929
76561197960708930
76561197960708932
76561197960708933
76561197960708934
76561197960708938
76561197960708940
76561197960708943
76561197960708944
76561197960708946
76561197960708949
76561197960708950
76561197960708951
76561197960708952
76561197960708954
76561197960708956
76561197960708957
76561197960708958
76561197960708959
76561197960708960
76561197960708961
76561197960708963
76561197960708964
76561197960708966
76561197960708967
76561197960708968
76561197960708970
76561197960708971
76561197960708972
76561197960708974
76561197960708975
76561197960708976
76561197960708977
76561197960708980
76561197960708982
76561197960708985
76561197960708988
76561197960708989
76561197960708990
76561197960708991
76561197960708992
76561197960708995
76561197960708997
76561197960709001
76561197960709003
76561197960709004
76561197960709005
76561197960709006
76561197960709007
76561197960709009
76561197960709010
76561197960709012
76561197960709013
76561197960709014
76561197960709015
76561197960709016
76561197960709017
76561197960709020
76561197960709022
76561197960709023
76561197960709025
76561197960709029
76561197960709030
76561197960709032
76561197960709033
76561197960709034
76561197960709035
76561197960709036
76561197960709038
76561197960709041
76561197960709042
76561197960709044
76561197960709045
76561197960709046
76561197960709047
76561197960709048
76561197960709049
76561197960709050
76561197960709051
76561197960709052
76561197960709053
76561197960709054
76561197960709055
76561197960709056
76561197960709057
76561197960709058
76561197960709059
76561197960709060
76561197960709061
76561197960709063
76561197960709064
76561197960709066
76561197960709067
76561197960709068
76561197960709070
76561197960709071
76561197960709072
76561197960709074
76561197960709075
76561197960709076
76561197960709077
76561197960709080
76561197960709083
76561197960709084
76561197960709086
76561197960709087
76561197960709088
76561197960709090
76561197960709091
76561197960709092
76561197960709093
76561197960709095
76561197960709096
76561197960709097
76561197960709098
76561197960709099
76561197960709100
76561197960709101
76561197960709102
76561197960709103
76561197960709104
76561197960709105
76561197960709106
76561197960709107
76561197960709108
76561197960709164
76561197960709174
76561197960709224
76561197960709248
76561197960709250
76561197960709264
76561197960709296
76561197960709298
76561197960709304
76561197960709328
76561197960709333
76561197960709345
76561197960709353
76561197960709359
76561197960709390
76561197960709392
76561197960709394
76561197960709396
76561197960709398
76561197960709399
76561197960709400
76561197960709403
76561197960709405
76561197960709409
76561197960709410
76561197960709413
76561197960709414
76561197960709415
76561197960709416
76561197960709417
76561197960709419
76561197960709420
76561197960709423
76561197960709426
76561197960709427
76561197960709428
76561197960709429
76561197960709432
76561197960709433
76561197960709435
76561197960709436
76561197960709437
76561197960709438
76561197960709439
76561197960709441
76561197960709442
76561197960709443
76561197960709444
76561197960709445
76561197960709446
76561197960709447
76561197960709448
76561197960709453
76561197960709454
76561197960709456
76561197960709458
76561197960709461
76561197960709463
76561197960709464
76561197960709465
76561197960709466
76561197960709467
76561197960709468
76561197960709469
76561197960709470
76561197960709472
76561197960709473
76561197960709474
76561197960709475
76561197960709476
76561197960709478
76561197960709479
76561197960709480
76561197960709482
76561197960709484
76561197960709485
76561197960709486
76561197960709494
76561197960709496
76561197960709499
76561197960709500
76561197960709501
76561197960709504
76561197960709505
76561197960709507
76561197960709508
76561197960709510
76561197960709512
76561197960709514
76561197960709516
76561197960709517
76561197960709518
76561197960709519
76561197960709520
76561197960709521
76561197960709523
76561197960709524
76561197960709525
76561197960709527
76561197960709528
76561197960709530
76561197960709531
76561197960709533
76561197960709535
76561197960709536
76561197960709537
76561197960709539
76561197960709540
76561197960709542
76561197960709545
76561197960709548
76561197960709549
76561197960709552
76561197960709553
76561197960709555
76561197960709556
76561197960709560
76561197960709563
76561197960709564
76561197960709567
76561197960709568
76561197960709569
76561197960709570
76561197960709571
76561197960709573
76561197960709574
76561197960709575
76561197960709576
76561197960709579
76561197960709580
76561197960709581
76561197960709582
76561197960709585
76561197960709589
76561197960709591
76561197960709592
76561197960709593
76561197960709594
76561197960709596
76561197960709602
76561197960709604
76561197960709606
76561197960709607
76561197960709609
76561197960709610
76561197960709611
76561197960709613
76561197960709614
76561197960709615
76561197960709617
76561197960709618
76561197960709619
76561197960709620
76561197960709621
76561197960709622
76561197960709623
76561197960709624
76561197960709625
76561197960709626
76561197960709627
76561197960709628
76561197960709629
76561197960709630
76561197960709632
76561197960709633
76561197960709634
76561197960709635
76561197960709636
76561197960709638
76561197960709640
76561197960709641
76561197960709644
76561197960709645
76561197960709646
76561197960709648
76561197960709652
76561197960709653
76561197960709654
76561197960709655
76561197960709656
76561197960709658
76561197960709659
76561197960709661
76561197960709662
76561197960709663
76561197960709665
76561197960709667
76561197960709668
76561197960709672
76561197960709673
76561197960709674
76561197960709675
76561197960709676
76561197960709677
76561197960709679
76561197960709681
76561197960709682
76561197960709683
76561197960709684
76561197960709685
76561197960709686
76561197960709687
76561197960709688
76561197960709689
76561197960709690
76561197960709691
76561197960709692
76561197960709695
76561197960709697
76561197960709700
76561197960709702
76561197960709703
76561197960709704
76561197960709705
76561197960709706
76561197960709708
76561197960709710
76561197960709711
76561197960709712
76561197960709713
76561197960709714
76561197960709715
76561197960709718
76561197960709719
76561197960709722
76561197960709724
76561197960709725
76561197960709726
76561197960709727
76561197960709728
76561197960709729
76561197960709737
76561197960709738
76561197960709740
76561197960709741
76561197960709742
76561197960709743
76561197960709744
76561197960709747
76561197960709748
76561197960709749
76561197960709752
76561197960709756
76561197960709757
76561197960709758
76561197960709759
76561197960709760
76561197960709761
76561197960709763
76561197960709764
76561197960709765
76561197960709766
76561197960709768
76561197960709769
76561197960709772
76561197960709774
76561197960709775
76561197960709776
76561197960709780
76561197960709782
76561197960709783
76561197960709784
76561197960709785
76561197960709787
76561197960709788
76561197960709790
76561197960709791
76561197960709793
76561197960709794
76561197960709797
76561197960709798
76561197960709799
76561197960709800
76561197960709802
76561197960709803
76561197960709804
76561197960709805
76561197960709806
76561197960709807
76561197960709808
76561197960709810
76561197960709811
76561197960709812
76561197960709814
76561197960709815
76561197960709816
76561197960709817
76561197960709818
76561197960709819
76561197960709820
76561197960709821
76561197960709822
76561197960709825
76561197960709826
76561197960709827
76561197960709828
76561197960709830
76561197960709831
76561197960709832
76561197960709833
76561197960709834
76561197960709835
76561197960709836
76561197960709839
76561197960709840
76561197960709841
76561197960709842
76561197960709843
76561197960709844
76561197960709846
76561197960709847
76561197960709850
76561197960709851
76561197960709852
76561197960709853
76561197960709854
76561197960709855
76561197960709856
76561197960709858
76561197960709860
76561197960709862
76561197960709863
76561197960709864
76561197960709866
76561197960709868
76561197960709872
76561197960709873
76561197960709874
76561197960709875
76561197960709876
76561197960709877
76561197960709878
76561197960709879
76561197960709880
76561197960709881
76561197960709882
76561197960709883
76561197960709887
76561197960709888
76561197960709889
76561197960709893
76561197960709894
76561197960709897
76561197960709898
76561197960709900
76561197960709902
76561197960709909
76561197960709911
76561197960709912
76561197960709913
76561197960709915
76561197960709916
76561197960709917
76561197960709920
76561197960709921
76561197960709923
76561197960709926
76561197960709927
76561197960709928
76561197960709930
76561197960709931
76561197960709932
76561197960709933
76561197960709937
76561197960709940
76561197960709941
76561197960709943
76561197960709946
76561197960709947
76561197960709948
76561197960709950
76561197960709951
76561197960709952
76561197960709953
76561197960709954
76561197960709955
76561197960709956
76561197960709961
76561197960709963
76561197960709964
76561197960709965
76561197960709967
76561197960709968
76561197960709969
76561197960709970
76561197960709973
76561197960709974
76561197960709975
76561197960709976
76561197960709977
76561197960709978
76561197960709979
76561197960709980
76561197960709981
76561197960709982
76561197960709984
76561197960709986
76561197960709987
76561197960709990
76561197960709993
76561197960709996
76561197960709997
76561197960710001
76561197960710002
76561197960710003
76561197960710005
76561197960710006
76561197960710007
76561197960710009
76561197960710012
76561197960710013
76561197960710014
76561197960710015
76561197960710016
76561197960710018
76561197960710019
76561197960710020
76561197960710022
76561197960710023
76561197960710024
76561197960710025
76561197960710027
76561197960710030
76561197960710031
76561197960710035
76561197960710036
76561197960710038
76561197960710039
76561197960710043
76561197960710044
76561197960710045
76561197960710046
76561197960710047
76561197960710048
76561197960710049
76561197960710050
76561197960710051
76561197960710053
76561197960710055
76561197960710056
76561197960710057
76561197960710061
76561197960710063
76561197960710064
76561197960710065
76561197960710067
76561197960710068
76561197960710070
76561197960710072
76561197960710073
76561197960710077
76561197960710078
76561197960710080
76561197960710081
76561197960710084
76561197960710085
76561197960710086
76561197960710089
76561197960710090
76561197960710091
76561197960710092
76561197960710093
76561197960710094
76561197960710096
76561197960710098
76561197960710100
76561197960710101
76561197960710102
76561197960710103
76561197960710106
76561197960710107
76561197960710108
76561197960710109
76561197960710110
76561197960710111
76561197960710112
76561197960710113
76561197960710114
76561197960710115
76561197960710116
76561197960710117
76561197960710119
76561197960710120
76561197960710123
76561197960710124
76561197960710126
76561197960710127
76561197960710128
76561197960710129
76561197960710130
76561197960710131
76561197960710132
76561197960710134
76561197960710136
76561197960710138
76561197960710139
76561197960710141
76561197960710142
76561197960710144
76561197960710145
76561197960710146
76561197960710147
76561197960710148
76561197960710151
76561197960710155
76561197960710156
76561197960710157
76561197960710158
76561197960710159
76561197960710161
76561197960710163
76561197960710164
76561197960710165
76561197960710166
76561197960710167
76561197960710169
76561197960710170
76561197960710171
76561197960710172
76561197960710173
76561197960710174
76561197960710175
76561197960710177
76561197960710178
76561197960710180
76561197960710181
76561197960710183
76561197960710185
76561197960710187
76561197960710188
76561197960710189
76561197960710191
76561197960710193
76561197960710194
76561197960710196
76561197960710197
76561197960710199
76561197960710200
76561197960710204
76561197960710205
76561197960710206
76561197960710207
76561197960710210
76561197960710211
76561197960710212
76561197960710214
76561197960710216
76561197960710218
76561197960710219
76561197960710220
76561197960710223
76561197960710224
76561197960710226
76561197960710227
76561197960710228
76561197960710229
76561197960710230
76561197960710231
76561197960710234
76561197960710235
76561197960710236
76561197960710237
76561197960710238
76561197960710240
76561197960710245
76561197960710247
76561197960710249
76561197960710250
76561197960710253
76561197960710254
76561197960710256
76561197960710258
76561197960710261
76561197960710264
76561197960710265
76561197960710266
76561197960710267
76561197960710268
76561197960710269
76561197960710270
76561197960710271
76561197960710272
76561197960710274
76561197960710275
76561197960710278
76561197960710280
76561197960710281
76561197960710282
76561197960710284
76561197960710285
76561197960710287
76561197960710288
76561197960710290
76561197960710291
76561197960710294
76561197960710295
76561197960710297
76561197960710298
76561197960710299
76561197960710300
76561197960710302
76561197960710303
76561197960710304
76561197960710306
76561197960710307
76561197960710308
76561197960710312
76561197960710314
76561197960710315
76561197960710316
76561197960710317
76561197960710320
76561197960710321
76561197960710322
76561197960710325
76561197960710326
76561197960710328
76561197960710329
76561197960710336
76561197960710337
76561197960710340
76561197960710341
76561197960710344
76561197960710347
76561197960710349
76561197960710351
76561197960710353
76561197960710357
76561197960710362
76561197960710363
76561197960710367
76561197960710368
76561197960710370
76561197960710371
76561197960710372
76561197960710373
76561197960710374
76561197960710377
76561197960710378
76561197960710379
76561197960710381
76561197960710385
76561197960710387
76561197960710388
76561197960710389
76561197960710391
76561197960710394
76561197960710395
76561197960710397
76561197960710398
76561197960710399
76561197960710400
76561197960710401
76561197960710402
76561197960710405
76561197960710406
76561197960710407
76561197960710408
76561197960710409
76561197960710410
76561197960710412
76561197960710413
