76561197961281631
76561197961281632
76561197961281633
76561197961281634
76561197961281635
76561197961281637
76561197961281638
76561197961281642
76561197961281645
76561197961281646
76561197961281649
76561197961281652
76561197961281657
76561197961281659
76561197961281660
76561197961281662
76561197961281668
76561197961281669
76561197961281673
76561197961281674
76561197961281686
76561197961281688
76561197961281689
76561197961281692
76561197961281693
76561197961281694
76561197961281696
76561197961281699
76561197961281706
76561197961281708
76561197961281712
76561197961281714
76561197961281715
76561197961281716
76561197961281717
76561197961281719
76561197961281722
76561197961281725
76561197961281729
76561197961281730
76561197961281731
76561197961281733
76561197961281735
76561197961281741
76561197961281746
76561197961281752
76561197961281753
76561197961281754
76561197961281755
76561197961281758
76561197961281765
76561197961281766
76561197961281767
76561197961281769
76561197961281775
76561197961281780
76561197961281782
76561197961281784
76561197961281785
76561197961281786
76561197961281788
76561197961281789
76561197961281790
76561197961281791
76561197961281792
76561197961281794
76561197961281795
76561197961281799
76561197961281801
76561197961281802
76561197961281810
76561197961281811
76561197961281812
76561197961281813
76561197961281819
76561197961281826
76561197961281828
76561197961281829
76561197961281831
76561197961281833
76561197961281834
76561197961281835
76561197961281837
76561197961281842
76561197961281844
76561197961281849
76561197961281853
76561197961281857
76561197961281860
76561197961281861
76561197961281862
76561197961281864
76561197961281865
76561197961281868
76561197961281871
76561197961281872
76561197961281875
76561197961281877
76561197961281879
76561197961281881
76561197961281882
76561197961281884
76561197961281885
76561197961281886
76561197961281889
76561197961281891
76561197961281892
76561197961281893
76561197961281897
76561197961281898
76561197961281899
76561197961281900
76561197961281901
76561197961281902
76561197961281903
76561197961281910
76561197961281911
76561197961281917
76561197961281919
76561197961281921
76561197961281925
76561197961281927
76561197961281928
76561197961281936
76561197961281940
76561197961281941
76561197961281942
76561197961281944
76561197961281945
76561197961281948
76561197961281950
76561197961281951
76561197961281952
76561197961281953
76561197961281954
76561197961281957
76561197961281958
76561197961281959
76561197961281961
76561197961281962
76561197961281963
76561197961281965
76561197961281966
76561197961281967
76561197961281968
76561197961281972
76561197961281973
76561197961281974
76561197961281977
76561197961281991
76561197961281992
76561197961281994
76561197961281995
76561197961281996
76561197961281997
76561197961282001
76561197961282004
76561197961282005
76561197961282007
76561197961282008
76561197961282011
76561197961282012
76561197961282013
76561197961282014
76561197961282016
76561197961282017
76561197961282020
76561197961282022
76561197961282023
76561197961282025
76561197961282029
76561197961282033
76561197961282037
76561197961282040
76561197961282047
76561197961282048
76561197961282050
76561197961282058
76561197961282059
76561197961282061
76561197961282062
76561197961282065
76561197961282066
76561197961282067
76561197961282069
76561197961282070
76561197961282071
76561197961282073
76561197961282075
76561197961282076
76561197961282078
76561197961282080
76561197961282082
76561197961282083
76561197961282085
76561197961282087
76561197961282089
76561197961282094
76561197961282100
76561197961282105
76561197961282107
76561197961282109
76561197961282111
76561197961282112
76561197961282114
76561197961282115
76561197961282120
76561197961282124
76561197961282126
76561197961282127
76561197961282132
76561197961282133
76561197961282136
76561197961282141
76561197961282143
76561197961282145
76561197961282148
76561197961282149
76561197961282150
76561197961282151
76561197961282152
76561197961282157
76561197961282159
76561197961282162
76561197961282169
76561197961282170
76561197961282171
76561197961282172
76561197961282176
76561197961282180
76561197961282184
76561197961282186
76561197961282188
76561197961282190
76561197961282193
76561197961282196
76561197961282199
76561197961282202
76561197961282206
76561197961282208
76561197961282209
76561197961282215
76561197961282216
76561197961282220
76561197961282222
76561197961282223
76561197961282227
76561197961282233
76561197961282236
76561197961282237
76561197961282238
76561197961282239
76561197961282240
76561197961282241
76561197961282243
76561197961282244
76561197961282245
76561197961282248
76561197961282252
76561197961282253
76561197961282254
76561197961282255
76561197961282258
76561197961282259
76561197961282262
76561197961282265
76561197961282266
76561197961282267
76561197961282268
76561197961282269
76561197961282271
76561197961282272
76561197961282273
76561197961282275
76561197961282277
76561197961282280
76561197961282283
76561197961282290
76561197961282292
76561197961282296
76561197961282298
76561197961282300
76561197961282301
76561197961282303
76561197961282305
76561197961282308
76561197961282312
76561197961282314
76561197961282316
76561197961282317
76561197961282319
76561197961282320
76561197961282323
76561197961282324
76561197961282326
76561197961282329
76561197961282330
76561197961282331
76561197961282333
76561197961282335
76561197961282336
76561197961282337
76561197961282339
76561197961282340
76561197961282344
76561197961282346
76561197961282347
76561197961282351
76561197961282354
76561197961282356
76561197961282357
76561197961282358
76561197961282361
76561197961282369
76561197961282372
76561197961282375
76561197961282376
76561197961282378
76561197961282381
76561197961282382
76561197961282383
76561197961282385
76561197961282388
76561197961282391
76561197961282393
76561197961282397
76561197961282400
76561197961282401
76561197961282403
76561197961282410
76561197961282415
76561197961282422
76561197961282423
76561197961282424
76561197961282427
76561197961282429
76561197961282430
76561197961282434
76561197961282435
76561197961282440
76561197961282442
76561197961282443
76561197961282444
76561197961282445
76561197961282446
76561197961282447
76561197961282448
76561197961282451
76561197961282453
76561197961282455
76561197961282459
76561197961282460
76561197961282461
76561197961282462
76561197961282463
76561197961282464
76561197961282465
76561197961282467
76561197961282469
76561197961282472
76561197961282474
76561197961282478
76561197961282479
76561197961282480
76561197961282484
76561197961282485
76561197961282486
76561197961282487
76561197961282488
76561197961282489
76561197961282492
76561197961282493
76561197961282494
76561197961282495
76561197961282496
76561197961282498
76561197961282499
76561197961282501
76561197961282502
76561197961282503
76561197961282504
76561197961282506
76561197961282507
76561197961282509
76561197961282511
76561197961282513
76561197961282514
76561197961282515
76561197961282516
76561197961282518
76561197961282522
76561197961282525
76561197961282529
76561197961282530
76561197961282531
76561197961282532
76561197961282533
76561197961282534
76561197961282543
76561197961282544
76561197961282545
76561197961282549
76561197961282551
76561197961282552
76561197961282560
76561197961282562
76561197961282566
76561197961282568
76561197961282570
76561197961282571
76561197961282574
76561197961282576
76561197961282579
76561197961282580
76561197961282583
76561197961282585
76561197961282588
76561197961282591
76561197961282594
76561197961282596
76561197961282598
76561197961282599
76561197961282601
76561197961282602
76561197961282604
76561197961282607
76561197961282609
76561197961282611
76561197961282613
76561197961282614
76561197961282616
76561197961282617
76561197961282618
76561197961282619
76561197961282620
76561197961282621
76561197961282622
76561197961282623
76561197961282625
76561197961282626
76561197961282627
76561197961282629
76561197961282632
76561197961282633
76561197961282635
76561197961282636
76561197961282637
76561197961282638
76561197961282642
76561197961282644
76561197961282650
76561197961282655
76561197961282660
76561197961282661
76561197961282662
76561197961282666
76561197961282669
76561197961282670
76561197961282671
76561197961282673
76561197961282674
76561197961282677
76561197961282682
76561197961282684
76561197961282686
76561197961282688
76561197961282690
76561197961282692
76561197961282694
76561197961282695
76561197961282696
76561197961282701
76561197961282704
76561197961282705
76561197961282706
76561197961282707
76561197961282708
76561197961282710
76561197961282711
76561197961282713
76561197961282715
76561197961282716
76561197961282717
76561197961282725
76561197961282728
76561197961282730
76561197961282731
76561197961282732
76561197961282736
76561197961282738
76561197961282740
76561197961282744
76561197961282747
76561197961282748
76561197961282752
76561197961282754
76561197961282763
76561197961282765
76561197961282769
76561197961282776
76561197961282780
76561197961282783
76561197961282784
76561197961282786
76561197961282787
76561197961282788
76561197961282792
76561197961282794
76561197961282795
76561197961282797
76561197961282798
76561197961282800
76561197961282803
76561197961282804
76561197961282805
76561197961282808
76561197961282810
76561197961282811
76561197961282812
76561197961282814
76561197961282817
76561197961282823
76561197961282828
76561197961282829
76561197961282833
76561197961282834
76561197961282836
76561197961282838
76561197961282840
76561197961282841
76561197961282844
76561197961282851
76561197961282857
76561197961282858
76561197961282861
76561197961282862
76561197961282863
76561197961282865
76561197961282872
76561197961282875
76561197961282880
76561197961282881
76561197961282882
76561197961282887
76561197961282888
76561197961282890
76561197961282894
76561197961282895
76561197961282897
76561197961282904
76561197961282906
76561197961282907
76561197961282909
76561197961282910
76561197961282911
76561197961282913
76561197961282915
76561197961282920
76561197961282923
76561197961282932
76561197961282935
76561197961282937
76561197961282938
76561197961282939
76561197961282941
76561197961282942
76561197961282945
76561197961282949
76561197961282953
76561197961282954
76561197961282956
76561197961282959
76561197961282962
76561197961282968
76561197961282969
76561197961282974
76561197961282975
76561197961282976
76561197961282978
76561197961282979
76561197961282981
76561197961282982
76561197961282984
76561197961282987
76561197961282996
76561197961282997
76561197961282999
76561197961283000
76561197961283002
76561197961283006
76561197961283007
76561197961283008
76561197961283022
76561197961283023
76561197961283027
76561197961283029
76561197961283032
76561197961283034
76561197961283037
76561197961283038
76561197961283039
76561197961283041
76561197961283043
76561197961283044
76561197961283048
76561197961283049
76561197961283051
76561197961283056
76561197961283057
76561197961283059
76561197961283063
76561197961283064
76561197961283067
76561197961283079
76561197961283080
76561197961283083
76561197961283087
76561197961283090
76561197961283091
76561197961283094
76561197961283099
76561197961283100
76561197961283101
76561197961283102
76561197961283107
76561197961283108
76561197961283109
76561197961283111
76561197961283114
76561197961283115
76561197961283117
76561197961283118
76561197961283122
76561197961283123
76561197961283125
76561197961283131
76561197961283134
76561197961283137
76561197961283138
76561197961283139
76561197961283141
76561197961283145
76561197961283147
76561197961283148
76561197961283149
76561197961283154
76561197961283158
76561197961283161
76561197961283162
76561197961283163
76561197961283164
76561197961283167
76561197961283168
76561197961283169
76561197961283170
76561197961283172
76561197961283175
76561197961283177
76561197961283181
76561197961283182
76561197961283184
76561197961283187
76561197961283188
76561197961283191
76561197961283192
76561197961283194
76561197961283195
76561197961283196
76561197961283199
76561197961283206
76561197961283208
76561197961283210
76561197961283212
76561197961283217
76561197961283219
76561197961283222
76561197961283223
76561197961283224
76561197961283226
76561197961283228
76561197961283229
76561197961283230
76561197961283231
76561197961283235
76561197961283237
76561197961283239
76561197961283241
76561197961283242
76561197961283244
76561197961283247
76561197961283248
76561197961283251
76561197961283252
76561197961283253
76561197961283254
76561197961283256
76561197961283257
76561197961283259
76561197961283260
76561197961283261
76561197961283262
76561197961283263
76561197961283265
76561197961283268
76561197961283269
76561197961283270
76561197961283276
76561197961283277
76561197961283280
76561197961283285
76561197961283290
76561197961283291
76561197961283292
76561197961283295
76561197961283297
76561197961283304
76561197961283305
76561197961283308
76561197961283311
76561197961283312
76561197961283316
76561197961283318
76561197961283320
76561197961283321
76561197961283326
76561197961283327
76561197961283330
76561197961283333
76561197961283338
76561197961283340
76561197961283341
76561197961283345
76561197961283346
76561197961283347
76561197961283348
76561197961283350
76561197961283351
76561197961283352
76561197961283353
76561197961283354
76561197961283356
76561197961283358
76561197961283361
76561197961283364
76561197961283365
76561197961283366
76561197961283371
76561197961283372
76561197961283373
76561197961283374
76561197961283375
76561197961283377
76561197961283380
76561197961283382
76561197961283383
76561197961283384
76561197961283385
76561197961283386
76561197961283388
76561197961283389
76561197961283392
76561197961283397
76561197961283398
76561197961283402
76561197961283404
76561197961283406
76561197961283407
76561197961283408
76561197961283409
76561197961283416
76561197961283418
76561197961283419
76561197961283420
76561197961283424
76561197961283426
76561197961283429
76561197961283430
76561197961283431
76561197961283434
76561197961283436
76561197961283439
76561197961283440
76561197961283443
76561197961283446
76561197961283447
76561197961283450
76561197961283451
76561197961283452
76561197961283455
76561197961283457
76561197961283458
76561197961283460
76561197961283461
76561197961283463
76561197961283464
76561197961283466
76561197961283468
76561197961283469
76561197961283470
76561197961283472
76561197961283475
76561197961283479
76561197961283480
76561197961283484
76561197961283487
76561197961283488
76561197961283490
76561197961283492
76561197961283494
76561197961283502
76561197961283509
76561197961283512
76561197961283513
76561197961283514
76561197961283515
76561197961283518
76561197961283520
76561197961283522
76561197961283525
76561197961283526
76561197961283530
76561197961283540
76561197961283541
76561197961283542
76561197961283543
76561197961283544
76561197961283549
76561197961283552
76561197961283553
76561197961283554
76561197961283555
76561197961283556
76561197961283558
76561197961283559
76561197961283561
76561197961283565
76561197961283566
76561197961283568
76561197961283569
76561197961283570
76561197961283572
76561197961283573
76561197961283576
76561197961283578
76561197961283580
76561197961283584
76561197961283586
76561197961283587
76561197961283590
76561197961283594
76561197961283595
76561197961283598
76561197961283600
76561197961283603
76561197961283604
76561197961283605
76561197961283607
76561197961283609
76561197961283610
76561197961283612
76561197961283615
76561197961283621
76561197961283622
76561197961283624
76561197961283625
76561197961283628
76561197961283631
76561197961283633
76561197961283634
76561197961283637
76561197961283638
76561197961283639
76561197961283641
76561197961283643
76561197961283645
76561197961283646
76561197961283649
76561197961283652
76561197961283654
76561197961283658
76561197961283661
76561197961283662
76561197961283671
76561197961283676
76561197961283679
76561197961283680
76561197961283681
76561197961283684
76561197961283687
76561197961283690
76561197961283691
76561197961283695
76561197961283699
76561197961283701
76561197961283703
76561197961283705
76561197961283718
76561197961283719
76561197961283722
76561197961283724
76561197961283725
76561197961283727
76561197961283737
76561197961283742
76561197961283743
76561197961283746
76561197961283748
76561197961283749
76561197961283750
76561197961283751
76561197961283754
76561197961283762
76561197961283763
76561197961283764
76561197961283766
76561197961283767
76561197961283773
76561197961283774
76561197961283778
76561197961283783
76561197961283787
76561197961283789
76561197961283791
76561197961283792
76561197961283793
76561197961283794
76561197961283796
76561197961283800
76561197961283801
76561197961283810
76561197961283811
76561197961283812
76561197961283815
76561197961283816
76561197961283818
76561197961283819
76561197961283820
76561197961283821
76561197961283822
76561197961283826
76561197961283829
76561197961283831
76561197961283833
76561197961283835
76561197961283836
76561197961283841
76561197961283842
76561197961283843
76561197961283845
76561197961283846
76561197961283847
76561197961283850
76561197961283852
76561197961283853
76561197961283856
76561197961283858
76561197961283860
76561197961283863
76561197961283864
76561197961283865
76561197961283868
76561197961283871
76561197961283873
76561197961283874
76561197961283876
76561197961283878
76561197961283880
76561197961283883
76561197961283886
76561197961283887
76561197961283888
76561197961283890
76561197961283893
76561197961283894
76561197961283895
76561197961283896
76561197961283897
76561197961283899
76561197961283902
76561197961283903
76561197961283905
76561197961283906
76561197961283907
76561197961283910
76561197961283911
76561197961283919
76561197961283923
76561197961283926
76561197961283927
76561197961283930
76561197961283934
76561197961283936
76561197961283937
76561197961283938
76561197961283943
76561197961283944
76561197961283947
76561197961283948
76561197961283952
76561197961283953
