76561197960553813
76561197960553815
76561197960553816
76561197960553817
76561197960553818
76561197960553819
76561197960553820
76561197960553822
76561197960553823
76561197960553824
76561197960553825
76561197960553826
76561197960553827
76561197960553828
76561197960553829
76561197960553830
76561197960553831
76561197960553832
76561197960553833
76561197960553834
76561197960553836
76561197960553837
76561197960553838
76561197960553839
76561197960553840
76561197960553841
76561197960553842
76561197960553843
76561197960553844
76561197960553845
76561197960553847
76561197960553848
76561197960553849
76561197960553850
76561197960553851
76561197960553852
76561197960553853
76561197960553854
76561197960553855
76561197960553856
76561197960553857
76561197960553859
76561197960553860
76561197960553861
76561197960553862
76561197960553864
76561197960553866
76561197960553867
76561197960553869
76561197960553870
76561197960553871
76561197960553872
76561197960553878
76561197960553881
76561197960553883
76561197960553884
76561197960553885
76561197960553886
76561197960553887
76561197960553888
76561197960553890
76561197960553892
76561197960553893
76561197960553894
76561197960553895
76561197960553896
76561197960553897
76561197960553899
76561197960553900
76561197960553901
76561197960553903
76561197960553904
76561197960553905
76561197960553907
76561197960553908
76561197960553910
76561197960553911
76561197960553912
76561197960553913
76561197960553914
76561197960553915
76561197960553916
76561197960553917
76561197960553919
76561197960553920
76561197960553922
76561197960553924
76561197960553925
76561197960553927
76561197960553928
76561197960553929
76561197960553930
76561197960553932
76561197960553934
76561197960553935
76561197960553936
76561197960553937
76561197960553938
76561197960553939
76561197960553940
76561197960553941
76561197960553942
76561197960553943
76561197960553945
76561197960553946
76561197960553947
76561197960553948
76561197960553950
76561197960553953
76561197960553954
76561197960553956
76561197960553957
76561197960553958
76561197960553961
76561197960553962
76561197960553965
76561197960553966
76561197960553967
76561197960553969
76561197960553970
76561197960553971
76561197960553972
76561197960553973
76561197960553974
76561197960553975
76561197960553976
76561197960553977
76561197960553978
76561197960553979
76561197960553980
76561197960553981
76561197960553982
76561197960553983
76561197960553984
76561197960553985
76561197960553989
76561197960553991
76561197960553993
76561197960553995
76561197960553996
76561197960553997
76561197960553999
76561197960554000
76561197960554001
76561197960554002
76561197960554003
76561197960554004
76561197960554007
76561197960554009
76561197960554010
76561197960554011
76561197960554012
76561197960554013
76561197960554014
76561197960554015
76561197960554016
76561197960554017
76561197960554018
76561197960554019
76561197960554020
76561197960554022
76561197960554023
76561197960554024
76561197960554025
76561197960554027
76561197960554028
76561197960554029
76561197960554031
76561197960554033
76561197960554034
76561197960554036
76561197960554037
76561197960554038
76561197960554040
76561197960554041
76561197960554043
76561197960554046
76561197960554047
76561197960554048
76561197960554049
76561197960554050
76561197960554052
76561197960554053
76561197960554055
76561197960554056
76561197960554057
76561197960554059
76561197960554060
76561197960554061
76561197960554062
76561197960554063
76561197960554066
76561197960554067
76561197960554068
76561197960554070
76561197960554072
76561197960554073
76561197960554074
76561197960554077
76561197960554078
76561197960554079
76561197960554081
76561197960554082
76561197960554084
76561197960554085
76561197960554087
76561197960554088
76561197960554090
76561197960554091
76561197960554092
76561197960554093
76561197960554094
76561197960554095
76561197960554098
76561197960554099
76561197960554100
76561197960554101
76561197960554102
76561197960554104
76561197960554106
76561197960554107
76561197960554108
76561197960554114
76561197960554115
76561197960554116
76561197960554117
76561197960554118
76561197960554119
76561197960554121
76561197960554122
76561197960554123
76561197960554124
76561197960554126
76561197960554127
76561197960554128
76561197960554129
76561197960554130
76561197960554132
76561197960554133
76561197960554134
76561197960554136
76561197960554139
76561197960554140
76561197960554141
76561197960554143
76561197960554144
76561197960554145
76561197960554146
76561197960554148
76561197960554149
76561197960554151
76561197960554153
76561197960554154
76561197960554155
76561197960554156
76561197960554157
76561197960554158
76561197960554159
76561197960554160
76561197960554161
76561197960554164
76561197960554165
76561197960554166
76561197960554167
76561197960554169
76561197960554170
76561197960554171
76561197960554174
76561197960554175
76561197960554176
76561197960554177
76561197960554178
76561197960554180
76561197960554184
76561197960554186
76561197960554188
76561197960554189
76561197960554190
76561197960554191
76561197960554192
76561197960554193
76561197960554195
76561197960554196
76561197960554197
76561197960554198
76561197960554199
76561197960554200
76561197960554202
76561197960554203
76561197960554204
76561197960554205
76561197960554207
76561197960554208
76561197960554209
76561197960554211
76561197960554212
76561197960554214
76561197960554215
76561197960554216
76561197960554217
76561197960554218
76561197960554220
76561197960554221
76561197960554223
76561197960554224
76561197960554225
76561197960554226
76561197960554228
76561197960554230
76561197960554231
76561197960554232
76561197960554233
76561197960554235
76561197960554236
76561197960554238
76561197960554239
76561197960554241
76561197960554242
76561197960554243
76561197960554244
76561197960554245
76561197960554246
76561197960554247
76561197960554248
76561197960554249
76561197960554250
76561197960554251
76561197960554252
76561197960554253
76561197960554254
76561197960554255
76561197960554256
76561197960554258
76561197960554262
76561197960554264
76561197960554265
76561197960554266
76561197960554267
76561197960554269
76561197960554270
76561197960554271
76561197960554272
76561197960554273
76561197960554274
76561197960554275
76561197960554276
76561197960554277
76561197960554278
76561197960554281
76561197960554282
76561197960554283
76561197960554284
76561197960554285
76561197960554286
76561197960554288
76561197960554290
76561197960554291
76561197960554293
76561197960554295
76561197960554298
76561197960554300
76561197960554301
76561197960554302
76561197960554303
76561197960554305
76561197960554306
76561197960554307
76561197960554309
76561197960554310
76561197960554311
76561197960554312
76561197960554313
76561197960554315
76561197960554316
76561197960554317
76561197960554318
76561197960554319
76561197960554320
76561197960554322
76561197960554324
76561197960554325
76561197960554326
76561197960554327
76561197960554328
76561197960554331
76561197960554332
76561197960554333
76561197960554334
76561197960554335
76561197960554338
76561197960554339
76561197960554341
76561197960554342
76561197960554343
76561197960554344
76561197960554345
76561197960554346
76561197960554347
76561197960554348
76561197960554349
76561197960554350
76561197960554351
76561197960554352
76561197960554353
76561197960554354
76561197960554355
76561197960554356
76561197960554357
76561197960554358
76561197960554361
76561197960554362
76561197960554364
76561197960554365
76561197960554366
76561197960554367
76561197960554368
76561197960554369
76561197960554371
76561197960554372
76561197960554373
76561197960554374
76561197960554375
76561197960554376
76561197960554377
76561197960554380
76561197960554381
76561197960554383
76561197960554384
76561197960554386
76561197960554388
76561197960554389
76561197960554391
76561197960554392
76561197960554395
76561197960554397
76561197960554402
76561197960554403
76561197960554406
76561197960554407
76561197960554408
76561197960554410
76561197960554411
76561197960554412
76561197960554413
76561197960554415
76561197960554417
76561197960554418
76561197960554419
76561197960554421
76561197960554422
76561197960554423
76561197960554424
76561197960554425
76561197960554426
76561197960554427
76561197960554429
76561197960554430
76561197960554431
76561197960554432
76561197960554433
76561197960554434
76561197960554435
76561197960554437
76561197960554438
76561197960554439
76561197960554440
76561197960554442
76561197960554443
76561197960554444
76561197960554445
76561197960554446
76561197960554447
76561197960554448
76561197960554449
76561197960554451
76561197960554452
76561197960554453
76561197960554454
76561197960554455
76561197960554456
76561197960554457
76561197960554459
76561197960554460
76561197960554461
76561197960554462
76561197960554463
76561197960554464
76561197960554465
76561197960554466
76561197960554467
76561197960554468
76561197960554470
76561197960554471
76561197960554473
76561197960554475
76561197960554476
76561197960554477
76561197960554478
76561197960554479
76561197960554480
76561197960554481
76561197960554482
76561197960554484
76561197960554485
76561197960554486
76561197960554487
76561197960554489
76561197960554490
76561197960554491
76561197960554494
76561197960554496
76561197960554497
76561197960554498
76561197960554499
76561197960554500
76561197960554501
76561197960554502
76561197960554503
76561197960554504
76561197960554505
76561197960554506
76561197960554508
76561197960554510
76561197960554511
76561197960554512
76561197960554513
76561197960554514
76561197960554515
76561197960554516
76561197960554518
76561197960554519
76561197960554520
76561197960554521
76561197960554523
76561197960554524
76561197960554525
76561197960554528
76561197960554530
76561197960554531
76561197960554532
76561197960554533
76561197960554534
76561197960554535
76561197960554537
76561197960554538
76561197960554539
76561197960554540
76561197960554543
76561197960554544
76561197960554546
76561197960554548
76561197960554549
76561197960554550
76561197960554551
76561197960554552
76561197960554553
76561197960554554
76561197960554555
76561197960554557
76561197960554558
76561197960554559
76561197960554560
76561197960554561
76561197960554562
76561197960554563
76561197960554565
76561197960554566
76561197960554567
76561197960554568
76561197960554569
76561197960554570
76561197960554571
76561197960554572
76561197960554576
76561197960554577
76561197960554578
76561197960554579
76561197960554580
76561197960554581
76561197960554582
76561197960554584
76561197960554585
76561197960554587
76561197960554588
76561197960554589
76561197960554590
76561197960554591
76561197960554592
76561197960554593
76561197960554594
76561197960554596
76561197960554599
76561197960554600
76561197960554603
76561197960554604
76561197960554605
76561197960554606
76561197960554609
76561197960554610
76561197960554611
76561197960554612
76561197960554613
76561197960554615
76561197960554616
76561197960554617
76561197960554618
76561197960554619
76561197960554620
76561197960554622
76561197960554623
76561197960554624
76561197960554625
76561197960554626
76561197960554627
76561197960554629
76561197960554630
76561197960554632
76561197960554633
76561197960554634
76561197960554635
76561197960554636
76561197960554637
76561197960554638
76561197960554639
76561197960554640
76561197960554642
76561197960554644
76561197960554645
76561197960554646
76561197960554647
76561197960554648
76561197960554649
76561197960554650
76561197960554651
76561197960554652
76561197960554653
76561197960554654
76561197960554655
76561197960554656
76561197960554657
76561197960554658
76561197960554659
76561197960554660
76561197960554661
76561197960554663
76561197960554664
76561197960554665
76561197960554666
76561197960554667
76561197960554668
76561197960554670
76561197960554672
76561197960554673
76561197960554674
76561197960554675
76561197960554676
76561197960554678
76561197960554679
76561197960554680
76561197960554682
76561197960554683
76561197960554684
76561197960554685
76561197960554688
76561197960554689
76561197960554690
76561197960554691
76561197960554692
76561197960554693
76561197960554694
76561197960554695
76561197960554696
76561197960554697
76561197960554698
76561197960554699
76561197960554700
76561197960554701
76561197960554702
76561197960554703
76561197960554707
76561197960554708
76561197960554710
76561197960554711
76561197960554712
76561197960554714
76561197960554715
76561197960554717
76561197960554718
76561197960554719
76561197960554720
76561197960554721
76561197960554722
76561197960554724
76561197960554725
76561197960554726
76561197960554727
76561197960554728
76561197960554729
76561197960554730
76561197960554731
76561197960554732
76561197960554733
76561197960554734
76561197960554736
76561197960554737
76561197960554739
76561197960554740
76561197960554741
76561197960554743
76561197960554744
76561197960554745
76561197960554746
76561197960554749
76561197960554750
76561197960554751
76561197960554752
76561197960554754
76561197960554755
76561197960554757
76561197960554758
76561197960554760
76561197960554761
76561197960554762
76561197960554763
76561197960554764
76561197960554766
76561197960554767
76561197960554768
76561197960554769
76561197960554770
76561197960554771
76561197960554772
76561197960554773
76561197960554774
76561197960554775
76561197960554776
76561197960554777
76561197960554779
76561197960554782
76561197960554783
76561197960554784
76561197960554785
76561197960554786
76561197960554787
76561197960554788
76561197960554789
76561197960554791
76561197960554792
76561197960554794
76561197960554796
76561197960554797
76561197960554799
76561197960554800
76561197960554801
76561197960554802
76561197960554803
76561197960554804
76561197960554805
76561197960554806
76561197960554807
76561197960554808
76561197960554809
76561197960554810
76561197960554811
76561197960554812
76561197960554813
76561197960554814
76561197960554815
76561197960554816
76561197960554818
76561197960554819
76561197960554820
76561197960554822
76561197960554823
76561197960554824
76561197960554827
76561197960554828
76561197960554829
76561197960554830
76561197960554831
76561197960554832
76561197960554833
76561197960554834
76561197960554836
76561197960554837
76561197960554838
76561197960554839
76561197960554840
76561197960554841
76561197960554842
76561197960554843
76561197960554846
76561197960554847
76561197960554849
76561197960554850
76561197960554852
76561197960554853
76561197960554854
76561197960554855
76561197960554856
76561197960554857
76561197960554859
76561197960554863
76561197960554864
76561197960554865
76561197960554866
76561197960554867
76561197960554868
76561197960554870
76561197960554871
76561197960554872
76561197960554873
76561197960554874
76561197960554875
76561197960554876
76561197960554877
76561197960554878
76561197960554880
76561197960554881
76561197960554882
76561197960554885
76561197960554886
76561197960554887
76561197960554889
76561197960554892
76561197960554893
76561197960554896
76561197960554897
76561197960554898
76561197960554900
76561197960554901
76561197960554902
76561197960554903
76561197960554904
76561197960554905
76561197960554906
76561197960554910
76561197960554911
76561197960554912
76561197960554913
76561197960554914
76561197960554915
76561197960554916
76561197960554917
76561197960554918
76561197960554920
76561197960554921
76561197960554922
76561197960554923
76561197960554924
76561197960554926
76561197960554928
76561197960554929
76561197960554930
76561197960554931
76561197960554932
76561197960554933
76561197960554934
76561197960554935
76561197960554937
76561197960554939
76561197960554941
76561197960554942
76561197960554944
76561197960554945
76561197960554947
76561197960554948
76561197960554952
76561197960554953
76561197960554955
76561197960554956
76561197960554958
76561197960554960
76561197960554961
76561197960554962
76561197960554963
76561197960554964
76561197960554966
76561197960554968
76561197960554969
76561197960554971
76561197960554972
76561197960554973
76561197960554974
76561197960554975
76561197960554976
76561197960554977
76561197960554978
76561197960554979
76561197960554980
76561197960554981
76561197960554982
76561197960554983
76561197960554984
76561197960554986
76561197960554987
76561197960554988
76561197960554989
76561197960554990
76561197960554991
76561197960554993
76561197960554994
76561197960554996
76561197960554997
76561197960554998
76561197960554999
76561197960555000
76561197960555002
76561197960555003
76561197960555004
76561197960555005
76561197960555006
76561197960555007
76561197960555008
76561197960555009
76561197960555011
76561197960555012
76561197960555013
76561197960555015
76561197960555016
76561197960555017
76561197960555019
76561197960555020
76561197960555021
76561197960555022
76561197960555023
76561197960555024
76561197960555025
76561197960555026
76561197960555028
76561197960555029
76561197960555030
76561197960555032
76561197960555033
76561197960555034
76561197960555035
76561197960555036
76561197960555037
76561197960555038
76561197960555040
76561197960555041
76561197960555042
76561197960555043
76561197960555044
76561197960555045
76561197960555046
76561197960555047
76561197960555048
76561197960555050
76561197960555051
76561197960555052
76561197960555054
76561197960555055
76561197960555056
76561197960555057
76561197960555058
76561197960555061
76561197960555062
76561197960555064
76561197960555065
76561197960555066
76561197960555067
76561197960555068
76561197960555069
76561197960555070
76561197960555071
76561197960555072
76561197960555073
76561197960555075
76561197960555076
76561197960555077
76561197960555078
76561197960555079
76561197960555082
76561197960555083
76561197960555084
76561197960555086
76561197960555087
76561197960555088
76561197960555089
76561197960555090
76561197960555091
76561197960555092
76561197960555093
76561197960555094
76561197960555095
76561197960555096
76561197960555097
76561197960555098
76561197960555099
76561197960555100
76561197960555102
76561197960555103
76561197960555104
76561197960555105
76561197960555106
76561197960555108
76561197960555109
76561197960555110
76561197960555111
