76561197961275318
76561197961275319
76561197961275322
76561197961275325
76561197961275326
76561197961275327
76561197961275328
76561197961275329
76561197961275330
76561197961275331
76561197961275332
76561197961275333
76561197961275334
76561197961275335
76561197961275336
76561197961275338
76561197961275339
76561197961275343
76561197961275350
76561197961275351
76561197961275355
76561197961275357
76561197961275359
76561197961275360
76561197961275363
76561197961275366
76561197961275367
76561197961275370
76561197961275372
76561197961275373
76561197961275374
76561197961275375
76561197961275379
76561197961275381
76561197961275383
76561197961275387
76561197961275388
76561197961275389
76561197961275393
76561197961275394
76561197961275395
76561197961275396
76561197961275397
76561197961275398
76561197961275399
76561197961275400
76561197961275401
76561197961275402
76561197961275406
76561197961275407
76561197961275408
76561197961275409
76561197961275410
76561197961275411
76561197961275412
76561197961275413
76561197961275417
76561197961275418
76561197961275420
76561197961275421
76561197961275423
76561197961275424
76561197961275425
76561197961275428
76561197961275431
76561197961275433
76561197961275434
76561197961275437
76561197961275439
76561197961275441
76561197961275443
76561197961275444
76561197961275446
76561197961275447
76561197961275448
76561197961275449
76561197961275453
76561197961275455
76561197961275456
76561197961275457
76561197961275460
76561197961275463
76561197961275464
76561197961275466
76561197961275467
76561197961275468
76561197961275470
76561197961275471
76561197961275475
76561197961275477
76561197961275479
76561197961275480
76561197961275481
76561197961275483
76561197961275484
76561197961275485
76561197961275486
76561197961275487
76561197961275488
76561197961275490
76561197961275491
76561197961275492
76561197961275494
76561197961275499
76561197961275502
76561197961275503
76561197961275507
76561197961275508
76561197961275510
76561197961275513
76561197961275514
76561197961275515
76561197961275516
76561197961275519
76561197961275520
76561197961275521
76561197961275522
76561197961275523
76561197961275524
76561197961275526
76561197961275527
76561197961275529
76561197961275530
76561197961275534
76561197961275535
76561197961275537
76561197961275540
76561197961275541
76561197961275542
76561197961275543
76561197961275544
76561197961275546
76561197961275547
76561197961275549
76561197961275550
76561197961275553
76561197961275554
76561197961275555
76561197961275556
76561197961275559
76561197961275560
76561197961275561
76561197961275562
76561197961275563
76561197961275566
76561197961275567
76561197961275568
76561197961275571
76561197961275572
76561197961275574
76561197961275576
76561197961275577
76561197961275581
76561197961275582
76561197961275585
76561197961275586
76561197961275587
76561197961275591
76561197961275593
76561197961275594
76561197961275595
76561197961275598
76561197961275599
76561197961275600
76561197961275601
76561197961275602
76561197961275604
76561197961275606
76561197961275608
76561197961275613
76561197961275615
76561197961275617
76561197961275619
76561197961275620
76561197961275621
76561197961275626
76561197961275627
76561197961275628
76561197961275629
76561197961275630
76561197961275632
76561197961275633
76561197961275634
76561197961275637
76561197961275638
76561197961275640
76561197961275641
76561197961275642
76561197961275646
76561197961275648
76561197961275649
76561197961275650
76561197961275652
76561197961275653
76561197961275656
76561197961275660
76561197961275665
76561197961275669
76561197961275672
76561197961275674
76561197961275675
76561197961275677
76561197961275679
76561197961275680
76561197961275681
76561197961275683
76561197961275684
76561197961275685
76561197961275687
76561197961275688
76561197961275690
76561197961275692
76561197961275693
76561197961275694
76561197961275696
76561197961275701
76561197961275705
76561197961275706
76561197961275707
76561197961275708
76561197961275711
76561197961275712
76561197961275715
76561197961275716
76561197961275718
76561197961275719
76561197961275723
76561197961275725
76561197961275726
76561197961275727
76561197961275729
76561197961275730
76561197961275737
76561197961275739
76561197961275740
76561197961275743
76561197961275744
76561197961275745
76561197961275746
76561197961275749
76561197961275751
76561197961275752
76561197961275753
76561197961275754
76561197961275755
76561197961275756
76561197961275759
76561197961275760
76561197961275762
76561197961275764
76561197961275766
76561197961275767
76561197961275768
76561197961275769
76561197961275770
76561197961275778
76561197961275779
76561197961275782
76561197961275784
76561197961275786
76561197961275787
76561197961275790
76561197961275791
76561197961275792
76561197961275797
76561197961275799
76561197961275802
76561197961275803
76561197961275805
76561197961275806
76561197961275811
76561197961275815
76561197961275818
76561197961275819
76561197961275821
76561197961275823
76561197961275825
76561197961275826
76561197961275827
76561197961275828
76561197961275830
76561197961275833
76561197961275834
76561197961275835
76561197961275837
76561197961275838
76561197961275840
76561197961275841
76561197961275842
76561197961275843
76561197961275844
76561197961275846
76561197961275847
76561197961275850
76561197961275854
76561197961275855
76561197961275857
76561197961275858
76561197961275860
76561197961275864
76561197961275865
76561197961275869
76561197961275870
76561197961275871
76561197961275872
76561197961275873
76561197961275879
76561197961275880
76561197961275882
76561197961275883
76561197961275885
76561197961275886
76561197961275888
76561197961275890
76561197961275891
76561197961275897
76561197961275899
76561197961275901
76561197961275903
76561197961275904
76561197961275906
76561197961275908
76561197961275909
76561197961275910
76561197961275912
76561197961275917
76561197961275925
76561197961275927
76561197961275929
76561197961275931
76561197961275935
76561197961275936
76561197961275944
76561197961275945
76561197961275947
76561197961275948
76561197961275950
76561197961275951
76561197961275953
76561197961275955
76561197961275956
76561197961275957
76561197961275960
76561197961275963
76561197961275966
76561197961275969
76561197961275970
76561197961275971
76561197961275972
76561197961275973
76561197961275974
76561197961275976
76561197961275979
76561197961275982
76561197961275983
76561197961275984
76561197961275989
76561197961275991
76561197961275995
76561197961275996
76561197961275998
76561197961276001
76561197961276004
76561197961276006
76561197961276009
76561197961276011
76561197961276012
76561197961276013
76561197961276015
76561197961276023
76561197961276028
76561197961276039
76561197961276040
76561197961276041
76561197961276043
76561197961276044
76561197961276045
76561197961276047
76561197961276049
76561197961276050
76561197961276052
76561197961276055
76561197961276056
76561197961276060
76561197961276061
76561197961276062
76561197961276063
76561197961276064
76561197961276065
76561197961276067
76561197961276069
76561197961276074
76561197961276079
76561197961276081
76561197961276083
76561197961276084
76561197961276085
76561197961276089
76561197961276090
76561197961276091
76561197961276098
76561197961276099
76561197961276100
76561197961276102
76561197961276103
76561197961276108
76561197961276109
76561197961276112
76561197961276113
76561197961276114
76561197961276115
76561197961276116
76561197961276118
76561197961276123
76561197961276124
76561197961276125
76561197961276128
76561197961276129
76561197961276131
76561197961276132
76561197961276137
76561197961276140
76561197961276141
76561197961276144
76561197961276151
76561197961276153
76561197961276154
76561197961276155
76561197961276156
76561197961276159
76561197961276160
76561197961276162
76561197961276163
76561197961276164
76561197961276166
76561197961276167
76561197961276168
76561197961276170
76561197961276176
76561197961276177
76561197961276178
76561197961276181
76561197961276182
76561197961276183
76561197961276185
76561197961276186
76561197961276188
76561197961276189
76561197961276202
76561197961276208
76561197961276214
76561197961276216
76561197961276236
76561197961276238
76561197961276242
76561197961276244
76561197961276248
76561197961276250
76561197961276252
76561197961276254
76561197961276256
76561197961276258
76561197961276260
76561197961276264
76561197961276270
76561197961276274
76561197961276276
76561197961276288
76561197961276290
76561197961276294
76561197961276298
76561197961276300
76561197961276302
76561197961276304
76561197961276310
76561197961276312
76561197961276316
76561197961276320
76561197961276322
76561197961276326
76561197961276328
76561197961276330
76561197961276332
76561197961276334
76561197961276338
76561197961276340
76561197961276342
76561197961276346
76561197961276348
76561197961276350
76561197961276358
76561197961276362
76561197961276364
76561197961276366
76561197961276368
76561197961276372
76561197961276374
76561197961276376
76561197961276378
76561197961276380
76561197961276384
76561197961276388
76561197961276390
76561197961276396
76561197961276398
76561197961276402
76561197961276404
76561197961276406
76561197961276412
76561197961276416
76561197961276418
76561197961276420
76561197961276422
76561197961276424
76561197961276426
76561197961276430
76561197961276436
76561197961276442
76561197961276444
76561197961276448
76561197961276456
76561197961276466
76561197961276468
76561197961276472
76561197961276476
76561197961276478
76561197961276480
76561197961276482
76561197961276486
76561197961276488
76561197961276492
76561197961276498
76561197961276500
76561197961276502
76561197961276504
76561197961276508
76561197961276514
76561197961276516
76561197961276522
76561197961276524
76561197961276528
76561197961276530
76561197961276532
76561197961276534
76561197961276538
76561197961276540
76561197961276542
76561197961276546
76561197961276548
76561197961276554
76561197961276558
76561197961276560
76561197961276564
76561197961276566
76561197961276570
76561197961276578
76561197961276580
76561197961276584
76561197961276586
76561197961276588
76561197961276592
76561197961276594
76561197961276602
76561197961276604
76561197961276610
76561197961276612
76561197961276620
76561197961276624
76561197961276626
76561197961276628
76561197961276630
76561197961276632
76561197961276634
76561197961276636
76561197961276640
76561197961276644
76561197961276646
76561197961276648
76561197961276656
76561197961276660
76561197961276668
76561197961276670
76561197961276672
76561197961276674
76561197961276676
76561197961276678
76561197961276682
76561197961276684
76561197961276686
76561197961276690
76561197961276694
76561197961276696
76561197961276698
76561197961276700
76561197961276702
76561197961276704
76561197961276710
76561197961276714
76561197961276716
76561197961276718
76561197961276720
76561197961276728
76561197961276734
76561197961276736
76561197961276758
76561197961276760
76561197961276768
76561197961276770
76561197961276776
76561197961276780
76561197961276782
76561197961276784
76561197961276786
76561197961276790
76561197961276794
76561197961276796
76561197961276800
76561197961276802
76561197961276808
76561197961276812
76561197961276822
76561197961276824
76561197961276826
76561197961276828
76561197961276832
76561197961276834
76561197961276836
76561197961276840
76561197961276842
76561197961276846
76561197961276848
76561197961276850
76561197961276862
76561197961276870
76561197961276872
76561197961276876
76561197961276878
76561197961276882
76561197961276884
76561197961276886
76561197961276888
76561197961276890
76561197961276894
76561197961276896
76561197961276906
76561197961276910
76561197961276912
76561197961276916
76561197961276922
76561197961276923
76561197961276924
76561197961276926
76561197961276927
76561197961276929
76561197961276932
76561197961276933
76561197961276934
76561197961276935
76561197961276938
76561197961276939
76561197961276942
76561197961276943
76561197961276944
76561197961276946
76561197961276947
76561197961276949
76561197961276950
76561197961276954
76561197961276955
76561197961276958
76561197961276960
76561197961276961
76561197961276964
76561197961276966
76561197961276968
76561197961276970
76561197961276971
76561197961276973
76561197961276975
76561197961276977
76561197961276978
76561197961276980
76561197961276981
76561197961276982
76561197961276984
76561197961276992
76561197961276994
76561197961276995
76561197961276996
76561197961276998
76561197961277002
76561197961277003
76561197961277004
76561197961277005
76561197961277006
76561197961277009
76561197961277015
76561197961277016
76561197961277017
76561197961277019
76561197961277023
76561197961277025
76561197961277026
76561197961277027
76561197961277032
76561197961277037
76561197961277041
76561197961277042
76561197961277043
76561197961277044
76561197961277046
76561197961277048
76561197961277049
76561197961277051
76561197961277054
76561197961277055
76561197961277057
76561197961277058
76561197961277062
76561197961277063
76561197961277064
76561197961277070
76561197961277071
76561197961277072
76561197961277074
76561197961277079
76561197961277080
76561197961277081
76561197961277082
76561197961277083
76561197961277084
76561197961277086
76561197961277087
76561197961277088
76561197961277089
76561197961277090
76561197961277091
76561197961277092
76561197961277097
76561197961277098
76561197961277100
76561197961277101
76561197961277103
76561197961277104
76561197961277105
76561197961277106
76561197961277108
76561197961277110
76561197961277113
76561197961277115
76561197961277116
76561197961277117
76561197961277118
76561197961277119
76561197961277124
76561197961277127
76561197961277128
76561197961277129
76561197961277130
76561197961277131
76561197961277133
76561197961277134
76561197961277135
76561197961277137
76561197961277139
76561197961277140
76561197961277142
76561197961277147
76561197961277149
76561197961277151
76561197961277152
76561197961277153
76561197961277155
76561197961277158
76561197961277159
76561197961277160
76561197961277162
76561197961277163
76561197961277164
76561197961277165
76561197961277166
76561197961277169
76561197961277170
76561197961277171
76561197961277174
76561197961277175
76561197961277176
76561197961277180
76561197961277181
76561197961277182
76561197961277188
76561197961277189
76561197961277195
76561197961277196
76561197961277197
76561197961277198
76561197961277199
76561197961277200
76561197961277203
76561197961277205
76561197961277206
76561197961277209
76561197961277211
76561197961277212
76561197961277214
76561197961277216
76561197961277217
76561197961277218
76561197961277219
76561197961277223
76561197961277224
76561197961277226
76561197961277228
76561197961277229
76561197961277230
76561197961277231
76561197961277232
76561197961277234
76561197961277235
76561197961277237
76561197961277241
76561197961277242
76561197961277243
76561197961277246
76561197961277247
76561197961277248
76561197961277249
76561197961277252
76561197961277253
76561197961277257
76561197961277258
76561197961277259
76561197961277263
76561197961277264
76561197961277268
76561197961277269
76561197961277270
76561197961277272
76561197961277273
76561197961277275
76561197961277277
76561197961277279
76561197961277280
76561197961277281
76561197961277283
76561197961277287
76561197961277289
76561197961277290
76561197961277292
76561197961277293
76561197961277294
76561197961277295
76561197961277297
76561197961277299
76561197961277301
76561197961277302
76561197961277303
76561197961277305
76561197961277307
76561197961277309
76561197961277310
76561197961277311
76561197961277312
76561197961277313
76561197961277314
76561197961277316
76561197961277317
76561197961277318
76561197961277320
76561197961277321
76561197961277322
76561197961277324
76561197961277330
76561197961277331
76561197961277333
76561197961277334
76561197961277335
76561197961277336
76561197961277337
76561197961277338
76561197961277342
76561197961277345
76561197961277346
76561197961277349
76561197961277350
76561197961277352
76561197961277353
76561197961277356
76561197961277358
76561197961277360
76561197961277361
76561197961277362
76561197961277365
76561197961277366
76561197961277368
76561197961277369
76561197961277371
76561197961277373
76561197961277374
76561197961277375
76561197961277378
76561197961277380
76561197961277381
76561197961277385
76561197961277387
76561197961277388
76561197961277389
76561197961277390
76561197961277391
76561197961277393
76561197961277394
76561197961277395
76561197961277396
76561197961277397
76561197961277398
76561197961277400
76561197961277402
76561197961277404
76561197961277407
76561197961277408
76561197961277409
76561197961277410
76561197961277414
76561197961277415
76561197961277416
76561197961277417
76561197961277418
76561197961277419
76561197961277422
76561197961277423
76561197961277425
76561197961277426
76561197961277427
76561197961277429
76561197961277430
76561197961277432
76561197961277433
76561197961277434
76561197961277438
76561197961277440
76561197961277441
76561197961277443
76561197961277445
76561197961277448
76561197961277449
76561197961277450
76561197961277451
76561197961277452
76561197961277454
76561197961277455
76561197961277456
76561197961277457
76561197961277458
76561197961277462
76561197961277463
76561197961277466
76561197961277467
76561197961277471
76561197961277472
76561197961277482
76561197961277483
76561197961277484
76561197961277485
76561197961277486
76561197961277487
76561197961277488
76561197961277489
76561197961277490
76561197961277491
76561197961277492
76561197961277494
76561197961277496
76561197961277498
76561197961277502
76561197961277503
76561197961277504
76561197961277505
76561197961277506
76561197961277507
76561197961277508
76561197961277509
76561197961277511
76561197961277512
76561197961277515
76561197961277517
76561197961277518
76561197961277519
76561197961277522
76561197961277524
76561197961277525
76561197961277526
76561197961277528
76561197961277530
76561197961277531
76561197961277532
76561197961277534
76561197961277536
76561197961277538
76561197961277539
76561197961277540
