76561197960955027
76561197960955029
76561197960955030
76561197960955033
76561197960955034
76561197960955035
76561197960955038
76561197960955039
76561197960955040
76561197960955041
76561197960955043
76561197960955044
76561197960955045
76561197960955048
76561197960955049
76561197960955051
76561197960955054
76561197960955055
76561197960955056
76561197960955057
76561197960955062
76561197960955064
76561197960955065
76561197960955066
76561197960955067
76561197960955070
76561197960955071
76561197960955072
76561197960955073
76561197960955075
76561197960955076
76561197960955077
76561197960955079
76561197960955081
76561197960955083
76561197960955084
76561197960955086
76561197960955087
76561197960955088
76561197960955089
76561197960955090
76561197960955091
76561197960955093
76561197960955094
76561197960955095
76561197960955097
76561197960955101
76561197960955102
76561197960955103
76561197960955105
76561197960955107
76561197960955108
76561197960955109
76561197960955111
76561197960955113
76561197960955114
76561197960955118
76561197960955120
76561197960955121
76561197960955122
76561197960955123
76561197960955124
76561197960955125
76561197960955126
76561197960955128
76561197960955129
76561197960955130
76561197960955132
76561197960955133
76561197960955134
76561197960955135
76561197960955136
76561197960955137
76561197960955138
76561197960955139
76561197960955142
76561197960955143
76561197960955144
76561197960955146
76561197960955148
76561197960955149
76561197960955151
76561197960955152
76561197960955155
76561197960955156
76561197960955157
76561197960955158
76561197960955159
76561197960955162
76561197960955163
76561197960955164
76561197960955165
76561197960955166
76561197960955167
76561197960955171
76561197960955172
76561197960955174
76561197960955176
76561197960955177
76561197960955179
76561197960955182
76561197960955183
76561197960955185
76561197960955188
76561197960955190
76561197960955192
76561197960955193
76561197960955194
76561197960955196
76561197960955197
76561197960955198
76561197960955200
76561197960955201
76561197960955203
76561197960955207
76561197960955208
76561197960955209
76561197960955210
76561197960955211
76561197960955213
76561197960955214
76561197960955215
76561197960955216
76561197960955217
76561197960955220
76561197960955221
76561197960955222
76561197960955223
76561197960955225
76561197960955227
76561197960955229
76561197960955230
76561197960955231
76561197960955233
76561197960955234
76561197960955235
76561197960955236
76561197960955238
76561197960955239
76561197960955240
76561197960955241
76561197960955242
76561197960955244
76561197960955246
76561197960955247
76561197960955248
76561197960955250
76561197960955253
76561197960955254
76561197960955255
76561197960955257
76561197960955258
76561197960955259
76561197960955260
76561197960955261
76561197960955262
76561197960955265
76561197960955266
76561197960955269
76561197960955270
76561197960955274
76561197960955275
76561197960955276
76561197960955278
76561197960955284
76561197960955287
76561197960955288
76561197960955291
76561197960955295
76561197960955296
76561197960955297
76561197960955298
76561197960955299
76561197960955301
76561197960955303
76561197960955304
76561197960955306
76561197960955309
76561197960955311
76561197960955313
76561197960955314
76561197960955315
76561197960955316
76561197960955317
76561197960955318
76561197960955319
76561197960955320
76561197960955321
76561197960955322
76561197960955323
76561197960955325
76561197960955326
76561197960955327
76561197960955328
76561197960955329
76561197960955330
76561197960955332
76561197960955334
76561197960955335
76561197960955337
76561197960955339
76561197960955341
76561197960955343
76561197960955344
76561197960955346
76561197960955348
76561197960955349
76561197960955350
76561197960955351
76561197960955352
76561197960955353
76561197960955354
76561197960955355
76561197960955358
76561197960955360
76561197960955361
76561197960955362
76561197960955364
76561197960955365
76561197960955366
76561197960955368
76561197960955370
76561197960955372
76561197960955373
76561197960955374
76561197960955375
76561197960955376
76561197960955378
76561197960955379
76561197960955380
76561197960955381
76561197960955385
76561197960955389
76561197960955390
76561197960955391
76561197960955392
76561197960955393
76561197960955394
76561197960955395
76561197960955398
76561197960955399
76561197960955401
76561197960955402
76561197960955403
76561197960955404
76561197960955406
76561197960955407
76561197960955408
76561197960955409
76561197960955410
76561197960955411
76561197960955412
76561197960955413
76561197960955414
76561197960955416
76561197960955417
76561197960955419
76561197960955420
76561197960955421
76561197960955422
76561197960955423
76561197960955424
76561197960955425
76561197960955426
76561197960955429
76561197960955430
76561197960955431
76561197960955434
76561197960955435
76561197960955438
76561197960955439
76561197960955441
76561197960955442
76561197960955443
76561197960955445
76561197960955446
76561197960955449
76561197960955452
76561197960955454
76561197960955455
76561197960955456
76561197960955458
76561197960955459
76561197960955461
76561197960955462
76561197960955463
76561197960955464
76561197960955465
76561197960955466
76561197960955467
76561197960955468
76561197960955469
76561197960955471
76561197960955472
76561197960955473
76561197960955474
76561197960955475
76561197960955476
76561197960955477
76561197960955478
76561197960955479
76561197960955480
76561197960955481
76561197960955482
76561197960955486
76561197960955487
76561197960955488
76561197960955489
76561197960955491
76561197960955492
76561197960955493
76561197960955494
76561197960955495
76561197960955496
76561197960955497
76561197960955498
76561197960955499
76561197960955500
76561197960955503
76561197960955505
76561197960955506
76561197960955507
76561197960955509
76561197960955510
76561197960955513
76561197960955516
76561197960955517
76561197960955519
76561197960955520
76561197960955521
76561197960955522
76561197960955523
76561197960955524
76561197960955525
76561197960955527
76561197960955528
76561197960955529
76561197960955531
76561197960955532
76561197960955533
76561197960955535
76561197960955536
76561197960955537
76561197960955538
76561197960955541
76561197960955542
76561197960955543
76561197960955544
76561197960955545
76561197960955546
76561197960955547
76561197960955549
76561197960955550
76561197960955551
76561197960955552
76561197960955553
76561197960955554
76561197960955555
76561197960955558
76561197960955559
76561197960955561
76561197960955562
76561197960955563
76561197960955564
76561197960955565
76561197960955567
76561197960955568
76561197960955569
76561197960955571
76561197960955572
76561197960955573
76561197960955577
76561197960955578
76561197960955581
76561197960955583
76561197960955584
76561197960955585
76561197960955586
76561197960955588
76561197960955591
76561197960955592
76561197960955593
76561197960955595
76561197960955596
76561197960955601
76561197960955602
76561197960955603
76561197960955605
76561197960955607
76561197960955608
76561197960955613
76561197960955614
76561197960955615
76561197960955616
76561197960955619
76561197960955621
76561197960955622
76561197960955623
76561197960955624
76561197960955625
76561197960955626
76561197960955628
76561197960955629
76561197960955630
76561197960955631
76561197960955633
76561197960955634
76561197960955635
76561197960955639
76561197960955640
76561197960955641
76561197960955642
76561197960955643
76561197960955644
76561197960955649
76561197960955650
76561197960955651
76561197960955655
76561197960955657
76561197960955659
76561197960955661
76561197960955662
76561197960955663
76561197960955665
76561197960955667
76561197960955668
76561197960955669
76561197960955672
76561197960955676
76561197960955677
76561197960955679
76561197960955680
76561197960955681
76561197960955682
76561197960955685
76561197960955686
76561197960955687
76561197960955689
76561197960955690
76561197960955693
76561197960955695
76561197960955696
76561197960955698
76561197960955699
76561197960955701
76561197960955703
76561197960955704
76561197960955705
76561197960955707
76561197960955708
76561197960955709
76561197960955710
76561197960955712
76561197960955716
76561197960955717
76561197960955718
76561197960955719
76561197960955722
76561197960955723
76561197960955725
76561197960955727
76561197960955731
76561197960955733
76561197960955734
76561197960955736
76561197960955737
76561197960955739
76561197960955740
76561197960955741
76561197960955742
76561197960955743
76561197960955744
76561197960955747
76561197960955748
76561197960955750
76561197960955751
76561197960955752
76561197960955753
76561197960955754
76561197960955755
76561197960955757
76561197960955759
76561197960955760
76561197960955761
76561197960955765
76561197960955766
76561197960955767
76561197960955770
76561197960955772
76561197960955773
76561197960955774
76561197960955775
76561197960955777
76561197960955778
76561197960955780
76561197960955781
76561197960955785
76561197960955786
76561197960955787
76561197960955789
76561197960955790
76561197960955791
76561197960955793
76561197960955794
76561197960955795
76561197960955797
76561197960955799
76561197960955802
76561197960955805
76561197960955806
76561197960955807
76561197960955811
76561197960955813
76561197960955814
76561197960955815
76561197960955816
76561197960955817
76561197960955818
76561197960955819
76561197960955820
76561197960955821
76561197960955823
76561197960955824
76561197960955826
76561197960955827
76561197960955828
76561197960955829
76561197960955830
76561197960955831
76561197960955832
76561197960955833
76561197960955834
76561197960955835
76561197960955837
76561197960955840
76561197960955842
76561197960955843
76561197960955845
76561197960955846
76561197960955848
76561197960955849
76561197960955852
76561197960955853
76561197960955855
76561197960955856
76561197960955857
76561197960955858
76561197960955859
76561197960955861
76561197960955862
76561197960955864
76561197960955867
76561197960955869
76561197960955871
76561197960955872
76561197960955876
76561197960955878
76561197960955880
76561197960955882
76561197960955883
76561197960955884
76561197960955885
76561197960955886
76561197960955887
76561197960955889
76561197960955891
76561197960955895
76561197960955896
76561197960955898
76561197960955899
76561197960955904
76561197960955908
76561197960955910
76561197960955911
76561197960955912
76561197960955915
76561197960955917
76561197960955918
76561197960955919
76561197960955921
76561197960955922
76561197960955926
76561197960955927
76561197960955929
76561197960955931
76561197960955933
76561197960955934
76561197960955937
76561197960955938
76561197960955939
76561197960955940
76561197960955942
76561197960955943
76561197960955944
76561197960955945
76561197960955947
76561197960955948
76561197960955949
76561197960955950
76561197960955951
76561197960955955
76561197960955956
76561197960955957
76561197960955959
76561197960955960
76561197960955961
76561197960955962
76561197960955963
76561197960955968
76561197960955970
76561197960955971
76561197960955972
76561197960955974
76561197960955975
76561197960955977
76561197960955978
76561197960955979
76561197960955981
76561197960955982
76561197960955983
76561197960955984
76561197960955985
76561197960955986
76561197960955989
76561197960955990
76561197960955991
76561197960955993
76561197960955994
76561197960955997
76561197960956001
76561197960956002
76561197960956003
76561197960956004
76561197960956005
76561197960956009
76561197960956013
76561197960956014
76561197960956015
76561197960956017
76561197960956018
76561197960956023
76561197960956025
76561197960956026
76561197960956027
76561197960956028
76561197960956029
76561197960956030
76561197960956031
76561197960956032
76561197960956033
76561197960956034
76561197960956035
76561197960956036
76561197960956037
76561197960956040
76561197960956041
76561197960956042
76561197960956043
76561197960956044
76561197960956046
76561197960956047
76561197960956048
76561197960956049
76561197960956050
76561197960956051
76561197960956052
76561197960956053
76561197960956054
76561197960956055
76561197960956057
76561197960956059
76561197960956060
76561197960956061
76561197960956062
76561197960956064
76561197960956065
76561197960956066
76561197960956067
76561197960956068
76561197960956069
76561197960956070
76561197960956071
76561197960956072
76561197960956074
76561197960956077
76561197960956079
76561197960956080
76561197960956083
76561197960956085
76561197960956086
76561197960956088
76561197960956091
76561197960956093
76561197960956096
76561197960956098
76561197960956100
76561197960956101
76561197960956102
76561197960956103
76561197960956104
76561197960956105
76561197960956106
76561197960956107
76561197960956108
76561197960956109
76561197960956114
76561197960956115
76561197960956116
76561197960956117
76561197960956118
76561197960956119
76561197960956121
76561197960956123
76561197960956124
76561197960956125
76561197960956127
76561197960956128
76561197960956129
76561197960956130
76561197960956135
76561197960956136
76561197960956138
76561197960956139
76561197960956140
76561197960956145
76561197960956146
76561197960956148
76561197960956150
76561197960956151
76561197960956153
76561197960956155
76561197960956156
76561197960956157
76561197960956158
76561197960956159
76561197960956161
76561197960956162
76561197960956166
76561197960956167
76561197960956169
76561197960956170
76561197960956171
76561197960956172
76561197960956173
76561197960956174
76561197960956175
76561197960956177
76561197960956179
76561197960956181
76561197960956182
76561197960956185
76561197960956186
76561197960956187
76561197960956189
76561197960956190
76561197960956192
76561197960956193
76561197960956195
76561197960956196
76561197960956197
76561197960956200
76561197960956201
76561197960956203
76561197960956205
76561197960956206
76561197960956207
76561197960956208
76561197960956209
76561197960956210
76561197960956211
76561197960956212
76561197960956213
76561197960956216
76561197960956217
76561197960956218
76561197960956220
76561197960956221
76561197960956222
76561197960956224
76561197960956225
76561197960956226
76561197960956227
76561197960956228
76561197960956230
76561197960956232
76561197960956233
76561197960956235
76561197960956236
76561197960956237
76561197960956239
76561197960956240
76561197960956242
76561197960956246
76561197960956247
76561197960956248
76561197960956250
76561197960956251
76561197960956254
76561197960956256
76561197960956257
76561197960956258
76561197960956259
76561197960956260
76561197960956262
76561197960956263
76561197960956264
76561197960956266
76561197960956268
76561197960956272
76561197960956273
76561197960956275
76561197960956276
76561197960956279
76561197960956280
76561197960956281
76561197960956282
76561197960956284
76561197960956285
76561197960956286
76561197960956288
76561197960956289
76561197960956292
76561197960956293
76561197960956294
76561197960956297
76561197960956298
76561197960956299
76561197960956301
76561197960956302
76561197960956304
76561197960956305
76561197960956306
76561197960956307
76561197960956310
76561197960956311
76561197960956312
76561197960956315
76561197960956316
76561197960956317
76561197960956319
76561197960956321
76561197960956322
76561197960956323
76561197960956324
76561197960956325
76561197960956326
76561197960956327
76561197960956328
76561197960956329
76561197960956330
76561197960956331
76561197960956333
76561197960956337
76561197960956338
76561197960956341
76561197960956342
76561197960956343
76561197960956344
76561197960956345
76561197960956346
76561197960956349
76561197960956351
76561197960956352
76561197960956353
76561197960956354
76561197960956358
76561197960956359
76561197960956360
76561197960956361
76561197960956362
76561197960956363
76561197960956364
76561197960956365
76561197960956367
76561197960956368
76561197960956369
76561197960956371
76561197960956372
76561197960956373
76561197960956374
76561197960956375
76561197960956377
76561197960956378
76561197960956379
76561197960956380
76561197960956381
76561197960956383
76561197960956384
76561197960956385
76561197960956388
76561197960956389
76561197960956390
76561197960956393
76561197960956394
76561197960956396
76561197960956397
76561197960956398
76561197960956399
76561197960956402
76561197960956404
76561197960956405
76561197960956406
76561197960956407
76561197960956408
76561197960956409
76561197960956410
76561197960956411
76561197960956413
76561197960956415
76561197960956418
76561197960956419
76561197960956420
76561197960956421
76561197960956422
76561197960956423
76561197960956425
76561197960956426
76561197960956427
76561197960956428
76561197960956429
76561197960956430
76561197960956431
76561197960956432
76561197960956433
76561197960956439
76561197960956440
76561197960956441
76561197960956442
76561197960956444
76561197960956445
76561197960956446
76561197960956447
76561197960956448
76561197960956450
76561197960956451
76561197960956452
76561197960956453
76561197960956454
76561197960956455
76561197960956457
76561197960956462
76561197960956463
76561197960956467
76561197960956468
76561197960956471
76561197960956472
76561197960956476
76561197960956477
76561197960956478
76561197960956480
76561197960956481
76561197960956482
76561197960956483
76561197960956487
76561197960956488
76561197960956490
76561197960956491
76561197960956492
76561197960956493
76561197960956495
76561197960956496
76561197960956497
76561197960956499
76561197960956500
76561197960956501
76561197960956502
76561197960956503
76561197960956504
76561197960956505
76561197960956507
76561197960956508
76561197960956509
76561197960956511
76561197960956515
76561197960956517
76561197960956519
76561197960956520
76561197960956521
76561197960956523
76561197960956524
76561197960956525
76561197960956526
76561197960956528
76561197960956529
76561197960956531
76561197960956532
76561197960956535
76561197960956536
76561197960956538
76561197960956539
76561197960956542
76561197960956543
76561197960956544
76561197960956545
76561197960956546
76561197960956547
76561197960956548
76561197960956549
76561197960956551
76561197960956554
