76561197961110442
76561197961110443
76561197961110445
76561197961110446
76561197961110448
76561197961110449
76561197961110451
76561197961110457
76561197961110458
76561197961110460
76561197961110461
76561197961110463
76561197961110466
76561197961110467
76561197961110471
76561197961110472
76561197961110473
76561197961110474
76561197961110481
76561197961110482
76561197961110483
76561197961110484
76561197961110487
76561197961110488
76561197961110489
76561197961110491
76561197961110492
76561197961110493
76561197961110497
76561197961110498
76561197961110503
76561197961110504
76561197961110505
76561197961110507
76561197961110508
76561197961110510
76561197961110511
76561197961110512
76561197961110514
76561197961110515
76561197961110516
76561197961110517
76561197961110518
76561197961110519
76561197961110522
76561197961110525
76561197961110527
76561197961110530
76561197961110531
76561197961110533
76561197961110535
76561197961110537
76561197961110542
76561197961110544
76561197961110546
76561197961110548
76561197961110549
76561197961110550
76561197961110553
76561197961110555
76561197961110557
76561197961110558
76561197961110559
76561197961110563
76561197961110566
76561197961110567
76561197961110570
76561197961110571
76561197961110574
76561197961110576
76561197961110577
76561197961110578
76561197961110579
76561197961110580
76561197961110582
76561197961110584
76561197961110593
76561197961110594
76561197961110596
76561197961110597
76561197961110599
76561197961110600
76561197961110601
76561197961110603
76561197961110604
76561197961110607
76561197961110609
76561197961110611
76561197961110612
76561197961110614
76561197961110615
76561197961110618
76561197961110621
76561197961110624
76561197961110625
76561197961110629
76561197961110632
76561197961110633
76561197961110636
76561197961110639
76561197961110641
76561197961110642
76561197961110643
76561197961110644
76561197961110645
76561197961110646
76561197961110648
76561197961110649
76561197961110650
76561197961110653
76561197961110654
76561197961110658
76561197961110661
76561197961110662
76561197961110663
76561197961110668
76561197961110672
76561197961110673
76561197961110678
76561197961110679
76561197961110680
76561197961110681
76561197961110682
76561197961110684
76561197961110686
76561197961110688
76561197961110689
76561197961110691
76561197961110694
76561197961110696
76561197961110697
76561197961110698
76561197961110699
76561197961110701
76561197961110702
76561197961110703
76561197961110705
76561197961110706
76561197961110707
76561197961110709
76561197961110710
76561197961110715
76561197961110722
76561197961110724
76561197961110727
76561197961110732
76561197961110733
76561197961110734
76561197961110735
76561197961110736
76561197961110737
76561197961110739
76561197961110740
76561197961110741
76561197961110742
76561197961110744
76561197961110748
76561197961110749
76561197961110753
76561197961110756
76561197961110764
76561197961110765
76561197961110766
76561197961110768
76561197961110769
76561197961110771
76561197961110772
76561197961110773
76561197961110775
76561197961110776
76561197961110777
76561197961110779
76561197961110780
76561197961110781
76561197961110782
76561197961110783
76561197961110784
76561197961110789
76561197961110790
76561197961110795
76561197961110797
76561197961110798
76561197961110800
76561197961110801
76561197961110802
76561197961110803
76561197961110804
76561197961110806
76561197961110807
76561197961110810
76561197961110811
76561197961110813
76561197961110814
76561197961110815
76561197961110819
76561197961110820
76561197961110821
76561197961110824
76561197961110825
76561197961110828
76561197961110830
76561197961110832
76561197961110835
76561197961110839
76561197961110840
76561197961110841
76561197961110843
76561197961110846
76561197961110848
76561197961110850
76561197961110852
76561197961110854
76561197961110857
76561197961110858
76561197961110860
76561197961110862
76561197961110864
76561197961110865
76561197961110868
76561197961110870
76561197961110873
76561197961110874
76561197961110877
76561197961110878
76561197961110879
76561197961110881
76561197961110885
76561197961110887
76561197961110888
76561197961110891
76561197961110892
76561197961110895
76561197961110898
76561197961110900
76561197961110901
76561197961110902
76561197961110904
76561197961110905
76561197961110910
76561197961110912
76561197961110913
76561197961110916
76561197961110918
76561197961110919
76561197961110926
76561197961110927
76561197961110929
76561197961110933
76561197961110934
76561197961110935
76561197961110940
76561197961110942
76561197961110943
76561197961110944
76561197961110951
76561197961110952
76561197961110955
76561197961110957
76561197961110958
76561197961110960
76561197961110961
76561197961110963
76561197961110964
76561197961110965
76561197961110966
76561197961110967
76561197961110968
76561197961110969
76561197961110972
76561197961110979
76561197961110981
76561197961110983
76561197961110984
76561197961110989
76561197961110991
76561197961110993
76561197961110994
76561197961110996
76561197961110997
76561197961110998
76561197961110999
76561197961111000
76561197961111002
76561197961111004
76561197961111006
76561197961111007
76561197961111008
76561197961111009
76561197961111010
76561197961111012
76561197961111015
76561197961111016
76561197961111024
76561197961111025
76561197961111026
76561197961111030
76561197961111032
76561197961111033
76561197961111039
76561197961111042
76561197961111044
76561197961111045
76561197961111049
76561197961111051
76561197961111055
76561197961111056
76561197961111057
76561197961111058
76561197961111059
76561197961111060
76561197961111061
76561197961111062
76561197961111064
76561197961111065
76561197961111066
76561197961111069
76561197961111070
76561197961111071
76561197961111073
76561197961111075
76561197961111079
76561197961111080
76561197961111083
76561197961111084
76561197961111086
76561197961111087
76561197961111088
76561197961111089
76561197961111090
76561197961111092
76561197961111095
76561197961111099
76561197961111101
76561197961111102
76561197961111105
76561197961111106
76561197961111108
76561197961111109
76561197961111110
76561197961111112
76561197961111113
76561197961111114
76561197961111115
76561197961111117
76561197961111120
76561197961111121
76561197961111124
76561197961111125
76561197961111126
76561197961111127
76561197961111131
76561197961111134
76561197961111135
76561197961111136
76561197961111139
76561197961111141
76561197961111142
76561197961111144
76561197961111146
76561197961111147
76561197961111148
76561197961111151
76561197961111152
76561197961111153
76561197961111155
76561197961111160
76561197961111163
76561197961111165
76561197961111166
76561197961111168
76561197961111170
76561197961111173
76561197961111175
76561197961111177
76561197961111179
76561197961111180
76561197961111184
76561197961111188
76561197961111190
76561197961111191
76561197961111192
76561197961111193
76561197961111194
76561197961111195
76561197961111196
76561197961111198
76561197961111199
76561197961111201
76561197961111203
76561197961111205
76561197961111206
76561197961111208
76561197961111211
76561197961111212
76561197961111213
76561197961111216
76561197961111217
76561197961111218
76561197961111219
76561197961111221
76561197961111222
76561197961111223
76561197961111225
76561197961111226
76561197961111228
76561197961111229
76561197961111231
76561197961111233
76561197961111235
76561197961111238
76561197961111242
76561197961111243
76561197961111244
76561197961111245
76561197961111246
76561197961111248
76561197961111250
76561197961111253
76561197961111255
76561197961111258
76561197961111259
76561197961111260
76561197961111261
76561197961111262
76561197961111264
76561197961111266
76561197961111269
76561197961111271
76561197961111275
76561197961111276
76561197961111280
76561197961111283
76561197961111285
76561197961111286
76561197961111288
76561197961111289
76561197961111291
76561197961111292
76561197961111293
76561197961111296
76561197961111297
76561197961111298
76561197961111299
76561197961111300
76561197961111301
76561197961111306
76561197961111307
76561197961111309
76561197961111311
76561197961111312
76561197961111314
76561197961111317
76561197961111319
76561197961111320
76561197961111321
76561197961111323
76561197961111327
76561197961111328
76561197961111334
76561197961111335
76561197961111336
76561197961111337
76561197961111338
76561197961111339
76561197961111340
76561197961111341
76561197961111342
76561197961111343
76561197961111344
76561197961111346
76561197961111347
76561197961111351
76561197961111352
76561197961111355
76561197961111356
76561197961111357
76561197961111360
76561197961111362
76561197961111363
76561197961111367
76561197961111368
76561197961111369
76561197961111370
76561197961111371
76561197961111377
76561197961111380
76561197961111381
76561197961111383
76561197961111391
76561197961111392
76561197961111393
76561197961111397
76561197961111398
76561197961111400
76561197961111401
76561197961111407
76561197961111409
76561197961111413
76561197961111415
76561197961111417
76561197961111420
76561197961111421
76561197961111422
76561197961111423
76561197961111424
76561197961111425
76561197961111426
76561197961111427
76561197961111430
76561197961111432
76561197961111434
76561197961111435
76561197961111436
76561197961111437
76561197961111440
76561197961111442
76561197961111443
76561197961111444
76561197961111447
76561197961111448
76561197961111449
76561197961111452
76561197961111453
76561197961111456
76561197961111457
76561197961111459
76561197961111460
76561197961111461
76561197961111462
76561197961111464
76561197961111468
76561197961111470
76561197961111471
76561197961111472
76561197961111473
76561197961111475
76561197961111477
76561197961111479
76561197961111481
76561197961111483
76561197961111485
76561197961111486
76561197961111488
76561197961111489
76561197961111490
76561197961111493
76561197961111495
76561197961111496
76561197961111498
76561197961111501
76561197961111502
76561197961111503
76561197961111504
76561197961111505
76561197961111508
76561197961111509
76561197961111510
76561197961111513
76561197961111515
76561197961111516
76561197961111518
76561197961111520
76561197961111521
76561197961111522
76561197961111523
76561197961111526
76561197961111528
76561197961111529
76561197961111531
76561197961111534
76561197961111535
76561197961111536
76561197961111540
76561197961111542
76561197961111544
76561197961111547
76561197961111550
76561197961111553
76561197961111555
76561197961111556
76561197961111557
76561197961111561
76561197961111563
76561197961111564
76561197961111565
76561197961111566
76561197961111567
76561197961111570
76561197961111571
76561197961111572
76561197961111575
76561197961111579
76561197961111581
76561197961111583
76561197961111584
76561197961111585
76561197961111586
76561197961111587
76561197961111588
76561197961111590
76561197961111591
76561197961111592
76561197961111593
76561197961111594
76561197961111597
76561197961111598
76561197961111602
76561197961111608
76561197961111610
76561197961111613
76561197961111616
76561197961111617
76561197961111618
76561197961111619
76561197961111620
76561197961111621
76561197961111623
76561197961111624
76561197961111625
76561197961111628
76561197961111629
76561197961111630
76561197961111631
76561197961111632
76561197961111633
76561197961111635
76561197961111636
76561197961111640
76561197961111643
76561197961111644
76561197961111646
76561197961111647
76561197961111648
76561197961111649
76561197961111651
76561197961111655
76561197961111656
76561197961111658
76561197961111661
76561197961111663
76561197961111665
76561197961111669
76561197961111672
76561197961111673
76561197961111675
76561197961111676
76561197961111678
76561197961111682
76561197961111683
76561197961111684
76561197961111685
76561197961111687
76561197961111688
76561197961111689
76561197961111692
76561197961111696
76561197961111698
76561197961111699
76561197961111703
76561197961111704
76561197961111705
76561197961111707
76561197961111708
76561197961111709
76561197961111710
76561197961111714
76561197961111717
76561197961111720
76561197961111723
76561197961111725
76561197961111726
76561197961111728
76561197961111729
76561197961111730
76561197961111731
76561197961111732
76561197961111735
76561197961111736
76561197961111737
76561197961111741
76561197961111744
76561197961111746
76561197961111747
76561197961111748
76561197961111749
76561197961111750
76561197961111751
76561197961111756
76561197961111759
76561197961111760
76561197961111763
76561197961111764
76561197961111765
76561197961111770
76561197961111775
76561197961111777
76561197961111779
76561197961111783
76561197961111784
76561197961111785
76561197961111786
76561197961111787
76561197961111788
76561197961111789
76561197961111791
76561197961111792
76561197961111793
76561197961111794
76561197961111796
76561197961111798
76561197961111801
76561197961111805
76561197961111806
76561197961111807
76561197961111808
76561197961111810
76561197961111811
76561197961111812
76561197961111813
76561197961111814
76561197961111816
76561197961111817
76561197961111818
76561197961111820
76561197961111821
76561197961111822
76561197961111823
76561197961111824
76561197961111825
76561197961111826
76561197961111828
76561197961111831
76561197961111836
76561197961111837
76561197961111839
76561197961111840
76561197961111842
76561197961111843
76561197961111845
76561197961111847
76561197961111848
76561197961111852
76561197961111856
76561197961111857
76561197961111858
76561197961111859
76561197961111861
76561197961111864
76561197961111866
76561197961111867
76561197961111868
76561197961111872
76561197961111873
76561197961111875
76561197961111879
76561197961111880
76561197961111882
76561197961111883
76561197961111884
76561197961111885
76561197961111886
76561197961111887
76561197961111889
76561197961111890
76561197961111894
76561197961111895
76561197961111897
76561197961111898
76561197961111899
76561197961111901
76561197961111904
76561197961111905
76561197961111906
76561197961111907
76561197961111909
76561197961111911
76561197961111912
76561197961111914
76561197961111915
76561197961111916
76561197961111920
76561197961111921
76561197961111922
76561197961111923
76561197961111924
76561197961111925
76561197961111926
76561197961111927
76561197961111929
76561197961111931
76561197961111932
76561197961111935
76561197961111938
76561197961111939
76561197961111943
76561197961111944
76561197961111946
76561197961111948
76561197961111949
76561197961111951
76561197961111952
76561197961111953
76561197961111954
76561197961111955
76561197961111956
76561197961111957
76561197961111958
76561197961111961
76561197961111962
76561197961111966
76561197961111967
76561197961111969
76561197961111970
76561197961111971
76561197961111973
76561197961111978
76561197961111982
76561197961111983
76561197961111984
76561197961111985
76561197961111986
76561197961111987
76561197961111988
76561197961111990
76561197961111992
76561197961112000
76561197961112007
76561197961112013
76561197961112017
76561197961112018
76561197961112019
76561197961112022
76561197961112023
76561197961112024
76561197961112026
76561197961112027
76561197961112028
76561197961112030
76561197961112031
76561197961112032
76561197961112033
76561197961112034
76561197961112035
76561197961112036
76561197961112038
76561197961112039
76561197961112040
76561197961112042
76561197961112043
76561197961112044
76561197961112047
76561197961112048
76561197961112049
76561197961112057
76561197961112059
76561197961112061
76561197961112062
76561197961112064
76561197961112065
76561197961112066
76561197961112067
76561197961112069
76561197961112070
76561197961112071
76561197961112072
76561197961112073
76561197961112075
76561197961112077
76561197961112081
76561197961112082
76561197961112083
76561197961112086
76561197961112088
76561197961112089
76561197961112090
76561197961112096
76561197961112100
76561197961112102
76561197961112103
76561197961112105
76561197961112106
76561197961112107
76561197961112109
76561197961112110
76561197961112111
76561197961112112
76561197961112113
76561197961112116
76561197961112118
76561197961112119
76561197961112120
76561197961112121
76561197961112122
76561197961112123
76561197961112124
76561197961112125
76561197961112128
76561197961112132
76561197961112133
76561197961112135
76561197961112138
76561197961112140
76561197961112144
76561197961112147
76561197961112148
76561197961112149
76561197961112150
76561197961112151
76561197961112153
76561197961112154
76561197961112155
76561197961112157
76561197961112158
76561197961112160
76561197961112162
76561197961112163
76561197961112165
76561197961112169
76561197961112172
76561197961112173
76561197961112174
76561197961112178
76561197961112179
76561197961112181
76561197961112182
76561197961112185
76561197961112186
76561197961112187
76561197961112189
76561197961112190
76561197961112193
76561197961112196
76561197961112198
76561197961112200
76561197961112201
76561197961112205
76561197961112206
76561197961112207
76561197961112209
76561197961112210
76561197961112213
76561197961112215
76561197961112216
76561197961112217
76561197961112218
76561197961112224
76561197961112226
76561197961112228
76561197961112230
76561197961112231
76561197961112233
76561197961112236
76561197961112238
76561197961112239
76561197961112241
76561197961112242
76561197961112243
76561197961112244
76561197961112248
76561197961112251
76561197961112253
76561197961112256
76561197961112259
76561197961112262
76561197961112266
76561197961112268
76561197961112270
76561197961112272
76561197961112273
76561197961112276
76561197961112277
76561197961112278
76561197961112281
76561197961112282
76561197961112283
76561197961112286
76561197961112287
76561197961112288
76561197961112291
76561197961112292
76561197961112295
76561197961112296
76561197961112298
76561197961112299
76561197961112300
76561197961112301
76561197961112303
76561197961112304
76561197961112305
76561197961112306
76561197961112307
76561197961112308
76561197961112310
76561197961112312
76561197961112314
76561197961112317
76561197961112319
76561197961112322
76561197961112323
76561197961112324
