76561197961943383
76561197961943384
76561197961943385
76561197961943387
76561197961943390
76561197961943392
76561197961943394
76561197961943395
76561197961943396
76561197961943397
76561197961943398
76561197961943399
76561197961943403
76561197961943404
76561197961943408
76561197961943412
76561197961943413
76561197961943414
76561197961943416
76561197961943417
76561197961943418
76561197961943423
76561197961943424
76561197961943427
76561197961943428
76561197961943429
76561197961943431
76561197961943434
76561197961943436
76561197961943440
76561197961943442
76561197961943444
76561197961943446
76561197961943449
76561197961943450
76561197961943451
76561197961943452
76561197961943453
76561197961943456
76561197961943457
76561197961943462
76561197961943463
76561197961943467
76561197961943469
76561197961943470
76561197961943471
76561197961943473
76561197961943476
76561197961943484
76561197961943486
76561197961943487
76561197961943489
76561197961943495
76561197961943499
76561197961943500
76561197961943504
76561197961943505
76561197961943506
76561197961943507
76561197961943508
76561197961943509
76561197961943512
76561197961943514
76561197961943516
76561197961943518
76561197961943522
76561197961943523
76561197961943529
76561197961943532
76561197961943534
76561197961943538
76561197961943541
76561197961943542
76561197961943545
76561197961943547
76561197961943551
76561197961943553
76561197961943554
76561197961943558
76561197961943559
76561197961943560
76561197961943562
76561197961943563
76561197961943564
76561197961943565
76561197961943566
76561197961943570
76561197961943573
76561197961943575
76561197961943577
76561197961943578
76561197961943580
76561197961943581
76561197961943583
76561197961943584
76561197961943585
76561197961943588
76561197961943589
76561197961943596
76561197961943599
76561197961943604
76561197961943605
76561197961943607
76561197961943610
76561197961943611
76561197961943614
76561197961943615
76561197961943618
76561197961943620
76561197961943621
76561197961943622
76561197961943626
76561197961943627
76561197961943629
76561197961943632
76561197961943638
76561197961943639
76561197961943641
76561197961943647
76561197961943649
76561197961943651
76561197961943652
76561197961943653
76561197961943655
76561197961943656
76561197961943661
76561197961943662
76561197961943663
76561197961943664
76561197961943665
76561197961943668
76561197961943669
76561197961943670
76561197961943671
76561197961943672
76561197961943677
76561197961943680
76561197961943684
76561197961943685
76561197961943690
76561197961943693
76561197961943695
76561197961943696
76561197961943698
76561197961943702
76561197961943706
76561197961943708
76561197961943710
76561197961943711
76561197961943713
76561197961943714
76561197961943715
76561197961943720
76561197961943722
76561197961943723
76561197961943724
76561197961943725
76561197961943728
76561197961943730
76561197961943733
76561197961943734
76561197961943738
76561197961943739
76561197961943741
76561197961943745
76561197961943746
76561197961943748
76561197961943752
76561197961943758
76561197961943762
76561197961943763
76561197961943764
76561197961943765
76561197961943769
76561197961943773
76561197961943774
76561197961943776
76561197961943781
76561197961943783
76561197961943788
76561197961943789
76561197961943790
76561197961943792
76561197961943794
76561197961943795
76561197961943796
76561197961943806
76561197961943807
76561197961943812
76561197961943815
76561197961943816
76561197961943827
76561197961943830
76561197961943831
76561197961943833
76561197961943837
76561197961943840
76561197961943841
76561197961943846
76561197961943850
76561197961943851
76561197961943853
76561197961943855
76561197961943856
76561197961943857
76561197961943859
76561197961943861
76561197961943863
76561197961943864
76561197961943866
76561197961943867
76561197961943868
76561197961943869
76561197961943870
76561197961943879
76561197961943880
76561197961943883
76561197961943884
76561197961943886
76561197961943893
76561197961943895
76561197961943896
76561197961943897
76561197961943899
76561197961943903
76561197961943905
76561197961943907
76561197961943909
76561197961943910
76561197961943911
76561197961943913
76561197961943914
76561197961943916
76561197961943917
76561197961943926
76561197961943927
76561197961943928
76561197961943930
76561197961943931
76561197961943932
76561197961943934
76561197961943936
76561197961943944
76561197961943947
76561197961943948
76561197961943952
76561197961943957
76561197961943958
76561197961943960
76561197961943964
76561197961943968
76561197961943970
76561197961943973
76561197961943974
76561197961943975
76561197961943978
76561197961943981
76561197961943986
76561197961943987
76561197961943988
76561197961943989
76561197961943990
76561197961943994
76561197961943995
76561197961943999
76561197961944002
76561197961944004
76561197961944009
76561197961944010
76561197961944014
76561197961944015
76561197961944017
76561197961944021
76561197961944025
76561197961944027
76561197961944029
76561197961944033
76561197961944034
76561197961944039
76561197961944040
76561197961944041
76561197961944045
76561197961944046
76561197961944047
76561197961944048
76561197961944050
76561197961944053
76561197961944054
76561197961944055
76561197961944056
76561197961944059
76561197961944060
76561197961944062
76561197961944064
76561197961944067
76561197961944068
76561197961944069
76561197961944074
76561197961944076
76561197961944077
76561197961944080
76561197961944081
76561197961944085
76561197961944086
76561197961944087
76561197961944089
76561197961944090
76561197961944092
76561197961944094
76561197961944095
76561197961944098
76561197961944100
76561197961944103
76561197961944107
76561197961944111
76561197961944114
76561197961944115
76561197961944122
76561197961944123
76561197961944130
76561197961944134
76561197961944136
76561197961944138
76561197961944140
76561197961944142
76561197961944144
76561197961944147
76561197961944148
76561197961944150
76561197961944152
76561197961944155
76561197961944159
76561197961944166
76561197961944167
76561197961944170
76561197961944172
76561197961944174
76561197961944176
76561197961944177
76561197961944179
76561197961944182
76561197961944187
76561197961944192
76561197961944194
76561197961944195
76561197961944196
76561197961944200
76561197961944201
76561197961944204
76561197961944209
76561197961944210
76561197961944211
76561197961944212
76561197961944216
76561197961944219
76561197961944220
76561197961944221
76561197961944224
76561197961944225
76561197961944230
76561197961944231
76561197961944234
76561197961944235
76561197961944236
76561197961944237
76561197961944238
76561197961944241
76561197961944243
76561197961944245
76561197961944248
76561197961944250
76561197961944251
76561197961944252
76561197961944253
76561197961944254
76561197961944259
76561197961944260
76561197961944262
76561197961944265
76561197961944274
76561197961944277
76561197961944278
76561197961944281
76561197961944284
76561197961944287
76561197961944288
76561197961944289
76561197961944294
76561197961944297
76561197961944298
76561197961944301
76561197961944303
76561197961944309
76561197961944310
76561197961944311
76561197961944312
76561197961944316
76561197961944322
76561197961944323
76561197961944327
76561197961944329
76561197961944331
76561197961944332
76561197961944333
76561197961944334
76561197961944336
76561197961944342
76561197961944345
76561197961944347
76561197961944349
76561197961944351
76561197961944352
76561197961944355
76561197961944356
76561197961944357
76561197961944360
76561197961944364
76561197961944365
76561197961944367
76561197961944370
76561197961944371
76561197961944372
76561197961944375
76561197961944376
76561197961944377
76561197961944378
76561197961944383
76561197961944388
76561197961944390
76561197961944394
76561197961944395
76561197961944396
76561197961944397
76561197961944398
76561197961944399
76561197961944401
76561197961944402
76561197961944406
76561197961944409
76561197961944410
76561197961944412
76561197961944416
76561197961944417
76561197961944418
76561197961944426
76561197961944429
76561197961944430
76561197961944433
76561197961944435
76561197961944436
76561197961944437
76561197961944439
76561197961944440
76561197961944441
76561197961944445
76561197961944448
76561197961944449
76561197961944450
76561197961944453
76561197961944454
76561197961944460
76561197961944464
76561197961944465
76561197961944466
76561197961944467
76561197961944470
76561197961944477
76561197961944484
76561197961944487
76561197961944490
76561197961944493
76561197961944494
76561197961944499
76561197961944500
76561197961944503
76561197961944504
76561197961944510
76561197961944516
76561197961944518
76561197961944524
76561197961944526
76561197961944528
76561197961944529
76561197961944531
76561197961944533
76561197961944534
76561197961944536
76561197961944537
76561197961944539
76561197961944541
76561197961944543
76561197961944544
76561197961944546
76561197961944547
76561197961944552
76561197961944555
76561197961944561
76561197961944562
76561197961944563
76561197961944565
76561197961944567
76561197961944568
76561197961944570
76561197961944571
76561197961944576
76561197961944581
76561197961944583
76561197961944584
76561197961944585
76561197961944586
76561197961944589
76561197961944591
76561197961944593
76561197961944595
76561197961944598
76561197961944600
76561197961944602
76561197961944611
76561197961944612
76561197961944613
76561197961944614
76561197961944615
76561197961944616
76561197961944620
76561197961944621
76561197961944624
76561197961944625
76561197961944627
76561197961944628
76561197961944629
76561197961944633
76561197961944635
76561197961944641
76561197961944645
76561197961944646
76561197961944648
76561197961944650
76561197961944653
76561197961944657
76561197961944658
76561197961944659
76561197961944662
76561197961944663
76561197961944668
76561197961944676
76561197961944678
76561197961944679
76561197961944681
76561197961944682
76561197961944683
76561197961944685
76561197961944686
76561197961944687
76561197961944689
76561197961944693
76561197961944699
76561197961944701
76561197961944702
76561197961944705
76561197961944707
76561197961944710
76561197961944712
76561197961944713
76561197961944715
76561197961944717
76561197961944719
76561197961944720
76561197961944730
76561197961944735
76561197961944736
76561197961944737
76561197961944739
76561197961944741
76561197961944743
76561197961944744
76561197961944746
76561197961944747
76561197961944748
76561197961944752
76561197961944756
76561197961944758
76561197961944762
76561197961944763
76561197961944764
76561197961944766
76561197961944769
76561197961944770
76561197961944772
76561197961944773
76561197961944774
76561197961944776
76561197961944779
76561197961944780
76561197961944782
76561197961944785
76561197961944789
76561197961944790
76561197961944791
76561197961944793
76561197961944794
76561197961944795
76561197961944796
76561197961944797
76561197961944800
76561197961944804
76561197961944805
76561197961944810
76561197961944811
76561197961944813
76561197961944816
76561197961944827
76561197961944830
76561197961944838
76561197961944840
76561197961944843
76561197961944850
76561197961944851
76561197961944852
76561197961944857
76561197961944858
76561197961944859
76561197961944864
76561197961944865
76561197961944869
76561197961944872
76561197961944876
76561197961944881
76561197961944886
76561197961944887
76561197961944888
76561197961944894
76561197961944896
76561197961944897
76561197961944898
76561197961944899
76561197961944900
76561197961944903
76561197961944904
76561197961944906
76561197961944907
76561197961944910
76561197961944912
76561197961944913
76561197961944922
76561197961944959
76561197961945048
76561197961945094
76561197961945130
76561197961945235
76561197961945253
76561197961945261
76561197961945289
76561197961945301
76561197961945319
76561197961945422
76561197961945428
76561197961945431
76561197961945432
76561197961945433
76561197961945437
76561197961945438
76561197961945440
76561197961945441
76561197961945444
76561197961945447
76561197961945449
76561197961945450
76561197961945451
76561197961945455
76561197961945458
76561197961945460
76561197961945465
76561197961945470
76561197961945475
76561197961945478
76561197961945479
76561197961945480
76561197961945481
76561197961945483
76561197961945485
76561197961945492
76561197961945493
76561197961945498
76561197961945499
76561197961945500
76561197961945501
76561197961945503
76561197961945507
76561197961945511
76561197961945513
76561197961945514
76561197961945523
76561197961945525
76561197961945528
76561197961945534
76561197961945537
76561197961945543
76561197961945544
76561197961945548
76561197961945550
76561197961945554
76561197961945556
76561197961945558
76561197961945562
76561197961945566
76561197961945567
76561197961945577
76561197961945578
76561197961945580
76561197961945582
76561197961945583
76561197961945585
76561197961945586
76561197961945587
76561197961945588
76561197961945589
76561197961945590
76561197961945599
76561197961945600
76561197961945601
76561197961945602
76561197961945604
76561197961945609
76561197961945610
76561197961945611
76561197961945614
76561197961945615
76561197961945616
76561197961945618
76561197961945619
76561197961945621
76561197961945623
76561197961945624
76561197961945626
76561197961945629
76561197961945630
76561197961945633
76561197961945637
76561197961945638
76561197961945639
76561197961945640
76561197961945641
76561197961945643
76561197961945647
76561197961945656
76561197961945657
76561197961945658
76561197961945659
76561197961945660
76561197961945667
76561197961945670
76561197961945672
76561197961945674
76561197961945675
76561197961945677
76561197961945678
76561197961945679
76561197961945680
76561197961945681
76561197961945683
76561197961945684
76561197961945687
76561197961945688
76561197961945689
76561197961945692
76561197961945696
76561197961945698
76561197961945699
76561197961945700
76561197961945706
76561197961945708
76561197961945709
76561197961945711
76561197961945713
76561197961945714
76561197961945717
76561197961945719
76561197961945721
76561197961945723
76561197961945725
76561197961945727
76561197961945728
76561197961945731
76561197961945732
76561197961945735
76561197961945736
76561197961945738
76561197961945743
76561197961945744
76561197961945747
76561197961945749
76561197961945751
76561197961945754
76561197961945760
76561197961945762
76561197961945763
76561197961945766
76561197961945767
76561197961945768
76561197961945769
76561197961945770
76561197961945771
76561197961945772
76561197961945779
76561197961945782
76561197961945783
76561197961945786
76561197961945788
76561197961945789
76561197961945791
76561197961945793
76561197961945794
76561197961945798
76561197961945799
76561197961945800
76561197961945808
76561197961945810
76561197961945814
76561197961945815
76561197961945818
76561197961945819
76561197961945824
76561197961945826
76561197961945829
76561197961945831
76561197961945832
76561197961945836
76561197961945838
76561197961945842
76561197961945844
76561197961945847
76561197961945852
76561197961945854
76561197961945857
76561197961945859
76561197961945861
76561197961945863
76561197961945865
76561197961945870
76561197961945871
76561197961945872
76561197961945877
76561197961945878
76561197961945881
76561197961945883
76561197961945885
76561197961945889
76561197961945893
76561197961945894
76561197961945896
76561197961945897
76561197961945899
76561197961945904
76561197961945905
76561197961945906
76561197961945909
76561197961945910
76561197961945911
76561197961945913
76561197961945917
76561197961945920
76561197961945927
76561197961945932
76561197961945934
76561197961945937
76561197961945940
76561197961945944
76561197961945945
76561197961945947
76561197961945952
76561197961945957
76561197961945958
76561197961945963
76561197961945965
76561197961945968
76561197961945969
76561197961945970
76561197961945971
76561197961945972
76561197961945974
76561197961945977
76561197961945981
76561197961945984
76561197961945986
76561197961945987
76561197961945992
76561197961945994
76561197961945995
76561197961945997
76561197961946004
76561197961946006
76561197961946009
76561197961946010
76561197961946011
76561197961946012
76561197961946017
76561197961946018
76561197961946019
76561197961946021
76561197961946023
76561197961946025
76561197961946026
76561197961946027
76561197961946028
76561197961946029
76561197961946034
76561197961946036
76561197961946037
76561197961946038
76561197961946042
76561197961946044
76561197961946049
76561197961946051
76561197961946055
76561197961946063
76561197961946066
76561197961946068
76561197961946070
76561197961946071
76561197961946072
76561197961946074
76561197961946075
76561197961946076
76561197961946077
76561197961946082
76561197961946085
76561197961946087
76561197961946089
76561197961946091
76561197961946092
76561197961946096
76561197961946098
76561197961946099
76561197961946105
76561197961946108
76561197961946111
76561197961946113
76561197961946114
76561197961946120
76561197961946125
76561197961946129
76561197961946131
76561197961946132
76561197961946133
76561197961946134
76561197961946137
76561197961946140
76561197961946141
76561197961946142
76561197961946143
76561197961946145
76561197961946147
76561197961946149
76561197961946151
76561197961946152
76561197961946154
76561197961946155
76561197961946158
76561197961946161
76561197961946164
76561197961946165
76561197961946166
76561197961946171
76561197961946174
76561197961946175
76561197961946176
76561197961946180
76561197961946181
76561197961946182
76561197961946184
76561197961946185
76561197961946186
76561197961946188
76561197961946190
76561197961946195
76561197961946196
76561197961946197
76561197961946199
76561197961946202
76561197961946207
76561197961946210
76561197961946211
76561197961946212
76561197961946213
76561197961946214
76561197961946217
76561197961946220
76561197961946224
76561197961946225
76561197961946226
76561197961946229
76561197961946231
76561197961946238
76561197961946240
76561197961946241
76561197961946250
76561197961946257
76561197961946261
76561197961946262
76561197961946264
