76561197960924171
76561197960924173
76561197960924175
76561197960924177
76561197960924179
76561197960924181
76561197960924187
76561197960924189
76561197960924193
76561197960924195
76561197960924197
76561197960924199
76561197960924201
76561197960924209
76561197960924211
76561197960924213
76561197960924215
76561197960924217
76561197960924219
76561197960924223
76561197960924227
76561197960924229
76561197960924233
76561197960924237
76561197960924241
76561197960924243
76561197960924245
76561197960924247
76561197960924249
76561197960924251
76561197960924257
76561197960924259
76561197960924261
76561197960924263
76561197960924265
76561197960924267
76561197960924271
76561197960924273
76561197960924275
76561197960924277
76561197960924283
76561197960924285
76561197960924287
76561197960924291
76561197960924293
76561197960924297
76561197960924299
76561197960924301
76561197960924303
76561197960924305
76561197960924307
76561197960924309
76561197960924317
76561197960924319
76561197960924323
76561197960924329
76561197960924331
76561197960924333
76561197960924335
76561197960924339
76561197960924341
76561197960924343
76561197960924345
76561197960924349
76561197960924351
76561197960924353
76561197960924355
76561197960924357
76561197960924359
76561197960924361
76561197960924363
76561197960924367
76561197960924371
76561197960924373
76561197960924377
76561197960924379
76561197960924381
76561197960924383
76561197960924385
76561197960924387
76561197960924389
76561197960924391
76561197960924395
76561197960924397
76561197960924399
76561197960924401
76561197960924403
76561197960924405
76561197960924407
76561197960924409
76561197960924411
76561197960924413
76561197960924417
76561197960924419
76561197960924427
76561197960924431
76561197960924435
76561197960924437
76561197960924439
76561197960924443
76561197960924445
76561197960924449
76561197960924457
76561197960924459
76561197960924461
76561197960924463
76561197960924465
76561197960924471
76561197960924473
76561197960924475
76561197960924477
76561197960924479
76561197960924481
76561197960924485
76561197960924487
76561197960924489
76561197960924491
76561197960924493
76561197960924497
76561197960924501
76561197960924503
76561197960924507
76561197960924509
76561197960924511
76561197960924513
76561197960924517
76561197960924523
76561197960924525
76561197960924527
76561197960924529
76561197960924531
76561197960924533
76561197960924535
76561197960924537
76561197960924539
76561197960924541
76561197960924543
76561197960924547
76561197960924551
76561197960924553
76561197960924559
76561197960924561
76561197960924563
76561197960924565
76561197960924569
76561197960924571
76561197960924573
76561197960924577
76561197960924579
76561197960924581
76561197960924587
76561197960924593
76561197960924595
76561197960924597
76561197960924599
76561197960924601
76561197960924603
76561197960924605
76561197960924607
76561197960924611
76561197960924613
76561197960924615
76561197960924617
76561197960924619
76561197960924621
76561197960924623
76561197960924629
76561197960924633
76561197960924635
76561197960924637
76561197960924639
76561197960924641
76561197960924643
76561197960924645
76561197960924649
76561197960924653
76561197960924655
76561197960924657
76561197960924661
76561197960924663
76561197960924665
76561197960924667
76561197960924669
76561197960924671
76561197960924675
76561197960924677
76561197960924679
76561197960924683
76561197960924685
76561197960924687
76561197960924689
76561197960924693
76561197960924697
76561197960924699
76561197960924701
76561197960924705
76561197960924707
76561197960924711
76561197960924713
76561197960924717
76561197960924719
76561197960924723
76561197960924727
76561197960924729
76561197960924733
76561197960924737
76561197960924745
76561197960924747
76561197960924749
76561197960924757
76561197960924759
76561197960924761
76561197960924763
76561197960924765
76561197960924767
76561197960924769
76561197960924771
76561197960924773
76561197960924779
76561197960924781
76561197960924783
76561197960924785
76561197960924787
76561197960924789
76561197960924791
76561197960924793
76561197960924797
76561197960924799
76561197960924801
76561197960924803
76561197960924805
76561197960924809
76561197960924813
76561197960924817
76561197960924819
76561197960924821
76561197960924823
76561197960924825
76561197960924827
76561197960924829
76561197960924831
76561197960924833
76561197960924837
76561197960924839
76561197960924841
76561197960924845
76561197960924847
76561197960924849
76561197960924857
76561197960924859
76561197960924861
76561197960924865
76561197960924867
76561197960924869
76561197960924879
76561197960924881
76561197960924883
76561197960924887
76561197960924889
76561197960924891
76561197960924895
76561197960924897
76561197960924901
76561197960924903
76561197960924905
76561197960924911
76561197960924913
76561197960924915
76561197960924917
76561197960924919
76561197960924921
76561197960924923
76561197960924925
76561197960924931
76561197960924935
76561197960924939
76561197960924943
76561197960924945
76561197960924949
76561197960924951
76561197960924953
76561197960924955
76561197960924957
76561197960924961
76561197960924963
76561197960924965
76561197960924967
76561197960924973
76561197960924975
76561197960924977
76561197960924979
76561197960924981
76561197960924985
76561197960924987
76561197960924991
76561197960924993
76561197960924995
76561197960924999
76561197960925001
76561197960925005
76561197960925011
76561197960925013
76561197960925015
76561197960925017
76561197960925019
76561197960925021
76561197960925023
76561197960925027
76561197960925029
76561197960925031
76561197960925036
76561197960925037
76561197960925039
76561197960925041
76561197960925043
76561197960925049
76561197960925051
76561197960925053
76561197960925055
76561197960925059
76561197960925061
76561197960925073
76561197960925077
76561197960925081
76561197960925083
76561197960925085
76561197960925089
76561197960925091
76561197960925101
76561197960925103
76561197960925107
76561197960925119
76561197960925121
76561197960925123
76561197960925125
76561197960925131
76561197960925133
76561197960925137
76561197960925139
76561197960925143
76561197960925147
76561197960925149
76561197960925153
76561197960925155
76561197960925157
76561197960925159
76561197960925163
76561197960925165
76561197960925167
76561197960925169
76561197960925171
76561197960925177
76561197960925179
76561197960925181
76561197960925187
76561197960925189
76561197960925191
76561197960925193
76561197960925195
76561197960925197
76561197960925199
76561197960925203
76561197960925207
76561197960925209
76561197960925213
76561197960925215
76561197960925217
76561197960925219
76561197960925225
76561197960925227
76561197960925235
76561197960925237
76561197960925239
76561197960925243
76561197960925245
76561197960925249
76561197960925251
76561197960925255
76561197960925263
76561197960925269
76561197960925271
76561197960925275
76561197960925277
76561197960925279
76561197960925281
76561197960925283
76561197960925285
76561197960925287
76561197960925291
76561197960925295
76561197960925297
76561197960925299
76561197960925301
76561197960925305
76561197960925309
76561197960925311
76561197960925317
76561197960925319
76561197960925323
76561197960925327
76561197960925329
76561197960925331
76561197960925337
76561197960925341
76561197960925343
76561197960925345
76561197960925349
76561197960925351
76561197960925353
76561197960925357
76561197960925359
76561197960925361
76561197960925365
76561197960925367
76561197960925371
76561197960925375
76561197960925379
76561197960925381
76561197960925387
76561197960925391
76561197960925393
76561197960925395
76561197960925397
76561197960925401
76561197960925405
76561197960925409
76561197960925411
76561197960925413
76561197960925415
76561197960925417
76561197960925419
76561197960925421
76561197960925423
76561197960925429
76561197960925431
76561197960925433
76561197960925435
76561197960925437
76561197960925441
76561197960925443
76561197960925445
76561197960925447
76561197960925451
76561197960925455
76561197960925457
76561197960925459
76561197960925461
76561197960925463
76561197960925469
76561197960925471
76561197960925473
76561197960925479
76561197960925483
76561197960925487
76561197960925491
76561197960925493
76561197960925495
76561197960925499
76561197960925501
76561197960925503
76561197960925505
76561197960925507
76561197960925509
76561197960925513
76561197960925515
76561197960925517
76561197960925519
76561197960925521
76561197960925523
76561197960925525
76561197960925531
76561197960925533
76561197960925537
76561197960925543
76561197960925547
76561197960925549
76561197960925551
76561197960925559
76561197960925561
76561197960925563
76561197960925565
76561197960925569
76561197960925571
76561197960925573
76561197960925577
76561197960925581
76561197960925585
76561197960925587
76561197960925593
76561197960925595
76561197960925597
76561197960925601
76561197960925603
76561197960925605
76561197960925607
76561197960925611
76561197960925613
76561197960925615
76561197960925617
76561197960925619
76561197960925623
76561197960925627
76561197960925629
76561197960925631
76561197960925633
76561197960925639
76561197960925641
76561197960925643
76561197960925645
76561197960925647
76561197960925649
76561197960925655
76561197960925661
76561197960925669
76561197960925671
76561197960925673
76561197960925677
76561197960925681
76561197960925685
76561197960925687
76561197960925689
76561197960925691
76561197960925695
76561197960925697
76561197960925699
76561197960925703
76561197960925705
76561197960925707
76561197960925711
76561197960925715
76561197960925717
76561197960925721
76561197960925723
76561197960925727
76561197960925729
76561197960925731
76561197960925733
76561197960925735
76561197960925737
76561197960925739
76561197960925741
76561197960925743
76561197960925747
76561197960925749
76561197960925751
76561197960925755
76561197960925757
76561197960925761
76561197960925765
76561197960925767
76561197960925769
76561197960925771
76561197960925777
76561197960925781
76561197960925783
76561197960925787
76561197960925789
76561197960925791
76561197960925793
76561197960925795
76561197960925797
76561197960925799
76561197960925801
76561197960925803
76561197960925805
76561197960925807
76561197960925809
76561197960925813
76561197960925815
76561197960925821
76561197960925825
76561197960925829
76561197960925833
76561197960925835
76561197960925837
76561197960925839
76561197960925843
76561197960925845
76561197960925847
76561197960925849
76561197960925851
76561197960925853
76561197960925855
76561197960925861
76561197960925863
76561197960925865
76561197960925867
76561197960925873
76561197960925875
76561197960925879
76561197960925883
76561197960925885
76561197960925887
76561197960925889
76561197960925891
76561197960925897
76561197960925899
76561197960925901
76561197960925903
76561197960925913
76561197960925915
76561197960925919
76561197960925921
76561197960925925
76561197960925927
76561197960925929
76561197960925931
76561197960925933
76561197960925939
76561197960925941
76561197960925943
76561197960925945
76561197960925947
76561197960925949
76561197960925951
76561197960925955
76561197960925957
76561197960925959
76561197960925961
76561197960925963
76561197960925965
76561197960925967
76561197960925969
76561197960925971
76561197960925973
76561197960925975
76561197960925977
76561197960925985
76561197960925991
76561197960925993
76561197960925995
76561197960926001
76561197960926003
76561197960926005
76561197960926009
76561197960926011
76561197960926015
76561197960926019
76561197960926021
76561197960926023
76561197960926025
76561197960926027
76561197960926029
76561197960926031
76561197960926033
76561197960926035
76561197960926037
76561197960926041
76561197960926043
76561197960926045
76561197960926049
76561197960926051
76561197960926053
76561197960926055
76561197960926061
76561197960926063
76561197960926065
76561197960926069
76561197960926071
76561197960926073
76561197960926075
76561197960926079
76561197960926085
76561197960926087
76561197960926089
76561197960926091
76561197960926093
76561197960926105
76561197960926109
76561197960926117
76561197960926119
76561197960926121
76561197960926123
76561197960926125
76561197960926127
76561197960926129
76561197960926133
76561197960926137
76561197960926143
76561197960926145
76561197960926147
76561197960926149
76561197960926153
76561197960926155
76561197960926157
76561197960926159
76561197960926167
76561197960926169
76561197960926171
76561197960926175
76561197960926177
76561197960926179
76561197960926181
76561197960926183
76561197960926187
76561197960926189
76561197960926193
76561197960926197
76561197960926203
76561197960926205
76561197960926207
76561197960926213
76561197960926217
76561197960926219
76561197960926221
76561197960926223
76561197960926225
76561197960926227
76561197960926229
76561197960926231
76561197960926233
76561197960926235
76561197960926237
76561197960926239
76561197960926241
76561197960926243
76561197960926247
76561197960926249
76561197960926255
76561197960926259
76561197960926265
76561197960926269
76561197960926271
76561197960926273
76561197960926275
76561197960926279
76561197960926281
76561197960926283
76561197960926291
76561197960926297
76561197960926299
76561197960926301
76561197960926303
76561197960926305
76561197960926307
76561197960926309
76561197960926313
76561197960926315
76561197960926317
76561197960926319
76561197960926323
76561197960926325
76561197960926327
76561197960926329
76561197960926331
76561197960926333
76561197960926335
76561197960926337
76561197960926339
76561197960926341
76561197960926345
76561197960926347
76561197960926349
76561197960926351
76561197960926353
76561197960926357
76561197960926365
76561197960926367
76561197960926371
76561197960926373
76561197960926375
76561197960926377
76561197960926379
76561197960926383
76561197960926385
76561197960926387
76561197960926389
76561197960926391
76561197960926393
76561197960926395
76561197960926397
76561197960926399
76561197960926401
76561197960926403
76561197960926405
76561197960926409
76561197960926411
76561197960926413
76561197960926415
76561197960926419
76561197960926423
76561197960926425
76561197960926427
76561197960926429
76561197960926431
76561197960926435
76561197960926441
76561197960926443
76561197960926445
76561197960926447
76561197960926449
76561197960926451
76561197960926455
76561197960926457
76561197960926461
76561197960926463
76561197960926465
76561197960926469
76561197960926471
76561197960926475
76561197960926479
76561197960926483
76561197960926485
76561197960926487
76561197960926489
76561197960926491
76561197960926495
76561197960926499
76561197960926503
76561197960926507
76561197960926509
76561197960926511
76561197960926513
76561197960926515
76561197960926517
76561197960926519
76561197960926521
76561197960926529
76561197960926533
76561197960926541
76561197960926543
76561197960926545
76561197960926547
76561197960926549
76561197960926551
76561197960926553
76561197960926555
76561197960926559
76561197960926563
76561197960926567
76561197960926569
76561197960926575
76561197960926577
76561197960926585
76561197960926589
76561197960926591
76561197960926593
76561197960926595
76561197960926597
76561197960926599
76561197960926603
76561197960926605
76561197960926607
76561197960926609
76561197960926611
76561197960926613
76561197960926617
76561197960926619
76561197960926621
76561197960926625
76561197960926627
76561197960926631
76561197960926633
76561197960926635
76561197960926637
76561197960926639
76561197960926641
76561197960926645
76561197960926647
76561197960926649
76561197960926651
76561197960926653
76561197960926655
76561197960926657
76561197960926661
76561197960926665
76561197960926667
76561197960926669
76561197960926671
76561197960926673
76561197960926677
76561197960926679
76561197960926681
76561197960926685
76561197960926687
76561197960926689
76561197960926693
76561197960926697
76561197960926701
76561197960926703
76561197960926705
76561197960926709
76561197960926711
76561197960926715
76561197960926717
76561197960926719
76561197960926721
76561197960926723
76561197960926727
76561197960926729
76561197960926735
76561197960926737
76561197960926739
76561197960926743
76561197960926745
76561197960926749
76561197960926751
76561197960926753
76561197960926757
76561197960926759
76561197960926761
76561197960926763
76561197960926765
76561197960926769
76561197960926773
76561197960926779
76561197960926781
76561197960926783
76561197960926785
76561197960926787
76561197960926791
76561197960926793
76561197960926797
76561197960926801
76561197960926803
76561197960926805
76561197960926807
76561197960926811
76561197960926815
76561197960926817
76561197960926819
76561197960926821
76561197960926823
76561197960926825
76561197960926827
76561197960926829
76561197960926831
76561197960926833
76561197960926835
76561197960926837
76561197960926843
76561197960926845
76561197960926849
76561197960926853
76561197960926857
76561197960926859
76561197960926863
76561197960926865
76561197960926871
76561197960926873
76561197960926877
76561197960926879
76561197960926881
76561197960926883
76561197960926885
76561197960926887
76561197960926889
76561197960926891
76561197960926895
76561197960926897
76561197960926899
76561197960926903
76561197960926907
76561197960926909
76561197960926911
76561197960926913
76561197960926917
76561197960926919
76561197960926921
76561197960926923
76561197960926925
76561197960926929
76561197960926931
76561197960926941
76561197960926949
76561197960926951
76561197960926955
76561197960926961
76561197960926963
76561197960926969
76561197960926971
76561197960926973
76561197960926975
76561197960926977
76561197960926979
76561197960926983
76561197960926985
76561197960926987
76561197960926989
76561197960926995
76561197960926997
76561197960926999
76561197960927001
76561197960927005
76561197960927007
76561197960927011
76561197960927013
76561197960927015
76561197960927019
76561197960927021
76561197960927025
76561197960927027
76561197960927029
76561197960927031
76561197960927035
76561197960927036
76561197960927037
76561197960927039
76561197960927041
76561197960927043
