76561197961535619
76561197961535623
76561197961535625
76561197961535627
76561197961535629
76561197961535630
76561197961535632
76561197961535634
76561197961535637
76561197961535638
76561197961535639
76561197961535644
76561197961535645
76561197961535649
76561197961535651
76561197961535654
76561197961535660
76561197961535661
76561197961535662
76561197961535663
76561197961535664
76561197961535665
76561197961535669
76561197961535671
76561197961535674
76561197961535675
76561197961535677
76561197961535684
76561197961535685
76561197961535688
76561197961535690
76561197961535693
76561197961535694
76561197961535696
76561197961535697
76561197961535699
76561197961535700
76561197961535701
76561197961535705
76561197961535710
76561197961535714
76561197961535716
76561197961535719
76561197961535720
76561197961535722
76561197961535723
76561197961535724
76561197961535725
76561197961535727
76561197961535728
76561197961535731
76561197961535733
76561197961535737
76561197961535738
76561197961535739
76561197961535740
76561197961535742
76561197961535749
76561197961535751
76561197961535752
76561197961535753
76561197961535755
76561197961535757
76561197961535759
76561197961535762
76561197961535763
76561197961535764
76561197961535767
76561197961535770
76561197961535771
76561197961535776
76561197961535778
76561197961535779
76561197961535781
76561197961535782
76561197961535783
76561197961535786
76561197961535788
76561197961535789
76561197961535793
76561197961535796
76561197961535797
76561197961535798
76561197961535804
76561197961535805
76561197961535807
76561197961535808
76561197961535809
76561197961535811
76561197961535812
76561197961535813
76561197961535816
76561197961535825
76561197961535827
76561197961535828
76561197961535829
76561197961535832
76561197961535833
76561197961535836
76561197961535837
76561197961535839
76561197961535840
76561197961535841
76561197961535844
76561197961535847
76561197961535848
76561197961535849
76561197961535851
76561197961535854
76561197961535856
76561197961535857
76561197961535860
76561197961535866
76561197961535867
76561197961535868
76561197961535874
76561197961535879
76561197961535886
76561197961535888
76561197961535890
76561197961535892
76561197961535894
76561197961535895
76561197961535898
76561197961535899
76561197961535906
76561197961535908
76561197961535910
76561197961535912
76561197961535916
76561197961535919
76561197961535920
76561197961535922
76561197961535923
76561197961535924
76561197961535925
76561197961535926
76561197961535931
76561197961535935
76561197961535936
76561197961535937
76561197961535939
76561197961535941
76561197961535945
76561197961535949
76561197961535951
76561197961535952
76561197961535955
76561197961535956
76561197961535957
76561197961535958
76561197961535959
76561197961535960
76561197961535962
76561197961535964
76561197961535965
76561197961535966
76561197961535968
76561197961535969
76561197961535970
76561197961535973
76561197961535976
76561197961535977
76561197961535979
76561197961535980
76561197961535982
76561197961535983
76561197961535987
76561197961535988
76561197961535989
76561197961535990
76561197961535991
76561197961535992
76561197961535993
76561197961535994
76561197961535996
76561197961535997
76561197961535998
76561197961536001
76561197961536003
76561197961536009
76561197961536011
76561197961536014
76561197961536015
76561197961536017
76561197961536019
76561197961536022
76561197961536025
76561197961536026
76561197961536030
76561197961536033
76561197961536038
76561197961536039
76561197961536042
76561197961536044
76561197961536045
76561197961536046
76561197961536047
76561197961536051
76561197961536052
76561197961536053
76561197961536054
76561197961536056
76561197961536060
76561197961536061
76561197961536062
76561197961536063
76561197961536064
76561197961536065
76561197961536069
76561197961536071
76561197961536074
76561197961536079
76561197961536084
76561197961536085
76561197961536086
76561197961536087
76561197961536090
76561197961536093
76561197961536094
76561197961536097
76561197961536098
76561197961536099
76561197961536101
76561197961536102
76561197961536103
76561197961536105
76561197961536106
76561197961536107
76561197961536108
76561197961536109
76561197961536113
76561197961536114
76561197961536116
76561197961536119
76561197961536120
76561197961536121
76561197961536123
76561197961536124
76561197961536127
76561197961536128
76561197961536129
76561197961536130
76561197961536131
76561197961536135
76561197961536136
76561197961536138
76561197961536140
76561197961536144
76561197961536147
76561197961536149
76561197961536150
76561197961536151
76561197961536154
76561197961536155
76561197961536156
76561197961536158
76561197961536163
76561197961536165
76561197961536166
76561197961536167
76561197961536168
76561197961536170
76561197961536172
76561197961536176
76561197961536177
76561197961536178
76561197961536180
76561197961536181
76561197961536182
76561197961536184
76561197961536188
76561197961536190
76561197961536192
76561197961536198
76561197961536204
76561197961536207
76561197961536208
76561197961536212
76561197961536213
76561197961536214
76561197961536216
76561197961536222
76561197961536223
76561197961536225
76561197961536226
76561197961536227
76561197961536232
76561197961536233
76561197961536234
76561197961536236
76561197961536238
76561197961536239
76561197961536240
76561197961536241
76561197961536244
76561197961536245
76561197961536246
76561197961536249
76561197961536251
76561197961536252
76561197961536253
76561197961536254
76561197961536257
76561197961536258
76561197961536259
76561197961536260
76561197961536262
76561197961536263
76561197961536264
76561197961536265
76561197961536266
76561197961536270
76561197961536271
76561197961536274
76561197961536279
76561197961536280
76561197961536282
76561197961536283
76561197961536286
76561197961536288
76561197961536289
76561197961536290
76561197961536292
76561197961536293
76561197961536294
76561197961536295
76561197961536297
76561197961536298
76561197961536299
76561197961536302
76561197961536303
76561197961536309
76561197961536310
76561197961536312
76561197961536314
76561197961536315
76561197961536317
76561197961536318
76561197961536321
76561197961536327
76561197961536331
76561197961536334
76561197961536336
76561197961536337
76561197961536339
76561197961536342
76561197961536343
76561197961536351
76561197961536355
76561197961536356
76561197961536359
76561197961536364
76561197961536367
76561197961536368
76561197961536373
76561197961536374
76561197961536375
76561197961536376
76561197961536377
76561197961536378
76561197961536380
76561197961536383
76561197961536385
76561197961536387
76561197961536388
76561197961536389
76561197961536391
76561197961536396
76561197961536397
76561197961536400
76561197961536401
76561197961536402
76561197961536404
76561197961536409
76561197961536410
76561197961536411
76561197961536413
76561197961536414
76561197961536415
76561197961536416
76561197961536419
76561197961536420
76561197961536422
76561197961536423
76561197961536425
76561197961536427
76561197961536428
76561197961536430
76561197961536432
76561197961536433
76561197961536434
76561197961536437
76561197961536439
76561197961536441
76561197961536442
76561197961536443
76561197961536444
76561197961536446
76561197961536447
76561197961536451
76561197961536453
76561197961536458
76561197961536459
76561197961536464
76561197961536465
76561197961536466
76561197961536467
76561197961536468
76561197961536470
76561197961536471
76561197961536473
76561197961536474
76561197961536476
76561197961536480
76561197961536481
76561197961536484
76561197961536485
76561197961536487
76561197961536488
76561197961536489
76561197961536491
76561197961536493
76561197961536495
76561197961536496
76561197961536499
76561197961536501
76561197961536503
76561197961536504
76561197961536505
76561197961536508
76561197961536509
76561197961536510
76561197961536511
76561197961536513
76561197961536518
76561197961536519
76561197961536522
76561197961536523
76561197961536525
76561197961536526
76561197961536527
76561197961536536
76561197961536538
76561197961536539
76561197961536540
76561197961536541
76561197961536542
76561197961536543
76561197961536544
76561197961536550
76561197961536554
76561197961536555
76561197961536558
76561197961536559
76561197961536561
76561197961536562
76561197961536563
76561197961536568
76561197961536570
76561197961536571
76561197961536573
76561197961536575
76561197961536578
76561197961536579
76561197961536581
76561197961536582
76561197961536583
76561197961536587
76561197961536589
76561197961536590
76561197961536591
76561197961536592
76561197961536597
76561197961536599
76561197961536600
76561197961536601
76561197961536604
76561197961536606
76561197961536610
76561197961536611
76561197961536612
76561197961536613
76561197961536614
76561197961536615
76561197961536618
76561197961536621
76561197961536622
76561197961536623
76561197961536625
76561197961536626
76561197961536627
76561197961536628
76561197961536630
76561197961536637
76561197961536638
76561197961536642
76561197961536644
76561197961536646
76561197961536652
76561197961536654
76561197961536655
76561197961536663
76561197961536664
76561197961536666
76561197961536668
76561197961536669
76561197961536673
76561197961536675
76561197961536678
76561197961536679
76561197961536680
76561197961536682
76561197961536684
76561197961536685
76561197961536687
76561197961536688
76561197961536689
76561197961536693
76561197961536694
76561197961536695
76561197961536697
76561197961536702
76561197961536704
76561197961536705
76561197961536707
76561197961536709
76561197961536711
76561197961536712
76561197961536715
76561197961536716
76561197961536717
76561197961536721
76561197961536722
76561197961536723
76561197961536725
76561197961536727
76561197961536728
76561197961536734
76561197961536736
76561197961536738
76561197961536743
76561197961536745
76561197961536746
76561197961536747
76561197961536749
76561197961536750
76561197961536754
76561197961536756
76561197961536757
76561197961536758
76561197961536764
76561197961536771
76561197961536778
76561197961536779
76561197961536780
76561197961536781
76561197961536782
76561197961536787
76561197961536793
76561197961536794
76561197961536795
76561197961536799
76561197961536801
76561197961536802
76561197961536803
76561197961536804
76561197961536805
76561197961536806
76561197961536815
76561197961536816
76561197961536819
76561197961536822
76561197961536823
76561197961536824
76561197961536825
76561197961536826
76561197961536827
76561197961536828
76561197961536832
76561197961536834
76561197961536837
76561197961536838
76561197961536840
76561197961536842
76561197961536843
76561197961536845
76561197961536846
76561197961536847
76561197961536848
76561197961536849
76561197961536851
76561197961536852
76561197961536853
76561197961536855
76561197961536856
76561197961536857
76561197961536859
76561197961536860
76561197961536864
76561197961536866
76561197961536869
76561197961536874
76561197961536875
76561197961536880
76561197961536881
76561197961536882
76561197961536883
76561197961536885
76561197961536888
76561197961536890
76561197961536891
76561197961536893
76561197961536894
76561197961536895
76561197961536897
76561197961536898
76561197961536902
76561197961536903
76561197961536904
76561197961536909
76561197961536911
76561197961536912
76561197961536913
76561197961536914
76561197961536915
76561197961536916
76561197961536917
76561197961536918
76561197961536919
76561197961536921
76561197961536922
76561197961536923
76561197961536924
76561197961536926
76561197961536928
76561197961536931
76561197961536932
76561197961536933
76561197961536934
76561197961536936
76561197961536938
76561197961536939
76561197961536940
76561197961536942
76561197961536943
76561197961536946
76561197961536947
76561197961536948
76561197961536949
76561197961536950
76561197961536951
76561197961536956
76561197961536958
76561197961536960
76561197961536963
76561197961536967
76561197961536970
76561197961536972
76561197961536974
76561197961536978
76561197961536980
76561197961536981
76561197961536982
76561197961536984
76561197961536985
76561197961536990
76561197961536993
76561197961536994
76561197961536995
76561197961536997
76561197961536998
76561197961536999
76561197961537001
76561197961537002
76561197961537003
76561197961537004
76561197961537006
76561197961537008
76561197961537009
76561197961537010
76561197961537011
76561197961537012
76561197961537015
76561197961537016
76561197961537017
76561197961537020
76561197961537022
76561197961537023
76561197961537024
76561197961537027
76561197961537035
76561197961537036
76561197961537037
76561197961537042
76561197961537043
76561197961537046
76561197961537050
76561197961537052
76561197961537053
76561197961537055
76561197961537058
76561197961537061
76561197961537062
76561197961537063
76561197961537064
76561197961537067
76561197961537072
76561197961537073
76561197961537074
76561197961537079
76561197961537087
76561197961537089
76561197961537091
76561197961537092
76561197961537095
76561197961537097
76561197961537098
76561197961537099
76561197961537101
76561197961537103
76561197961537104
76561197961537106
76561197961537111
76561197961537112
76561197961537113
76561197961537115
76561197961537118
76561197961537123
76561197961537124
76561197961537125
76561197961537126
76561197961537127
76561197961537128
76561197961537129
76561197961537130
76561197961537131
76561197961537132
76561197961537133
76561197961537136
76561197961537137
76561197961537139
76561197961537142
76561197961537144
76561197961537145
76561197961537146
76561197961537147
76561197961537150
76561197961537151
76561197961537152
76561197961537153
76561197961537155
76561197961537156
76561197961537157
76561197961537159
76561197961537160
76561197961537161
76561197961537164
76561197961537165
76561197961537168
76561197961537169
76561197961537170
76561197961537171
76561197961537174
76561197961537176
76561197961537180
76561197961537181
76561197961537187
76561197961537189
76561197961537190
76561197961537193
76561197961537195
76561197961537197
76561197961537198
76561197961537200
76561197961537205
76561197961537207
76561197961537210
76561197961537211
76561197961537213
76561197961537215
76561197961537216
76561197961537219
76561197961537221
76561197961537223
76561197961537227
76561197961537231
76561197961537232
76561197961537233
76561197961537235
76561197961537238
76561197961537239
76561197961537240
76561197961537242
76561197961537247
76561197961537248
76561197961537249
76561197961537251
76561197961537254
76561197961537256
76561197961537258
76561197961537260
76561197961537263
76561197961537264
76561197961537265
76561197961537266
76561197961537267
76561197961537268
76561197961537269
76561197961537271
76561197961537272
76561197961537273
76561197961537274
76561197961537276
76561197961537277
76561197961537278
76561197961537279
76561197961537287
76561197961537291
76561197961537292
76561197961537294
76561197961537295
76561197961537297
76561197961537299
76561197961537300
76561197961537306
76561197961537310
76561197961537313
76561197961537314
76561197961537317
76561197961537318
76561197961537320
76561197961537323
76561197961537324
76561197961537327
76561197961537328
76561197961537332
76561197961537334
76561197961537340
76561197961537341
76561197961537342
76561197961537343
76561197961537345
76561197961537349
76561197961537350
76561197961537358
76561197961537359
76561197961537360
76561197961537361
76561197961537362
76561197961537367
76561197961537372
76561197961537374
76561197961537381
76561197961537382
76561197961537385
76561197961537388
76561197961537391
76561197961537392
76561197961537394
76561197961537395
76561197961537397
76561197961537402
76561197961537404
76561197961537405
76561197961537406
76561197961537408
76561197961537412
76561197961537414
76561197961537424
76561197961537425
76561197961537428
76561197961537430
76561197961537431
76561197961537434
76561197961537436
76561197961537437
76561197961537438
76561197961537440
76561197961537443
76561197961537445
76561197961537447
76561197961537450
76561197961537451
76561197961537453
76561197961537462
76561197961537463
76561197961537465
76561197961537468
76561197961537469
76561197961537470
76561197961537472
76561197961537473
76561197961537476
76561197961537477
76561197961537479
76561197961537481
76561197961537485
76561197961537486
76561197961537488
76561197961537490
76561197961537493
76561197961537494
76561197961537497
76561197961537499
76561197961537502
76561197961537504
76561197961537505
76561197961537507
76561197961537508
76561197961537509
76561197961537510
76561197961537512
76561197961537516
76561197961537521
76561197961537522
76561197961537526
76561197961537527
76561197961537528
76561197961537529
76561197961537530
76561197961537531
76561197961537532
76561197961537534
76561197961537536
76561197961537539
76561197961537541
76561197961537543
76561197961537547
76561197961537549
76561197961537552
76561197961537556
76561197961537558
76561197961537559
76561197961537560
76561197961537561
76561197961537565
76561197961537566
76561197961537568
76561197961537573
76561197961537575
76561197961537578
76561197961537580
76561197961537581
76561197961537582
76561197961537584
76561197961537585
76561197961537586
76561197961537587
76561197961537589
76561197961537590
76561197961537591
76561197961537592
76561197961537594
76561197961537595
76561197961537597
76561197961537599
76561197961537600
76561197961537601
76561197961537602
76561197961537604
76561197961537609
76561197961537610
76561197961537612
76561197961537614
76561197961537615
76561197961537617
76561197961537618
76561197961537620
76561197961537621
76561197961537622
76561197961537627
76561197961537628
76561197961537630
76561197961537631
76561197961537632
76561197961537633
76561197961537635
76561197961537637
76561197961537638
76561197961537639
76561197961537641
76561197961537642
76561197961537643
76561197961537645
76561197961537646
76561197961537648
76561197961537651
76561197961537653
76561197961537655
76561197961537656
76561197961537659
76561197961537660
76561197961537662
76561197961537664
76561197961537665
76561197961537669
76561197961537670
76561197961537671
76561197961537677
