76561197961871463
76561197961871465
76561197961871470
76561197961871471
76561197961871476
76561197961871479
76561197961871480
76561197961871481
76561197961871482
76561197961871486
76561197961871488
76561197961871489
76561197961871490
76561197961871491
76561197961871494
76561197961871495
76561197961871497
76561197961871498
76561197961871501
76561197961871505
76561197961871510
76561197961871512
76561197961871515
76561197961871520
76561197961871522
76561197961871523
76561197961871524
76561197961871526
76561197961871528
76561197961871530
76561197961871532
76561197961871533
76561197961871537
76561197961871538
76561197961871539
76561197961871545
76561197961871548
76561197961871550
76561197961871553
76561197961871558
76561197961871559
76561197961871562
76561197961871564
76561197961871566
76561197961871570
76561197961871572
76561197961871575
76561197961871577
76561197961871578
76561197961871581
76561197961871582
76561197961871585
76561197961871588
76561197961871595
76561197961871598
76561197961871600
76561197961871601
76561197961871602
76561197961871603
76561197961871604
76561197961871607
76561197961871609
76561197961871610
76561197961871618
76561197961871624
76561197961871625
76561197961871626
76561197961871627
76561197961871628
76561197961871629
76561197961871630
76561197961871636
76561197961871637
76561197961871638
76561197961871639
76561197961871640
76561197961871644
76561197961871645
76561197961871646
76561197961871647
76561197961871648
76561197961871649
76561197961871650
76561197961871655
76561197961871658
76561197961871659
76561197961871660
76561197961871662
76561197961871663
76561197961871664
76561197961871665
76561197961871668
76561197961871670
76561197961871673
76561197961871674
76561197961871675
76561197961871676
76561197961871679
76561197961871681
76561197961871682
76561197961871683
76561197961871684
76561197961871687
76561197961871688
76561197961871689
76561197961871690
76561197961871692
76561197961871694
76561197961871695
76561197961871696
76561197961871698
76561197961871700
76561197961871703
76561197961871707
76561197961871708
76561197961871710
76561197961871715
76561197961871717
76561197961871721
76561197961871722
76561197961871723
76561197961871728
76561197961871731
76561197961871733
76561197961871737
76561197961871740
76561197961871741
76561197961871742
76561197961871744
76561197961871746
76561197961871748
76561197961871749
76561197961871751
76561197961871752
76561197961871762
76561197961871766
76561197961871767
76561197961871768
76561197961871770
76561197961871771
76561197961871773
76561197961871774
76561197961871775
76561197961871778
76561197961871779
76561197961871780
76561197961871782
76561197961871783
76561197961871784
76561197961871785
76561197961871786
76561197961871787
76561197961871788
76561197961871795
76561197961871797
76561197961871801
76561197961871802
76561197961871807
76561197961871809
76561197961871810
76561197961871815
76561197961871816
76561197961871818
76561197961871819
76561197961871823
76561197961871826
76561197961871830
76561197961871833
76561197961871838
76561197961871841
76561197961871842
76561197961871846
76561197961871851
76561197961871852
76561197961871854
76561197961871859
76561197961871862
76561197961871866
76561197961871868
76561197961871869
76561197961871871
76561197961871872
76561197961871874
76561197961871877
76561197961871878
76561197961871882
76561197961871883
76561197961871884
76561197961871886
76561197961871888
76561197961871893
76561197961871896
76561197961871899
76561197961871900
76561197961871904
76561197961871910
76561197961871912
76561197961871914
76561197961871916
76561197961871919
76561197961871922
76561197961871925
76561197961871926
76561197961871932
76561197961871943
76561197961871949
76561197961871950
76561197961871951
76561197961871953
76561197961871954
76561197961871955
76561197961871956
76561197961871961
76561197961871962
76561197961871964
76561197961871966
76561197961871967
76561197961871968
76561197961871970
76561197961871975
76561197961871976
76561197961871978
76561197961871982
76561197961871983
76561197961871984
76561197961871985
76561197961871986
76561197961871988
76561197961871994
76561197961871996
76561197961871997
76561197961871999
76561197961872003
76561197961872004
76561197961872005
76561197961872006
76561197961872008
76561197961872009
76561197961872012
76561197961872014
76561197961872015
76561197961872016
76561197961872019
76561197961872020
76561197961872021
76561197961872022
76561197961872023
76561197961872026
76561197961872028
76561197961872030
76561197961872031
76561197961872032
76561197961872037
76561197961872038
76561197961872043
76561197961872046
76561197961872049
76561197961872056
76561197961872057
76561197961872061
76561197961872064
76561197961872066
76561197961872070
76561197961872071
76561197961872073
76561197961872075
76561197961872077
76561197961872078
76561197961872080
76561197961872082
76561197961872085
76561197961872090
76561197961872091
76561197961872100
76561197961872109
76561197961872111
76561197961872113
76561197961872114
76561197961872116
76561197961872118
76561197961872120
76561197961872122
76561197961872125
76561197961872131
76561197961872132
76561197961872133
76561197961872134
76561197961872135
76561197961872137
76561197961872139
76561197961872142
76561197961872144
76561197961872148
76561197961872153
76561197961872157
76561197961872160
76561197961872164
76561197961872165
76561197961872167
76561197961872168
76561197961872169
76561197961872170
76561197961872171
76561197961872172
76561197961872173
76561197961872177
76561197961872180
76561197961872181
76561197961872183
76561197961872186
76561197961872188
76561197961872189
76561197961872192
76561197961872194
76561197961872195
76561197961872196
76561197961872198
76561197961872201
76561197961872205
76561197961872210
76561197961872211
76561197961872216
76561197961872222
76561197961872223
76561197961872224
76561197961872225
76561197961872226
76561197961872228
76561197961872229
76561197961872230
76561197961872233
76561197961872234
76561197961872235
76561197961872238
76561197961872242
76561197961872247
76561197961872248
76561197961872249
76561197961872250
76561197961872254
76561197961872256
76561197961872257
76561197961872260
76561197961872263
76561197961872266
76561197961872267
76561197961872269
76561197961872270
76561197961872276
76561197961872286
76561197961872291
76561197961872292
76561197961872294
76561197961872297
76561197961872298
76561197961872299
76561197961872302
76561197961872303
76561197961872310
76561197961872311
76561197961872312
76561197961872314
76561197961872315
76561197961872316
76561197961872320
76561197961872322
76561197961872323
76561197961872325
76561197961872326
76561197961872327
76561197961872328
76561197961872329
76561197961872331
76561197961872332
76561197961872334
76561197961872336
76561197961872340
76561197961872342
76561197961872344
76561197961872345
76561197961872350
76561197961872351
76561197961872352
76561197961872354
76561197961872355
76561197961872358
76561197961872361
76561197961872362
76561197961872364
76561197961872365
76561197961872366
76561197961872369
76561197961872371
76561197961872373
76561197961872375
76561197961872376
76561197961872378
76561197961872382
76561197961872385
76561197961872387
76561197961872388
76561197961872389
76561197961872393
76561197961872395
76561197961872397
76561197961872398
76561197961872403
76561197961872405
76561197961872408
76561197961872413
76561197961872416
76561197961872417
76561197961872418
76561197961872420
76561197961872422
76561197961872425
76561197961872426
76561197961872428
76561197961872432
76561197961872433
76561197961872435
76561197961872437
76561197961872442
76561197961872443
76561197961872447
76561197961872449
76561197961872451
76561197961872452
76561197961872455
76561197961872460
76561197961872462
76561197961872464
76561197961872466
76561197961872474
76561197961872475
76561197961872476
76561197961872479
76561197961872482
76561197961872486
76561197961872487
76561197961872490
76561197961872495
76561197961872498
76561197961872500
76561197961872504
76561197961872505
76561197961872507
76561197961872511
76561197961872513
76561197961872514
76561197961872518
76561197961872519
76561197961872520
76561197961872527
76561197961872528
76561197961872530
76561197961872532
76561197961872534
76561197961872536
76561197961872538
76561197961872541
76561197961872542
76561197961872544
76561197961872546
76561197961872547
76561197961872548
76561197961872550
76561197961872554
76561197961872556
76561197961872558
76561197961872562
76561197961872565
76561197961872566
76561197961872568
76561197961872569
76561197961872570
76561197961872572
76561197961872576
76561197961872578
76561197961872580
76561197961872582
76561197961872583
76561197961872584
76561197961872586
76561197961872587
76561197961872590
76561197961872594
76561197961872595
76561197961872596
76561197961872599
76561197961872600
76561197961872604
76561197961872611
76561197961872616
76561197961872617
76561197961872618
76561197961872620
76561197961872624
76561197961872626
76561197961872628
76561197961872630
76561197961872631
76561197961872633
76561197961872635
76561197961872638
76561197961872640
76561197961872641
76561197961872642
76561197961872643
76561197961872644
76561197961872645
76561197961872648
76561197961872654
76561197961872655
76561197961872656
76561197961872658
76561197961872659
76561197961872660
76561197961872663
76561197961872664
76561197961872673
76561197961872674
76561197961872675
76561197961872676
76561197961872677
76561197961872678
76561197961872679
76561197961872681
76561197961872682
76561197961872683
76561197961872685
76561197961872688
76561197961872690
76561197961872691
76561197961872693
76561197961872698
76561197961872699
76561197961872705
76561197961872707
76561197961872709
76561197961872710
76561197961872712
76561197961872714
76561197961872719
76561197961872725
76561197961872726
76561197961872729
76561197961872733
76561197961872737
76561197961872738
76561197961872739
76561197961872741
76561197961872742
76561197961872743
76561197961872745
76561197961872748
76561197961872750
76561197961872753
76561197961872756
76561197961872758
76561197961872762
76561197961872763
76561197961872764
76561197961872765
76561197961872769
76561197961872770
76561197961872771
76561197961872772
76561197961872774
76561197961872776
76561197961872778
76561197961872781
76561197961872782
76561197961872784
76561197961872785
76561197961872786
76561197961872787
76561197961872788
76561197961872792
76561197961872794
76561197961872796
76561197961872800
76561197961872802
76561197961872803
76561197961872808
76561197961872810
76561197961872811
76561197961872813
76561197961872815
76561197961872825
76561197961872827
76561197961872828
76561197961872829
76561197961872830
76561197961872832
76561197961872834
76561197961872838
76561197961872841
76561197961872844
76561197961872845
76561197961872846
76561197961872848
76561197961872850
76561197961872851
76561197961872852
76561197961872862
76561197961872864
76561197961872866
76561197961872867
76561197961872870
76561197961872872
76561197961872874
76561197961872877
76561197961872878
76561197961872881
76561197961872882
76561197961872884
76561197961872890
76561197961872891
76561197961872892
76561197961872896
76561197961872897
76561197961872900
76561197961872901
76561197961872903
76561197961872904
76561197961872905
76561197961872906
76561197961872909
76561197961872911
76561197961872913
76561197961872915
76561197961872918
76561197961872919
76561197961872922
76561197961872923
76561197961872924
76561197961872932
76561197961872934
76561197961872937
76561197961872939
76561197961872942
76561197961872944
76561197961872948
76561197961872953
76561197961872954
76561197961872955
76561197961872960
76561197961872962
76561197961872964
76561197961872965
76561197961872968
76561197961872970
76561197961872973
76561197961872976
76561197961872978
76561197961872979
76561197961872982
76561197961872985
76561197961872986
76561197961872987
76561197961872988
76561197961872989
76561197961872990
76561197961872992
76561197961872993
76561197961872994
76561197961872996
76561197961873000
76561197961873001
76561197961873002
76561197961873009
76561197961873010
76561197961873014
76561197961873018
76561197961873019
76561197961873020
76561197961873021
76561197961873024
76561197961873025
76561197961873026
76561197961873027
76561197961873028
76561197961873029
76561197961873030
76561197961873032
76561197961873035
76561197961873036
76561197961873037
76561197961873039
76561197961873040
76561197961873042
76561197961873043
76561197961873044
76561197961873046
76561197961873049
76561197961873052
76561197961873055
76561197961873056
76561197961873062
76561197961873063
76561197961873064
76561197961873068
76561197961873069
76561197961873070
76561197961873071
76561197961873072
76561197961873074
76561197961873076
76561197961873078
76561197961873079
76561197961873081
76561197961873082
76561197961873085
76561197961873086
76561197961873087
76561197961873091
76561197961873093
76561197961873095
76561197961873097
76561197961873098
76561197961873100
76561197961873101
76561197961873102
76561197961873104
76561197961873105
76561197961873106
76561197961873109
76561197961873110
76561197961873111
76561197961873112
76561197961873114
76561197961873116
76561197961873118
76561197961873119
76561197961873122
76561197961873124
76561197961873126
76561197961873127
76561197961873128
76561197961873129
76561197961873130
76561197961873131
76561197961873132
76561197961873133
76561197961873138
76561197961873139
76561197961873141
76561197961873142
76561197961873145
76561197961873149
76561197961873152
76561197961873156
76561197961873159
76561197961873163
76561197961873164
76561197961873165
76561197961873166
76561197961873167
76561197961873171
76561197961873172
76561197961873176
76561197961873177
76561197961873179
76561197961873180
76561197961873182
76561197961873183
76561197961873187
76561197961873188
76561197961873190
76561197961873191
76561197961873195
76561197961873200
76561197961873202
76561197961873205
76561197961873206
76561197961873208
76561197961873211
76561197961873214
76561197961873217
76561197961873218
76561197961873219
76561197961873223
76561197961873228
76561197961873232
76561197961873234
76561197961873236
76561197961873238
76561197961873240
76561197961873242
76561197961873244
76561197961873248
76561197961873249
76561197961873252
76561197961873256
76561197961873258
76561197961873259
76561197961873260
76561197961873262
76561197961873266
76561197961873267
76561197961873269
76561197961873273
76561197961873275
76561197961873276
76561197961873277
76561197961873280
76561197961873282
76561197961873283
76561197961873284
76561197961873286
76561197961873288
76561197961873292
76561197961873294
76561197961873295
76561197961873296
76561197961873304
76561197961873305
76561197961873308
76561197961873310
76561197961873312
76561197961873315
76561197961873319
76561197961873320
76561197961873324
76561197961873325
76561197961873326
76561197961873327
76561197961873328
76561197961873330
76561197961873332
76561197961873335
76561197961873337
76561197961873338
76561197961873340
76561197961873342
76561197961873346
76561197961873348
76561197961873349
76561197961873350
76561197961873353
76561197961873354
76561197961873355
76561197961873356
76561197961873357
76561197961873364
76561197961873366
76561197961873367
76561197961873372
76561197961873373
76561197961873375
76561197961873379
76561197961873381
76561197961873383
76561197961873384
76561197961873386
76561197961873388
76561197961873389
76561197961873390
76561197961873391
76561197961873393
76561197961873394
76561197961873397
76561197961873400
76561197961873402
76561197961873403
76561197961873407
76561197961873408
76561197961873410
76561197961873411
76561197961873412
76561197961873413
76561197961873414
76561197961873416
76561197961873419
76561197961873420
76561197961873421
76561197961873424
76561197961873425
76561197961873426
76561197961873427
76561197961873431
76561197961873433
76561197961873435
76561197961873436
76561197961873439
76561197961873440
76561197961873442
76561197961873443
76561197961873448
76561197961873451
76561197961873453
76561197961873454
76561197961873455
76561197961873456
76561197961873461
76561197961873462
76561197961873465
76561197961873468
76561197961873470
76561197961873471
76561197961873472
76561197961873474
76561197961873477
76561197961873479
76561197961873480
76561197961873481
76561197961873482
76561197961873484
76561197961873486
76561197961873488
76561197961873489
76561197961873490
76561197961873493
76561197961873497
76561197961873500
76561197961873507
76561197961873510
76561197961873514
76561197961873515
76561197961873517
76561197961873518
76561197961873519
76561197961873520
76561197961873522
76561197961873524
76561197961873525
76561197961873526
76561197961873529
76561197961873532
76561197961873537
76561197961873538
76561197961873541
76561197961873546
76561197961873547
76561197961873552
76561197961873556
76561197961873559
76561197961873562
76561197961873570
76561197961873574
76561197961873575
76561197961873577
76561197961873578
76561197961873579
76561197961873583
76561197961873587
76561197961873588
76561197961873589
76561197961873590
76561197961873594
76561197961873595
76561197961873596
76561197961873597
76561197961873598
76561197961873599
76561197961873601
76561197961873603
76561197961873604
76561197961873605
76561197961873607
76561197961873610
76561197961873612
76561197961873615
76561197961873617
76561197961873620
76561197961873622
76561197961873623
76561197961873624
76561197961873627
76561197961873628
76561197961873632
76561197961873637
76561197961873641
76561197961873644
76561197961873645
76561197961873649
76561197961873650
76561197961873653
76561197961873656
76561197961873659
76561197961873661
76561197961873662
76561197961873663
76561197961873666
76561197961873667
76561197961873671
76561197961873675
76561197961873676
76561197961873678
76561197961873680
76561197961873681
76561197961873682
76561197961873683
76561197961873684
76561197961873685
76561197961873686
76561197961873687
76561197961873689
76561197961873690
