76561197961929132
76561197961929133
76561197961929135
76561197961929137
76561197961929139
76561197961929144
76561197961929145
76561197961929146
76561197961929148
76561197961929152
76561197961929153
76561197961929155
76561197961929158
76561197961929159
76561197961929162
76561197961929165
76561197961929169
76561197961929170
76561197961929171
76561197961929172
76561197961929175
76561197961929177
76561197961929178
76561197961929179
76561197961929180
76561197961929183
76561197961929186
76561197961929188
76561197961929191
76561197961929194
76561197961929198
76561197961929200
76561197961929202
76561197961929204
76561197961929207
76561197961929209
76561197961929212
76561197961929213
76561197961929214
76561197961929215
76561197961929217
76561197961929222
76561197961929223
76561197961929224
76561197961929225
76561197961929226
76561197961929227
76561197961929228
76561197961929229
76561197961929230
76561197961929233
76561197961929235
76561197961929236
76561197961929237
76561197961929238
76561197961929239
76561197961929240
76561197961929244
76561197961929252
76561197961929253
76561197961929255
76561197961929256
76561197961929257
76561197961929258
76561197961929259
76561197961929260
76561197961929264
76561197961929266
76561197961929267
76561197961929268
76561197961929270
76561197961929273
76561197961929274
76561197961929281
76561197961929282
76561197961929284
76561197961929285
76561197961929291
76561197961929292
76561197961929294
76561197961929296
76561197961929298
76561197961929299
76561197961929302
76561197961929303
76561197961929307
76561197961929312
76561197961929322
76561197961929326
76561197961929327
76561197961929328
76561197961929330
76561197961929334
76561197961929335
76561197961929336
76561197961929337
76561197961929340
76561197961929342
76561197961929346
76561197961929347
76561197961929349
76561197961929352
76561197961929354
76561197961929358
76561197961929361
76561197961929365
76561197961929366
76561197961929367
76561197961929368
76561197961929369
76561197961929370
76561197961929371
76561197961929372
76561197961929374
76561197961929377
76561197961929380
76561197961929381
76561197961929382
76561197961929383
76561197961929385
76561197961929386
76561197961929388
76561197961929393
76561197961929395
76561197961929399
76561197961929402
76561197961929403
76561197961929404
76561197961929405
76561197961929406
76561197961929407
76561197961929415
76561197961929416
76561197961929418
76561197961929419
76561197961929420
76561197961929421
76561197961929422
76561197961929426
76561197961929427
76561197961929429
76561197961929430
76561197961929433
76561197961929440
76561197961929441
76561197961929442
76561197961929446
76561197961929448
76561197961929452
76561197961929453
76561197961929454
76561197961929456
76561197961929458
76561197961929463
76561197961929464
76561197961929465
76561197961929467
76561197961929472
76561197961929475
76561197961929478
76561197961929480
76561197961929483
76561197961929485
76561197961929487
76561197961929489
76561197961929491
76561197961929495
76561197961929497
76561197961929498
76561197961929499
76561197961929500
76561197961929503
76561197961929505
76561197961929506
76561197961929507
76561197961929510
76561197961929512
76561197961929513
76561197961929515
76561197961929516
76561197961929520
76561197961929522
76561197961929524
76561197961929525
76561197961929527
76561197961929528
76561197961929529
76561197961929531
76561197961929532
76561197961929534
76561197961929537
76561197961929538
76561197961929540
76561197961929541
76561197961929543
76561197961929545
76561197961929546
76561197961929548
76561197961929552
76561197961929554
76561197961929555
76561197961929556
76561197961929561
76561197961929562
76561197961929563
76561197961929564
76561197961929566
76561197961929568
76561197961929570
76561197961929571
76561197961929573
76561197961929576
76561197961929577
76561197961929580
76561197961929585
76561197961929586
76561197961929588
76561197961929591
76561197961929594
76561197961929597
76561197961929598
76561197961929603
76561197961929604
76561197961929606
76561197961929608
76561197961929609
76561197961929613
76561197961929615
76561197961929617
76561197961929618
76561197961929619
76561197961929620
76561197961929623
76561197961929624
76561197961929625
76561197961929627
76561197961929629
76561197961929631
76561197961929635
76561197961929638
76561197961929642
76561197961929643
76561197961929648
76561197961929649
76561197961929650
76561197961929654
76561197961929657
76561197961929658
76561197961929659
76561197961929660
76561197961929664
76561197961929665
76561197961929667
76561197961929669
76561197961929670
76561197961929671
76561197961929674
76561197961929676
76561197961929680
76561197961929684
76561197961929685
76561197961929687
76561197961929690
76561197961929691
76561197961929692
76561197961929693
76561197961929695
76561197961929697
76561197961929700
76561197961929703
76561197961929704
76561197961929707
76561197961929708
76561197961929709
76561197961929712
76561197961929713
76561197961929714
76561197961929717
76561197961929721
76561197961929727
76561197961929729
76561197961929731
76561197961929733
76561197961929738
76561197961929739
76561197961929742
76561197961929744
76561197961929746
76561197961929748
76561197961929749
76561197961929751
76561197961929761
76561197961929765
76561197961929770
76561197961929773
76561197961929774
76561197961929777
76561197961929779
76561197961929782
76561197961929784
76561197961929785
76561197961929786
76561197961929789
76561197961929791
76561197961929792
76561197961929793
76561197961929797
76561197961929799
76561197961929800
76561197961929801
76561197961929804
76561197961929807
76561197961929808
76561197961929809
76561197961929811
76561197961929812
76561197961929813
76561197961929815
76561197961929817
76561197961929825
76561197961929826
76561197961929828
76561197961929831
76561197961929832
76561197961929835
76561197961929836
76561197961929837
76561197961929838
76561197961929842
76561197961929843
76561197961929846
76561197961929847
76561197961929850
76561197961929853
76561197961929854
76561197961929857
76561197961929858
76561197961929864
76561197961929867
76561197961929870
76561197961929872
76561197961929875
76561197961929878
76561197961929879
76561197961929880
76561197961929890
76561197961929893
76561197961929896
76561197961929899
76561197961929901
76561197961929903
76561197961929907
76561197961929909
76561197961929912
76561197961929914
76561197961929915
76561197961929916
76561197961929917
76561197961929918
76561197961929919
76561197961929920
76561197961929921
76561197961929922
76561197961929924
76561197961929928
76561197961929929
76561197961929932
76561197961929934
76561197961929935
76561197961929941
76561197961929946
76561197961929948
76561197961929949
76561197961929950
76561197961929951
76561197961929952
76561197961929953
76561197961929957
76561197961929961
76561197961929962
76561197961929963
76561197961929964
76561197961929965
76561197961929967
76561197961929968
76561197961929969
76561197961929971
76561197961929974
76561197961929981
76561197961929982
76561197961929985
76561197961929986
76561197961929987
76561197961929990
76561197961929991
76561197961929995
76561197961929996
76561197961929999
76561197961930000
76561197961930004
76561197961930006
76561197961930007
76561197961930008
76561197961930009
76561197961930011
76561197961930012
76561197961930015
76561197961930021
76561197961930022
76561197961930024
76561197961930026
76561197961930027
76561197961930030
76561197961930031
76561197961930037
76561197961930038
76561197961930039
76561197961930040
76561197961930046
76561197961930050
76561197961930051
76561197961930052
76561197961930053
76561197961930057
76561197961930058
76561197961930060
76561197961930062
76561197961930063
76561197961930064
76561197961930065
76561197961930068
76561197961930069
76561197961930071
76561197961930072
76561197961930080
76561197961930081
76561197961930082
76561197961930086
76561197961930088
76561197961930089
76561197961930090
76561197961930091
76561197961930093
76561197961930095
76561197961930096
76561197961930097
76561197961930099
76561197961930101
76561197961930104
76561197961930106
76561197961930107
76561197961930109
76561197961930112
76561197961930113
76561197961930116
76561197961930117
76561197961930118
76561197961930120
76561197961930121
76561197961930124
76561197961930126
76561197961930131
76561197961930133
76561197961930136
76561197961930138
76561197961930140
76561197961930142
76561197961930143
76561197961930145
76561197961930148
76561197961930149
76561197961930150
76561197961930151
76561197961930154
76561197961930155
76561197961930157
76561197961930158
76561197961930161
76561197961930167
76561197961930170
76561197961930171
76561197961930173
76561197961930174
76561197961930176
76561197961930179
76561197961930181
76561197961930187
76561197961930190
76561197961930193
76561197961930198
76561197961930200
76561197961930201
76561197961930202
76561197961930204
76561197961930207
76561197961930208
76561197961930211
76561197961930213
76561197961930214
76561197961930219
76561197961930220
76561197961930222
76561197961930225
76561197961930229
76561197961930231
76561197961930233
76561197961930234
76561197961930236
76561197961930240
76561197961930243
76561197961930245
76561197961930247
76561197961930250
76561197961930253
76561197961930255
76561197961930260
76561197961930265
76561197961930268
76561197961930269
76561197961930270
76561197961930273
76561197961930275
76561197961930276
76561197961930277
76561197961930280
76561197961930281
76561197961930283
76561197961930284
76561197961930286
76561197961930289
76561197961930290
76561197961930293
76561197961930296
76561197961930297
76561197961930298
76561197961930299
76561197961930301
76561197961930302
76561197961930303
76561197961930304
76561197961930309
76561197961930310
76561197961930313
76561197961930316
76561197961930320
76561197961930323
76561197961930327
76561197961930328
76561197961930332
76561197961930336
76561197961930338
76561197961930342
76561197961930344
76561197961930345
76561197961930346
76561197961930349
76561197961930351
76561197961930354
76561197961930356
76561197961930358
76561197961930361
76561197961930362
76561197961930364
76561197961930369
76561197961930374
76561197961930375
76561197961930376
76561197961930377
76561197961930378
76561197961930379
76561197961930380
76561197961930381
76561197961930383
76561197961930386
76561197961930388
76561197961930389
76561197961930390
76561197961930391
76561197961930392
76561197961930396
76561197961930400
76561197961930401
76561197961930402
76561197961930407
76561197961930409
76561197961930410
76561197961930411
76561197961930413
76561197961930414
76561197961930415
76561197961930417
76561197961930421
76561197961930423
76561197961930424
76561197961930426
76561197961930429
76561197961930430
76561197961930431
76561197961930433
76561197961930435
76561197961930438
76561197961930439
76561197961930442
76561197961930443
76561197961930444
76561197961930451
76561197961930454
76561197961930455
76561197961930456
76561197961930459
76561197961930460
76561197961930463
76561197961930464
76561197961930465
76561197961930468
76561197961930470
76561197961930471
76561197961930472
76561197961930473
76561197961930475
76561197961930476
76561197961930478
76561197961930485
76561197961930486
76561197961930488
76561197961930490
76561197961930491
76561197961930493
76561197961930495
76561197961930501
76561197961930504
76561197961930505
76561197961930506
76561197961930507
76561197961930510
76561197961930514
76561197961930515
76561197961930516
76561197961930517
76561197961930519
76561197961930522
76561197961930525
76561197961930526
76561197961930527
76561197961930528
76561197961930530
76561197961930534
76561197961930537
76561197961930538
76561197961930540
76561197961930545
76561197961930547
76561197961930548
76561197961930549
76561197961930551
76561197961930552
76561197961930553
76561197961930555
76561197961930556
76561197961930558
76561197961930560
76561197961930561
76561197961930562
76561197961930567
76561197961930568
76561197961930570
76561197961930571
76561197961930572
76561197961930573
76561197961930574
76561197961930576
76561197961930577
76561197961930582
76561197961930583
76561197961930584
76561197961930586
76561197961930589
76561197961930593
76561197961930594
76561197961930597
76561197961930599
76561197961930600
76561197961930601
76561197961930602
76561197961930603
76561197961930605
76561197961930606
76561197961930610
76561197961930611
76561197961930613
76561197961930614
76561197961930615
76561197961930620
76561197961930624
76561197961930626
76561197961930627
76561197961930628
76561197961930631
76561197961930632
76561197961930637
76561197961930638
76561197961930639
76561197961930640
76561197961930641
76561197961930642
76561197961930643
76561197961930647
76561197961930648
76561197961930650
76561197961930652
76561197961930653
76561197961930654
76561197961930655
76561197961930656
76561197961930659
76561197961930660
76561197961930666
76561197961930667
76561197961930669
76561197961930671
76561197961930672
76561197961930673
76561197961930675
76561197961930676
76561197961930679
76561197961930680
76561197961930683
76561197961930687
76561197961930688
76561197961930690
76561197961930692
76561197961930698
76561197961930699
76561197961930700
76561197961930702
76561197961930703
76561197961930704
76561197961930705
76561197961930706
76561197961930707
76561197961930714
76561197961930717
76561197961930721
76561197961930723
76561197961930724
76561197961930727
76561197961930730
76561197961930731
76561197961930732
76561197961930734
76561197961930736
76561197961930739
76561197961930741
76561197961930742
76561197961930743
76561197961930747
76561197961930748
76561197961930753
76561197961930754
76561197961930756
76561197961930757
76561197961930758
76561197961930763
76561197961930764
76561197961930765
76561197961930770
76561197961930772
76561197961930773
76561197961930774
76561197961930776
76561197961930782
76561197961930783
76561197961930784
76561197961930785
76561197961930786
76561197961930787
76561197961930789
76561197961930791
76561197961930793
76561197961930795
76561197961930796
76561197961930799
76561197961930802
76561197961930805
76561197961930806
76561197961930811
76561197961930815
76561197961930819
76561197961930822
76561197961930825
76561197961930827
76561197961930829
76561197961930830
76561197961930831
76561197961930835
76561197961930837
76561197961930841
76561197961930843
76561197961930845
76561197961930847
76561197961930848
76561197961930849
76561197961930854
76561197961930858
76561197961930859
76561197961930861
76561197961930863
76561197961930864
76561197961930872
76561197961930873
76561197961930876
76561197961930879
76561197961930882
76561197961930883
76561197961930888
76561197961930890
76561197961930891
76561197961930892
76561197961930896
76561197961930899
76561197961930902
76561197961930905
76561197961930908
76561197961930909
76561197961930910
76561197961930912
76561197961930913
76561197961930916
76561197961930917
76561197961930918
76561197961930923
76561197961930925
76561197961930930
76561197961930933
76561197961930934
76561197961930935
76561197961930936
76561197961930938
76561197961930939
76561197961930942
76561197961930944
76561197961930946
76561197961930949
76561197961930950
76561197961930951
76561197961930953
76561197961930954
76561197961930960
76561197961930961
76561197961930962
76561197961930964
76561197961930968
76561197961930969
76561197961930973
76561197961930978
76561197961930980
76561197961930981
76561197961930982
76561197961930986
76561197961930987
76561197961930988
76561197961930989
76561197961930990
76561197961930991
76561197961930993
76561197961930995
76561197961930997
76561197961930999
76561197961931001
76561197961931002
76561197961931003
76561197961931004
76561197961931009
76561197961931012
76561197961931014
76561197961931015
76561197961931017
76561197961931020
76561197961931022
76561197961931026
76561197961931029
76561197961931031
76561197961931032
76561197961931036
76561197961931037
76561197961931038
76561197961931039
76561197961931041
76561197961931042
76561197961931043
76561197961931045
76561197961931047
76561197961931048
76561197961931050
76561197961931051
76561197961931056
76561197961931060
76561197961931064
76561197961931066
76561197961931067
76561197961931069
76561197961931075
76561197961931078
76561197961931079
76561197961931082
76561197961931084
76561197961931085
76561197961931093
76561197961931096
76561197961931098
76561197961931099
76561197961931100
76561197961931101
76561197961931102
76561197961931104
76561197961931107
76561197961931118
76561197961931121
76561197961931124
76561197961931125
76561197961931134
76561197961931135
76561197961931140
76561197961931141
76561197961931143
76561197961931144
76561197961931145
76561197961931147
76561197961931149
76561197961931151
76561197961931155
76561197961931159
76561197961931160
76561197961931163
76561197961931166
76561197961931168
76561197961931170
76561197961931178
76561197961931179
76561197961931180
76561197961931182
76561197961931183
76561197961931185
76561197961931190
76561197961931192
76561197961931197
76561197961931198
76561197961931200
76561197961931201
76561197961931202
76561197961931206
76561197961931209
76561197961931210
76561197961931212
76561197961931213
76561197961931214
76561197961931215
76561197961931220
76561197961931222
76561197961931224
76561197961931227
76561197961931228
76561197961931229
76561197961931232
76561197961931233
76561197961931235
76561197961931236
76561197961931239
76561197961931242
76561197961931245
76561197961931253
76561197961931254
76561197961931255
76561197961931259
76561197961931265
76561197961931269
76561197961931270
76561197961931271
76561197961931275
76561197961931277
76561197961931281
76561197961931282
76561197961931283
76561197961931284
76561197961931286
76561197961931287
76561197961931293
76561197961931296
76561197961931297
76561197961931298
76561197961931303
76561197961931304
76561197961931305
76561197961931306
76561197961931308
76561197961931310
76561197961931312
76561197961931313
76561197961931314
76561197961931317
