76561197961155050
76561197961155051
76561197961155052
76561197961155053
76561197961155056
76561197961155059
76561197961155061
76561197961155063
76561197961155065
76561197961155066
76561197961155067
76561197961155068
76561197961155070
76561197961155072
76561197961155073
76561197961155076
76561197961155078
76561197961155079
76561197961155080
76561197961155081
76561197961155083
76561197961155084
76561197961155086
76561197961155087
76561197961155088
76561197961155090
76561197961155091
76561197961155093
76561197961155094
76561197961155095
76561197961155096
76561197961155097
76561197961155098
76561197961155099
76561197961155102
76561197961155103
76561197961155104
76561197961155105
76561197961155106
76561197961155107
76561197961155108
76561197961155109
76561197961155110
76561197961155111
76561197961155113
76561197961155114
76561197961155115
76561197961155117
76561197961155120
76561197961155122
76561197961155123
76561197961155125
76561197961155127
76561197961155128
76561197961155129
76561197961155130
76561197961155131
76561197961155132
76561197961155134
76561197961155135
76561197961155136
76561197961155137
76561197961155138
76561197961155139
76561197961155140
76561197961155142
76561197961155143
76561197961155144
76561197961155146
76561197961155147
76561197961155148
76561197961155149
76561197961155150
76561197961155151
76561197961155152
76561197961155153
76561197961155154
76561197961155155
76561197961155156
76561197961155157
76561197961155158
76561197961155160
76561197961155162
76561197961155163
76561197961155166
76561197961155167
76561197961155169
76561197961155171
76561197961155172
76561197961155173
76561197961155176
76561197961155177
76561197961155179
76561197961155181
76561197961155182
76561197961155183
76561197961155185
76561197961155186
76561197961155187
76561197961155188
76561197961155189
76561197961155191
76561197961155192
76561197961155193
76561197961155195
76561197961155196
76561197961155201
76561197961155205
76561197961155206
76561197961155209
76561197961155210
76561197961155211
76561197961155212
76561197961155213
76561197961155215
76561197961155216
76561197961155218
76561197961155219
76561197961155222
76561197961155224
76561197961155225
76561197961155226
76561197961155227
76561197961155228
76561197961155229
76561197961155231
76561197961155235
76561197961155236
76561197961155240
76561197961155241
76561197961155242
76561197961155243
76561197961155244
76561197961155246
76561197961155247
76561197961155248
76561197961155249
76561197961155252
76561197961155253
76561197961155255
76561197961155257
76561197961155261
76561197961155263
76561197961155264
76561197961155267
76561197961155269
76561197961155271
76561197961155272
76561197961155276
76561197961155277
76561197961155278
76561197961155279
76561197961155281
76561197961155284
76561197961155285
76561197961155286
76561197961155288
76561197961155291
76561197961155292
76561197961155293
76561197961155294
76561197961155296
76561197961155299
76561197961155301
76561197961155302
76561197961155304
76561197961155305
76561197961155306
76561197961155307
76561197961155308
76561197961155312
76561197961155313
76561197961155315
76561197961155316
76561197961155319
76561197961155320
76561197961155321
76561197961155323
76561197961155324
76561197961155327
76561197961155328
76561197961155329
76561197961155331
76561197961155332
76561197961155334
76561197961155335
76561197961155336
76561197961155337
76561197961155338
76561197961155339
76561197961155340
76561197961155341
76561197961155344
76561197961155345
76561197961155346
76561197961155347
76561197961155348
76561197961155349
76561197961155352
76561197961155353
76561197961155354
76561197961155357
76561197961155358
76561197961155359
76561197961155360
76561197961155361
76561197961155364
76561197961155370
76561197961155371
76561197961155374
76561197961155375
76561197961155376
76561197961155377
76561197961155378
76561197961155379
76561197961155380
76561197961155381
76561197961155384
76561197961155385
76561197961155387
76561197961155388
76561197961155389
76561197961155393
76561197961155394
76561197961155397
76561197961155398
76561197961155399
76561197961155401
76561197961155403
76561197961155407
76561197961155409
76561197961155410
76561197961155412
76561197961155414
76561197961155415
76561197961155416
76561197961155417
76561197961155418
76561197961155419
76561197961155421
76561197961155422
76561197961155423
76561197961155424
76561197961155426
76561197961155429
76561197961155431
76561197961155434
76561197961155435
76561197961155436
76561197961155437
76561197961155438
76561197961155441
76561197961155443
76561197961155444
76561197961155445
76561197961155446
76561197961155447
76561197961155448
76561197961155449
76561197961155451
76561197961155452
76561197961155453
76561197961155455
76561197961155456
76561197961155457
76561197961155458
76561197961155459
76561197961155461
76561197961155463
76561197961155464
76561197961155465
76561197961155466
76561197961155468
76561197961155469
76561197961155470
76561197961155471
76561197961155472
76561197961155475
76561197961155476
76561197961155477
76561197961155478
76561197961155479
76561197961155480
76561197961155481
76561197961155482
76561197961155483
76561197961155487
76561197961155489
76561197961155491
76561197961155492
76561197961155496
76561197961155497
76561197961155498
76561197961155500
76561197961155502
76561197961155504
76561197961155505
76561197961155506
76561197961155507
76561197961155508
76561197961155510
76561197961155511
76561197961155512
76561197961155514
76561197961155515
76561197961155516
76561197961155517
76561197961155518
76561197961155520
76561197961155521
76561197961155522
76561197961155523
76561197961155528
76561197961155530
76561197961155531
76561197961155534
76561197961155538
76561197961155539
76561197961155542
76561197961155544
76561197961155545
76561197961155547
76561197961155548
76561197961155549
76561197961155551
76561197961155553
76561197961155554
76561197961155555
76561197961155556
76561197961155559
76561197961155560
76561197961155562
76561197961155563
76561197961155565
76561197961155566
76561197961155567
76561197961155568
76561197961155572
76561197961155574
76561197961155576
76561197961155580
76561197961155582
76561197961155584
76561197961155586
76561197961155587
76561197961155589
76561197961155590
76561197961155591
76561197961155592
76561197961155594
76561197961155595
76561197961155596
76561197961155598
76561197961155599
76561197961155601
76561197961155602
76561197961155603
76561197961155606
76561197961155607
76561197961155608
76561197961155611
76561197961155613
76561197961155614
76561197961155615
76561197961155616
76561197961155617
76561197961155618
76561197961155619
76561197961155620
76561197961155622
76561197961155623
76561197961155625
76561197961155627
76561197961155630
76561197961155631
76561197961155632
76561197961155633
76561197961155636
76561197961155637
76561197961155639
76561197961155640
76561197961155642
76561197961155643
76561197961155645
76561197961155646
76561197961155648
76561197961155650
76561197961155652
76561197961155653
76561197961155654
76561197961155655
76561197961155659
76561197961155660
76561197961155661
76561197961155662
76561197961155663
76561197961155666
76561197961155668
76561197961155670
76561197961155671
76561197961155672
76561197961155673
76561197961155674
76561197961155675
76561197961155676
76561197961155677
76561197961155682
76561197961155684
76561197961155685
76561197961155686
76561197961155687
76561197961155688
76561197961155689
76561197961155691
76561197961155692
76561197961155693
76561197961155694
76561197961155696
76561197961155697
76561197961155698
76561197961155699
76561197961155700
76561197961155701
76561197961155702
76561197961155703
76561197961155704
76561197961155705
76561197961155707
76561197961155709
76561197961155710
76561197961155711
76561197961155712
76561197961155714
76561197961155715
76561197961155717
76561197961155720
76561197961155721
76561197961155724
76561197961155725
76561197961155726
76561197961155727
76561197961155728
76561197961155729
76561197961155730
76561197961155731
76561197961155733
76561197961155734
76561197961155735
76561197961155736
76561197961155737
76561197961155738
76561197961155740
76561197961155743
76561197961155744
76561197961155746
76561197961155747
76561197961155748
76561197961155750
76561197961155751
76561197961155752
76561197961155753
76561197961155754
76561197961155755
76561197961155756
76561197961155757
76561197961155758
76561197961155759
76561197961155760
76561197961155764
76561197961155765
76561197961155766
76561197961155768
76561197961155769
76561197961155770
76561197961155772
76561197961155775
76561197961155776
76561197961155777
76561197961155779
76561197961155780
76561197961155781
76561197961155782
76561197961155783
76561197961155784
76561197961155785
76561197961155786
76561197961155787
76561197961155789
76561197961155790
76561197961155791
76561197961155792
76561197961155793
76561197961155795
76561197961155796
76561197961155797
76561197961155798
76561197961155799
76561197961155800
76561197961155801
76561197961155805
76561197961155806
76561197961155808
76561197961155809
76561197961155810
76561197961155811
76561197961155813
76561197961155814
76561197961155815
76561197961155816
76561197961155818
76561197961155819
76561197961155821
76561197961155825
76561197961155826
76561197961155827
76561197961155828
76561197961155831
76561197961155833
76561197961155834
76561197961155835
76561197961155839
76561197961155841
76561197961155842
76561197961155844
76561197961155845
76561197961155846
76561197961155847
76561197961155848
76561197961155849
76561197961155850
76561197961155851
76561197961155853
76561197961155854
76561197961155856
76561197961155857
76561197961155858
76561197961155859
76561197961155860
76561197961155862
76561197961155864
76561197961155866
76561197961155868
76561197961155869
76561197961155870
76561197961155871
76561197961155872
76561197961155873
76561197961155874
76561197961155875
76561197961155876
76561197961155877
76561197961155878
76561197961155879
76561197961155880
76561197961155881
76561197961155882
76561197961155884
76561197961155885
76561197961155887
76561197961155889
76561197961155890
76561197961155891
76561197961155893
76561197961155894
76561197961155896
76561197961155897
76561197961155898
76561197961155899
76561197961155900
76561197961155901
76561197961155902
76561197961155903
76561197961155904
76561197961155905
76561197961155906
76561197961155907
76561197961155908
76561197961155909
76561197961155911
76561197961155912
76561197961155915
76561197961155921
76561197961155922
76561197961155923
76561197961155925
76561197961155926
76561197961155928
76561197961155929
76561197961155930
76561197961155932
76561197961155934
76561197961155935
76561197961155937
76561197961155939
76561197961155940
76561197961155941
76561197961155942
76561197961155943
76561197961155945
76561197961155947
76561197961155949
76561197961155950
76561197961155951
76561197961155952
76561197961155955
76561197961155956
76561197961155957
76561197961155958
76561197961155959
76561197961155965
76561197961155966
76561197961155967
76561197961155968
76561197961155969
76561197961155970
76561197961155975
76561197961155976
76561197961155980
76561197961155982
76561197961155984
76561197961155985
76561197961155987
76561197961155988
76561197961155989
76561197961155990
76561197961155993
76561197961155994
76561197961155995
76561197961155998
76561197961155999
76561197961156002
76561197961156005
76561197961156006
76561197961156007
76561197961156009
76561197961156011
76561197961156012
76561197961156014
76561197961156015
76561197961156018
76561197961156019
76561197961156020
76561197961156021
76561197961156022
76561197961156024
76561197961156025
76561197961156026
76561197961156027
76561197961156028
76561197961156030
76561197961156033
76561197961156034
76561197961156036
76561197961156037
76561197961156038
76561197961156039
76561197961156040
76561197961156041
76561197961156042
76561197961156043
76561197961156044
76561197961156045
76561197961156047
76561197961156049
76561197961156052
76561197961156053
76561197961156056
76561197961156057
76561197961156058
76561197961156060
76561197961156062
76561197961156063
76561197961156066
76561197961156067
76561197961156068
76561197961156070
76561197961156072
76561197961156073
76561197961156074
76561197961156076
76561197961156078
76561197961156079
76561197961156081
76561197961156082
76561197961156083
76561197961156086
76561197961156087
76561197961156088
76561197961156089
76561197961156091
76561197961156095
76561197961156097
76561197961156100
76561197961156101
76561197961156102
76561197961156103
76561197961156104
76561197961156105
76561197961156106
76561197961156107
76561197961156108
76561197961156109
76561197961156112
76561197961156115
76561197961156116
76561197961156117
76561197961156119
76561197961156120
76561197961156121
76561197961156123
76561197961156126
76561197961156127
76561197961156128
76561197961156129
76561197961156131
76561197961156133
76561197961156134
76561197961156140
76561197961156141
76561197961156142
76561197961156143
76561197961156144
76561197961156146
76561197961156147
76561197961156149
76561197961156151
76561197961156152
76561197961156153
76561197961156155
76561197961156156
76561197961156157
76561197961156158
76561197961156159
76561197961156161
76561197961156163
76561197961156165
76561197961156166
76561197961156169
76561197961156170
76561197961156171
76561197961156173
76561197961156174
76561197961156176
76561197961156181
76561197961156182
76561197961156185
76561197961156186
76561197961156187
76561197961156188
76561197961156190
76561197961156191
76561197961156193
76561197961156194
76561197961156195
76561197961156197
76561197961156198
76561197961156199
76561197961156200
76561197961156202
76561197961156203
76561197961156204
76561197961156205
76561197961156206
76561197961156207
76561197961156208
76561197961156209
76561197961156212
76561197961156216
76561197961156217
76561197961156218
76561197961156219
76561197961156221
76561197961156222
76561197961156223
76561197961156226
76561197961156227
76561197961156234
76561197961156236
76561197961156238
76561197961156240
76561197961156241
76561197961156243
76561197961156244
76561197961156245
76561197961156246
76561197961156247
76561197961156248
76561197961156251
76561197961156252
76561197961156253
76561197961156256
76561197961156257
76561197961156260
76561197961156261
76561197961156264
76561197961156265
76561197961156267
76561197961156268
76561197961156269
76561197961156271
76561197961156273
76561197961156274
76561197961156275
76561197961156277
76561197961156279
76561197961156280
76561197961156281
76561197961156283
76561197961156284
76561197961156285
76561197961156287
76561197961156291
76561197961156294
76561197961156299
76561197961156300
76561197961156301
76561197961156303
76561197961156306
76561197961156307
76561197961156308
76561197961156309
76561197961156310
76561197961156311
76561197961156312
76561197961156313
76561197961156314
76561197961156315
76561197961156316
76561197961156318
76561197961156319
76561197961156320
76561197961156323
76561197961156324
76561197961156326
76561197961156327
76561197961156328
76561197961156329
76561197961156330
76561197961156331
76561197961156333
76561197961156334
76561197961156335
76561197961156336
76561197961156337
76561197961156338
76561197961156339
76561197961156340
76561197961156341
76561197961156347
76561197961156349
76561197961156350
76561197961156352
76561197961156353
76561197961156354
76561197961156355
76561197961156356
76561197961156359
76561197961156360
76561197961156361
76561197961156362
76561197961156363
76561197961156364
76561197961156365
76561197961156368
76561197961156371
76561197961156373
76561197961156377
76561197961156379
76561197961156380
76561197961156382
76561197961156383
76561197961156385
76561197961156386
76561197961156387
76561197961156389
76561197961156393
76561197961156395
76561197961156396
76561197961156397
76561197961156399
76561197961156400
76561197961156401
76561197961156402
76561197961156403
76561197961156404
76561197961156405
76561197961156410
76561197961156411
76561197961156412
76561197961156414
76561197961156415
76561197961156419
76561197961156420
76561197961156422
76561197961156424
76561197961156425
76561197961156426
76561197961156427
76561197961156428
76561197961156429
76561197961156431
76561197961156432
76561197961156434
76561197961156435
76561197961156438
76561197961156439
76561197961156440
76561197961156441
76561197961156443
76561197961156444
76561197961156445
76561197961156447
76561197961156449
76561197961156450
76561197961156451
76561197961156452
76561197961156454
76561197961156456
76561197961156457
76561197961156458
76561197961156459
76561197961156463
76561197961156464
76561197961156466
76561197961156467
76561197961156468
76561197961156469
76561197961156470
76561197961156472
76561197961156474
76561197961156476
76561197961156479
76561197961156480
76561197961156481
76561197961156482
76561197961156484
76561197961156485
76561197961156486
76561197961156489
76561197961156490
76561197961156491
76561197961156492
76561197961156493
76561197961156494
76561197961156495
76561197961156499
76561197961156500
76561197961156501
76561197961156502
76561197961156504
76561197961156505
76561197961156507
76561197961156508
76561197961156509
76561197961156510
76561197961156511
76561197961156513
76561197961156514
76561197961156515
76561197961156516
76561197961156517
76561197961156518
76561197961156520
76561197961156521
76561197961156522
76561197961156523
76561197961156525
76561197961156526
76561197961156527
76561197961156529
76561197961156531
76561197961156532
76561197961156534
76561197961156535
76561197961156537
76561197961156538
76561197961156540
76561197961156541
76561197961156542
76561197961156543
76561197961156544
76561197961156547
76561197961156548
76561197961156549
76561197961156550
76561197961156551
76561197961156552
76561197961156553
76561197961156555
76561197961156556
76561197961156557
76561197961156558
76561197961156560
76561197961156561
76561197961156563
76561197961156564
76561197961156565
76561197961156567
76561197961156568
76561197961156570
