76561197961144161
76561197961144164
76561197961144167
76561197961144169
76561197961144170
76561197961144173
76561197961144174
76561197961144175
76561197961144176
76561197961144177
76561197961144180
76561197961144181
76561197961144182
76561197961144183
76561197961144184
76561197961144188
76561197961144189
76561197961144190
76561197961144194
76561197961144196
76561197961144200
76561197961144204
76561197961144206
76561197961144207
76561197961144208
76561197961144209
76561197961144213
76561197961144216
76561197961144219
76561197961144220
76561197961144221
76561197961144222
76561197961144223
76561197961144224
76561197961144225
76561197961144226
76561197961144227
76561197961144229
76561197961144231
76561197961144232
76561197961144236
76561197961144237
76561197961144238
76561197961144243
76561197961144245
76561197961144247
76561197961144249
76561197961144251
76561197961144253
76561197961144254
76561197961144256
76561197961144258
76561197961144261
76561197961144262
76561197961144264
76561197961144265
76561197961144268
76561197961144271
76561197961144272
76561197961144273
76561197961144274
76561197961144275
76561197961144276
76561197961144281
76561197961144282
76561197961144284
76561197961144285
76561197961144286
76561197961144287
76561197961144289
76561197961144290
76561197961144291
76561197961144292
76561197961144294
76561197961144296
76561197961144297
76561197961144298
76561197961144299
76561197961144300
76561197961144301
76561197961144303
76561197961144304
76561197961144306
76561197961144307
76561197961144310
76561197961144311
76561197961144312
76561197961144313
76561197961144314
76561197961144316
76561197961144317
76561197961144318
76561197961144319
76561197961144320
76561197961144322
76561197961144323
76561197961144325
76561197961144327
76561197961144329
76561197961144331
76561197961144333
76561197961144334
76561197961144335
76561197961144337
76561197961144340
76561197961144341
76561197961144342
76561197961144343
76561197961144344
76561197961144346
76561197961144347
76561197961144350
76561197961144351
76561197961144352
76561197961144353
76561197961144354
76561197961144358
76561197961144359
76561197961144360
76561197961144362
76561197961144365
76561197961144367
76561197961144368
76561197961144369
76561197961144370
76561197961144372
76561197961144373
76561197961144374
76561197961144375
76561197961144377
76561197961144378
76561197961144381
76561197961144382
76561197961144383
76561197961144385
76561197961144386
76561197961144387
76561197961144388
76561197961144391
76561197961144393
76561197961144396
76561197961144398
76561197961144400
76561197961144401
76561197961144402
76561197961144405
76561197961144407
76561197961144408
76561197961144409
76561197961144411
76561197961144414
76561197961144415
76561197961144419
76561197961144420
76561197961144423
76561197961144424
76561197961144426
76561197961144427
76561197961144428
76561197961144430
76561197961144432
76561197961144434
76561197961144437
76561197961144438
76561197961144439
76561197961144440
76561197961144441
76561197961144442
76561197961144443
76561197961144444
76561197961144445
76561197961144447
76561197961144448
76561197961144452
76561197961144453
76561197961144455
76561197961144457
76561197961144458
76561197961144460
76561197961144461
76561197961144462
76561197961144463
76561197961144465
76561197961144466
76561197961144468
76561197961144469
76561197961144473
76561197961144474
76561197961144479
76561197961144480
76561197961144481
76561197961144484
76561197961144485
76561197961144487
76561197961144489
76561197961144490
76561197961144492
76561197961144501
76561197961144502
76561197961144503
76561197961144504
76561197961144505
76561197961144506
76561197961144507
76561197961144508
76561197961144509
76561197961144510
76561197961144511
76561197961144512
76561197961144514
76561197961144517
76561197961144520
76561197961144523
76561197961144524
76561197961144526
76561197961144527
76561197961144528
76561197961144529
76561197961144531
76561197961144532
76561197961144535
76561197961144537
76561197961144538
76561197961144541
76561197961144542
76561197961144544
76561197961144546
76561197961144547
76561197961144548
76561197961144549
76561197961144551
76561197961144552
76561197961144553
76561197961144554
76561197961144555
76561197961144556
76561197961144557
76561197961144558
76561197961144561
76561197961144562
76561197961144563
76561197961144566
76561197961144568
76561197961144570
76561197961144573
76561197961144575
76561197961144576
76561197961144579
76561197961144580
76561197961144581
76561197961144582
76561197961144583
76561197961144587
76561197961144588
76561197961144590
76561197961144591
76561197961144592
76561197961144596
76561197961144597
76561197961144600
76561197961144601
76561197961144602
76561197961144603
76561197961144604
76561197961144605
76561197961144606
76561197961144608
76561197961144609
76561197961144611
76561197961144612
76561197961144614
76561197961144615
76561197961144617
76561197961144618
76561197961144619
76561197961144620
76561197961144622
76561197961144623
76561197961144625
76561197961144627
76561197961144628
76561197961144629
76561197961144630
76561197961144631
76561197961144632
76561197961144633
76561197961144634
76561197961144636
76561197961144638
76561197961144639
76561197961144640
76561197961144641
76561197961144642
76561197961144643
76561197961144644
76561197961144645
76561197961144647
76561197961144648
76561197961144650
76561197961144651
76561197961144653
76561197961144654
76561197961144655
76561197961144656
76561197961144657
76561197961144659
76561197961144660
76561197961144661
76561197961144662
76561197961144663
76561197961144664
76561197961144666
76561197961144667
76561197961144668
76561197961144669
76561197961144670
76561197961144672
76561197961144673
76561197961144674
76561197961144675
76561197961144676
76561197961144677
76561197961144678
76561197961144679
76561197961144681
76561197961144683
76561197961144685
76561197961144687
76561197961144688
76561197961144690
76561197961144692
76561197961144694
76561197961144696
76561197961144697
76561197961144699
76561197961144700
76561197961144701
76561197961144702
76561197961144703
76561197961144704
76561197961144705
76561197961144707
76561197961144709
76561197961144711
76561197961144712
76561197961144713
76561197961144714
76561197961144719
76561197961144720
76561197961144721
76561197961144723
76561197961144724
76561197961144727
76561197961144728
76561197961144729
76561197961144730
76561197961144731
76561197961144732
76561197961144733
76561197961144734
76561197961144735
76561197961144736
76561197961144738
76561197961144739
76561197961144740
76561197961144742
76561197961144743
76561197961144744
76561197961144745
76561197961144747
76561197961144748
76561197961144749
76561197961144750
76561197961144751
76561197961144752
76561197961144753
76561197961144754
76561197961144755
76561197961144756
76561197961144759
76561197961144760
76561197961144762
76561197961144763
76561197961144764
76561197961144766
76561197961144767
76561197961144768
76561197961144771
76561197961144772
76561197961144773
76561197961144776
76561197961144777
76561197961144778
76561197961144779
76561197961144781
76561197961144782
76561197961144783
76561197961144784
76561197961144785
76561197961144786
76561197961144787
76561197961144790
76561197961144791
76561197961144792
76561197961144793
76561197961144794
76561197961144795
76561197961144796
76561197961144797
76561197961144798
76561197961144799
76561197961144801
76561197961144803
76561197961144806
76561197961144808
76561197961144810
76561197961144812
76561197961144813
76561197961144815
76561197961144817
76561197961144818
76561197961144825
76561197961144826
76561197961144830
76561197961144834
76561197961144836
76561197961144838
76561197961144840
76561197961144841
76561197961144843
76561197961144844
76561197961144845
76561197961144846
76561197961144847
76561197961144848
76561197961144849
76561197961144851
76561197961144858
76561197961144859
76561197961144861
76561197961144862
76561197961144863
76561197961144864
76561197961144865
76561197961144866
76561197961144867
76561197961144869
76561197961144870
76561197961144871
76561197961144872
76561197961144873
76561197961144874
76561197961144875
76561197961144876
76561197961144879
76561197961144880
76561197961144881
76561197961144882
76561197961144883
76561197961144885
76561197961144887
76561197961144888
76561197961144889
76561197961144890
76561197961144891
76561197961144894
76561197961144895
76561197961144898
76561197961144899
76561197961144900
76561197961144905
76561197961144907
76561197961144909
76561197961144910
76561197961144912
76561197961144914
76561197961144915
76561197961144918
76561197961144919
76561197961144920
76561197961144921
76561197961144922
76561197961144923
76561197961144924
76561197961144926
76561197961144927
76561197961144929
76561197961144932
76561197961144934
76561197961144936
76561197961144938
76561197961144939
76561197961144940
76561197961144942
76561197961144943
76561197961144946
76561197961144947
76561197961144949
76561197961144950
76561197961144951
76561197961144952
76561197961144953
76561197961144954
76561197961144956
76561197961144958
76561197961144959
76561197961144961
76561197961144962
76561197961144963
76561197961144964
76561197961144966
76561197961144967
76561197961144969
76561197961144970
76561197961144971
76561197961144972
76561197961144974
76561197961144975
76561197961144976
76561197961144977
76561197961144978
76561197961144979
76561197961144980
76561197961144981
76561197961144982
76561197961144983
76561197961144985
76561197961144986
76561197961144987
76561197961144988
76561197961144989
76561197961144990
76561197961144992
76561197961144996
76561197961144997
76561197961144998
76561197961145000
76561197961145001
76561197961145003
76561197961145004
76561197961145005
76561197961145007
76561197961145008
76561197961145009
76561197961145010
76561197961145011
76561197961145013
76561197961145015
76561197961145016
76561197961145017
76561197961145018
76561197961145019
76561197961145020
76561197961145021
76561197961145024
76561197961145025
76561197961145026
76561197961145027
76561197961145028
76561197961145029
76561197961145032
76561197961145033
76561197961145035
76561197961145037
76561197961145038
76561197961145041
76561197961145044
76561197961145045
76561197961145046
76561197961145047
76561197961145048
76561197961145050
76561197961145051
76561197961145052
76561197961145054
76561197961145056
76561197961145059
76561197961145060
76561197961145061
76561197961145062
76561197961145063
76561197961145066
76561197961145068
76561197961145069
76561197961145070
76561197961145071
76561197961145072
76561197961145073
76561197961145075
76561197961145078
76561197961145080
76561197961145081
76561197961145083
76561197961145084
76561197961145086
76561197961145087
76561197961145088
76561197961145090
76561197961145091
76561197961145092
76561197961145094
76561197961145095
76561197961145096
76561197961145097
76561197961145098
76561197961145099
76561197961145100
76561197961145103
76561197961145105
76561197961145106
76561197961145107
76561197961145109
76561197961145110
76561197961145111
76561197961145112
76561197961145113
76561197961145114
76561197961145115
76561197961145116
76561197961145119
76561197961145120
76561197961145122
76561197961145125
76561197961145126
76561197961145127
76561197961145128
76561197961145130
76561197961145133
76561197961145134
76561197961145135
76561197961145136
76561197961145138
76561197961145139
76561197961145140
76561197961145141
76561197961145142
76561197961145143
76561197961145144
76561197961145145
76561197961145149
76561197961145151
76561197961145152
76561197961145155
76561197961145158
76561197961145159
76561197961145160
76561197961145162
76561197961145163
76561197961145164
76561197961145165
76561197961145167
76561197961145169
76561197961145170
76561197961145171
76561197961145172
76561197961145174
76561197961145177
76561197961145178
76561197961145180
76561197961145181
76561197961145182
76561197961145186
76561197961145187
76561197961145188
76561197961145190
76561197961145191
76561197961145192
76561197961145193
76561197961145194
76561197961145195
76561197961145196
76561197961145198
76561197961145199
76561197961145200
76561197961145203
76561197961145204
76561197961145205
76561197961145206
76561197961145209
76561197961145210
76561197961145211
76561197961145214
76561197961145216
76561197961145217
76561197961145218
76561197961145219
76561197961145220
76561197961145221
76561197961145222
76561197961145223
76561197961145224
76561197961145225
76561197961145227
76561197961145228
76561197961145229
76561197961145230
76561197961145232
76561197961145233
76561197961145237
76561197961145238
76561197961145240
76561197961145241
76561197961145244
76561197961145245
76561197961145247
76561197961145248
76561197961145249
76561197961145250
76561197961145251
76561197961145252
76561197961145253
76561197961145254
76561197961145255
76561197961145258
76561197961145259
76561197961145260
76561197961145262
76561197961145263
76561197961145264
76561197961145265
76561197961145266
76561197961145267
76561197961145269
76561197961145271
76561197961145272
76561197961145273
76561197961145274
76561197961145275
76561197961145276
76561197961145277
76561197961145278
76561197961145281
76561197961145283
76561197961145285
76561197961145286
76561197961145287
76561197961145288
76561197961145291
76561197961145292
76561197961145293
76561197961145295
76561197961145296
76561197961145298
76561197961145299
76561197961145304
76561197961145305
76561197961145306
76561197961145309
76561197961145310
76561197961145311
76561197961145312
76561197961145313
76561197961145314
76561197961145320
76561197961145321
76561197961145323
76561197961145326
76561197961145327
76561197961145328
76561197961145330
76561197961145331
76561197961145332
76561197961145333
76561197961145334
76561197961145335
76561197961145339
76561197961145341
76561197961145342
76561197961145343
76561197961145346
76561197961145347
76561197961145350
76561197961145351
76561197961145352
76561197961145353
76561197961145357
76561197961145358
76561197961145361
76561197961145363
76561197961145364
76561197961145365
76561197961145366
76561197961145368
76561197961145369
76561197961145372
76561197961145373
76561197961145374
76561197961145375
76561197961145377
76561197961145378
76561197961145379
76561197961145380
76561197961145381
76561197961145382
76561197961145384
76561197961145385
76561197961145386
76561197961145387
76561197961145388
76561197961145390
76561197961145391
76561197961145392
76561197961145393
76561197961145394
76561197961145396
76561197961145397
76561197961145398
76561197961145399
76561197961145401
76561197961145402
76561197961145403
76561197961145404
76561197961145405
76561197961145406
76561197961145409
76561197961145411
76561197961145412
76561197961145413
76561197961145414
76561197961145417
76561197961145418
76561197961145419
76561197961145420
76561197961145421
76561197961145423
76561197961145426
76561197961145428
76561197961145429
76561197961145432
76561197961145433
76561197961145434
76561197961145438
76561197961145439
76561197961145440
76561197961145442
76561197961145443
76561197961145444
76561197961145446
76561197961145449
76561197961145450
76561197961145451
76561197961145452
76561197961145453
76561197961145454
76561197961145455
76561197961145456
76561197961145457
76561197961145458
76561197961145459
76561197961145460
76561197961145461
76561197961145462
76561197961145463
76561197961145464
76561197961145466
76561197961145469
76561197961145470
76561197961145473
76561197961145475
76561197961145476
76561197961145477
76561197961145478
76561197961145480
76561197961145481
76561197961145482
76561197961145483
76561197961145485
76561197961145486
76561197961145487
76561197961145489
76561197961145491
76561197961145492
76561197961145493
76561197961145494
76561197961145497
76561197961145498
76561197961145499
76561197961145500
76561197961145501
76561197961145502
76561197961145503
76561197961145504
76561197961145506
76561197961145508
76561197961145509
76561197961145510
76561197961145511
76561197961145512
76561197961145514
76561197961145516
76561197961145517
76561197961145518
76561197961145519
76561197961145520
76561197961145521
76561197961145522
76561197961145523
76561197961145524
76561197961145525
76561197961145526
76561197961145527
76561197961145528
76561197961145529
76561197961145530
76561197961145534
76561197961145535
76561197961145536
76561197961145538
76561197961145541
76561197961145542
76561197961145544
76561197961145545
76561197961145549
76561197961145550
76561197961145551
76561197961145552
76561197961145553
76561197961145554
76561197961145555
76561197961145556
76561197961145557
76561197961145558
76561197961145559
76561197961145563
76561197961145564
76561197961145565
76561197961145566
76561197961145567
76561197961145568
76561197961145569
76561197961145570
76561197961145573
76561197961145574
76561197961145576
76561197961145578
76561197961145579
76561197961145582
76561197961145584
76561197961145586
76561197961145587
76561197961145588
76561197961145589
76561197961145590
76561197961145591
76561197961145593
76561197961145594
76561197961145597
76561197961145598
76561197961145599
76561197961145600
76561197961145601
76561197961145603
76561197961145606
76561197961145607
76561197961145609
76561197961145616
76561197961145617
76561197961145618
76561197961145619
76561197961145621
76561197961145622
76561197961145623
76561197961145625
76561197961145627
76561197961145628
76561197961145631
76561197961145633
76561197961145634
76561197961145635
76561197961145636
76561197961145637
76561197961145638
76561197961145639
76561197961145641
76561197961145644
76561197961145646
76561197961145648
76561197961145649
76561197961145650
76561197961145651
76561197961145652
76561197961145653
76561197961145654
76561197961145656
76561197961145657
76561197961145658
76561197961145659
76561197961145660
76561197961145661
76561197961145662
76561197961145663
76561197961145665
76561197961145669
76561197961145670
76561197961145673
76561197961145675
76561197961145676
76561197961145677
76561197961145680
76561197961145681
