76561197961361566
76561197961361567
76561197961361569
76561197961361570
76561197961361571
76561197961361572
76561197961361573
76561197961361578
76561197961361579
76561197961361580
76561197961361581
76561197961361583
76561197961361584
76561197961361586
76561197961361587
76561197961361590
76561197961361593
76561197961361594
76561197961361596
76561197961361597
76561197961361599
76561197961361600
76561197961361602
76561197961361605
76561197961361607
76561197961361609
76561197961361610
76561197961361613
76561197961361614
76561197961361616
76561197961361619
76561197961361621
76561197961361622
76561197961361623
76561197961361625
76561197961361629
76561197961361630
76561197961361632
76561197961361633
76561197961361635
76561197961361637
76561197961361638
76561197961361639
76561197961361640
76561197961361641
76561197961361643
76561197961361644
76561197961361647
76561197961361648
76561197961361649
76561197961361652
76561197961361653
76561197961361654
76561197961361657
76561197961361658
76561197961361659
76561197961361661
76561197961361664
76561197961361666
76561197961361667
76561197961361668
76561197961361669
76561197961361672
76561197961361673
76561197961361674
76561197961361676
76561197961361677
76561197961361678
76561197961361680
76561197961361682
76561197961361683
76561197961361684
76561197961361685
76561197961361686
76561197961361687
76561197961361688
76561197961361689
76561197961361690
76561197961361691
76561197961361692
76561197961361695
76561197961361696
76561197961361697
76561197961361699
76561197961361702
76561197961361703
76561197961361704
76561197961361705
76561197961361706
76561197961361707
76561197961361708
76561197961361709
76561197961361711
76561197961361712
76561197961361713
76561197961361714
76561197961361716
76561197961361717
76561197961361718
76561197961361720
76561197961361721
76561197961361723
76561197961361724
76561197961361727
76561197961361730
76561197961361731
76561197961361732
76561197961361733
76561197961361734
76561197961361737
76561197961361739
76561197961361741
76561197961361742
76561197961361743
76561197961361745
76561197961361746
76561197961361747
76561197961361750
76561197961361752
76561197961361753
76561197961361754
76561197961361755
76561197961361757
76561197961361759
76561197961361761
76561197961361762
76561197961361765
76561197961361766
76561197961361771
76561197961361772
76561197961361779
76561197961361780
76561197961361782
76561197961361783
76561197961361785
76561197961361786
76561197961361789
76561197961361790
76561197961361792
76561197961361793
76561197961361794
76561197961361795
76561197961361797
76561197961361798
76561197961361801
76561197961361802
76561197961361803
76561197961361805
76561197961361807
76561197961361808
76561197961361811
76561197961361812
76561197961361813
76561197961361814
76561197961361817
76561197961361818
76561197961361821
76561197961361822
76561197961361823
76561197961361824
76561197961361825
76561197961361827
76561197961361830
76561197961361831
76561197961361834
76561197961361837
76561197961361838
76561197961361840
76561197961361841
76561197961361842
76561197961361843
76561197961361844
76561197961361847
76561197961361848
76561197961361849
76561197961361850
76561197961361851
76561197961361852
76561197961361854
76561197961361856
76561197961361857
76561197961361861
76561197961361863
76561197961361865
76561197961361866
76561197961361867
76561197961361870
76561197961361871
76561197961361872
76561197961361873
76561197961361876
76561197961361877
76561197961361879
76561197961361880
76561197961361881
76561197961361883
76561197961361885
76561197961361886
76561197961361887
76561197961361889
76561197961361893
76561197961361894
76561197961361897
76561197961361898
76561197961361900
76561197961361901
76561197961361903
76561197961361904
76561197961361906
76561197961361907
76561197961361908
76561197961361909
76561197961361911
76561197961361912
76561197961361915
76561197961361916
76561197961361918
76561197961361920
76561197961361926
76561197961361928
76561197961361930
76561197961361932
76561197961361933
76561197961361934
76561197961361935
76561197961361937
76561197961361939
76561197961361940
76561197961361941
76561197961361942
76561197961361944
76561197961361945
76561197961361947
76561197961361949
76561197961361951
76561197961361952
76561197961361953
76561197961361955
76561197961361956
76561197961361959
76561197961361960
76561197961361961
76561197961361963
76561197961361965
76561197961361968
76561197961361971
76561197961361972
76561197961361973
76561197961361978
76561197961361979
76561197961361980
76561197961361981
76561197961361982
76561197961361985
76561197961361986
76561197961361988
76561197961361989
76561197961361992
76561197961361995
76561197961361996
76561197961361997
76561197961361998
76561197961362002
76561197961362003
76561197961362004
76561197961362006
76561197961362007
76561197961362008
76561197961362010
76561197961362014
76561197961362016
76561197961362017
76561197961362021
76561197961362025
76561197961362026
76561197961362027
76561197961362028
76561197961362031
76561197961362032
76561197961362034
76561197961362035
76561197961362040
76561197961362041
76561197961362042
76561197961362044
76561197961362045
76561197961362046
76561197961362048
76561197961362049
76561197961362051
76561197961362052
76561197961362055
76561197961362056
76561197961362057
76561197961362058
76561197961362059
76561197961362062
76561197961362064
76561197961362065
76561197961362068
76561197961362069
76561197961362072
76561197961362075
76561197961362076
76561197961362077
76561197961362080
76561197961362083
76561197961362086
76561197961362088
76561197961362089
76561197961362091
76561197961362093
76561197961362097
76561197961362098
76561197961362102
76561197961362103
76561197961362104
76561197961362105
76561197961362106
76561197961362108
76561197961362110
76561197961362112
76561197961362113
76561197961362114
76561197961362115
76561197961362116
76561197961362117
76561197961362118
76561197961362119
76561197961362121
76561197961362122
76561197961362123
76561197961362124
76561197961362126
76561197961362127
76561197961362128
76561197961362129
76561197961362131
76561197961362132
76561197961362134
76561197961362135
76561197961362136
76561197961362137
76561197961362138
76561197961362139
76561197961362140
76561197961362141
76561197961362143
76561197961362144
76561197961362145
76561197961362148
76561197961362150
76561197961362152
76561197961362153
76561197961362154
76561197961362156
76561197961362159
76561197961362160
76561197961362161
76561197961362163
76561197961362164
76561197961362165
76561197961362166
76561197961362167
76561197961362170
76561197961362171
76561197961362172
76561197961362175
76561197961362177
76561197961362179
76561197961362181
76561197961362185
76561197961362186
76561197961362187
76561197961362189
76561197961362192
76561197961362195
76561197961362196
76561197961362198
76561197961362200
76561197961362202
76561197961362203
76561197961362205
76561197961362206
76561197961362209
76561197961362210
76561197961362211
76561197961362212
76561197961362213
76561197961362216
76561197961362217
76561197961362218
76561197961362219
76561197961362221
76561197961362223
76561197961362225
76561197961362227
76561197961362232
76561197961362233
76561197961362235
76561197961362237
76561197961362239
76561197961362240
76561197961362241
76561197961362243
76561197961362245
76561197961362246
76561197961362247
76561197961362251
76561197961362252
76561197961362253
76561197961362254
76561197961362255
76561197961362256
76561197961362257
76561197961362259
76561197961362262
76561197961362263
76561197961362264
76561197961362265
76561197961362266
76561197961362267
76561197961362270
76561197961362271
76561197961362272
76561197961362277
76561197961362278
76561197961362279
76561197961362283
76561197961362284
76561197961362289
76561197961362291
76561197961362292
76561197961362293
76561197961362295
76561197961362297
76561197961362298
76561197961362301
76561197961362302
76561197961362304
76561197961362305
76561197961362306
76561197961362307
76561197961362309
76561197961362310
76561197961362311
76561197961362312
76561197961362314
76561197961362315
76561197961362316
76561197961362317
76561197961362319
76561197961362321
76561197961362322
76561197961362324
76561197961362326
76561197961362328
76561197961362329
76561197961362331
76561197961362333
76561197961362334
76561197961362335
76561197961362337
76561197961362340
76561197961362342
76561197961362343
76561197961362344
76561197961362345
76561197961362346
76561197961362348
76561197961362349
76561197961362351
76561197961362352
76561197961362353
76561197961362354
76561197961362357
76561197961362358
76561197961362360
76561197961362361
76561197961362363
76561197961362365
76561197961362367
76561197961362369
76561197961362370
76561197961362371
76561197961362373
76561197961362374
76561197961362375
76561197961362376
76561197961362377
76561197961362378
76561197961362379
76561197961362380
76561197961362381
76561197961362382
76561197961362383
76561197961362384
76561197961362387
76561197961362389
76561197961362390
76561197961362391
76561197961362392
76561197961362393
76561197961362395
76561197961362396
76561197961362397
76561197961362399
76561197961362400
76561197961362403
76561197961362404
76561197961362405
76561197961362406
76561197961362407
76561197961362408
76561197961362410
76561197961362411
76561197961362413
76561197961362414
76561197961362416
76561197961362421
76561197961362423
76561197961362424
76561197961362426
76561197961362427
76561197961362428
76561197961362429
76561197961362431
76561197961362432
76561197961362434
76561197961362435
76561197961362438
76561197961362442
76561197961362443
76561197961362444
76561197961362445
76561197961362448
76561197961362450
76561197961362451
76561197961362455
76561197961362457
76561197961362460
76561197961362463
76561197961362465
76561197961362467
76561197961362469
76561197961362472
76561197961362473
76561197961362474
76561197961362475
76561197961362476
76561197961362477
76561197961362479
76561197961362481
76561197961362483
76561197961362486
76561197961362488
76561197961362489
76561197961362491
76561197961362494
76561197961362496
76561197961362497
76561197961362498
76561197961362500
76561197961362501
76561197961362502
76561197961362503
76561197961362505
76561197961362507
76561197961362511
76561197961362512
76561197961362513
76561197961362514
76561197961362515
76561197961362517
76561197961362524
76561197961362525
76561197961362527
76561197961362528
76561197961362531
76561197961362532
76561197961362533
76561197961362535
76561197961362536
76561197961362537
76561197961362538
76561197961362539
76561197961362540
76561197961362541
76561197961362542
76561197961362546
76561197961362548
76561197961362550
76561197961362552
76561197961362553
76561197961362554
76561197961362555
76561197961362556
76561197961362558
76561197961362559
76561197961362565
76561197961362568
76561197961362569
76561197961362570
76561197961362571
76561197961362572
76561197961362574
76561197961362575
76561197961362576
76561197961362577
76561197961362578
76561197961362579
76561197961362580
76561197961362582
76561197961362583
76561197961362584
76561197961362587
76561197961362589
76561197961362591
76561197961362593
76561197961362594
76561197961362596
76561197961362597
76561197961362601
76561197961362602
76561197961362603
76561197961362605
76561197961362607
76561197961362608
76561197961362609
76561197961362610
76561197961362613
76561197961362615
76561197961362618
76561197961362619
76561197961362621
76561197961362622
76561197961362623
76561197961362624
76561197961362626
76561197961362627
76561197961362629
76561197961362632
76561197961362633
76561197961362634
76561197961362635
76561197961362639
76561197961362640
76561197961362641
76561197961362643
76561197961362644
76561197961362645
76561197961362646
76561197961362647
76561197961362648
76561197961362649
76561197961362652
76561197961362654
76561197961362655
76561197961362656
76561197961362657
76561197961362658
76561197961362663
76561197961362667
76561197961362670
76561197961362671
76561197961362673
76561197961362674
76561197961362675
76561197961362680
76561197961362681
76561197961362682
76561197961362684
76561197961362685
76561197961362686
76561197961362687
76561197961362688
76561197961362689
76561197961362690
76561197961362692
76561197961362693
76561197961362694
76561197961362697
76561197961362698
76561197961362700
76561197961362703
76561197961362704
76561197961362705
76561197961362706
76561197961362707
76561197961362711
76561197961362712
76561197961362713
76561197961362714
76561197961362715
76561197961362716
76561197961362717
76561197961362719
76561197961362721
76561197961362724
76561197961362725
76561197961362726
76561197961362727
76561197961362728
76561197961362731
76561197961362733
76561197961362734
76561197961362736
76561197961362737
76561197961362741
76561197961362743
76561197961362745
76561197961362746
76561197961362747
76561197961362748
76561197961362750
76561197961362752
76561197961362755
76561197961362756
76561197961362757
76561197961362758
76561197961362760
76561197961362761
76561197961362762
76561197961362763
76561197961362764
76561197961362767
76561197961362769
76561197961362772
76561197961362774
76561197961362777
76561197961362779
76561197961362780
76561197961362781
76561197961362782
76561197961362785
76561197961362786
76561197961362787
76561197961362788
76561197961362789
76561197961362790
76561197961362791
76561197961362792
76561197961362794
76561197961362795
76561197961362796
76561197961362798
76561197961362799
76561197961362800
76561197961362801
76561197961362802
76561197961362803
76561197961362807
76561197961362808
76561197961362809
76561197961362811
76561197961362812
76561197961362814
76561197961362815
76561197961362817
76561197961362819
76561197961362821
76561197961362822
76561197961362823
76561197961362825
76561197961362827
76561197961362828
76561197961362829
76561197961362830
76561197961362831
76561197961362832
76561197961362833
76561197961362835
76561197961362836
76561197961362837
76561197961362838
76561197961362841
76561197961362842
76561197961362843
76561197961362844
76561197961362845
76561197961362846
76561197961362847
76561197961362849
76561197961362850
76561197961362852
76561197961362855
76561197961362857
76561197961362858
76561197961362861
76561197961362862
76561197961362864
76561197961362865
76561197961362866
76561197961362867
76561197961362869
76561197961362871
76561197961362872
76561197961362873
76561197961362874
76561197961362875
76561197961362877
76561197961362878
76561197961362879
76561197961362880
76561197961362887
76561197961362888
76561197961362891
76561197961362892
76561197961362893
76561197961362894
76561197961362898
76561197961362899
76561197961362900
76561197961362901
76561197961362903
76561197961362904
76561197961362905
76561197961362906
76561197961362910
76561197961362911
76561197961362913
76561197961362914
76561197961362915
76561197961362916
76561197961362920
76561197961362922
76561197961362923
76561197961362926
76561197961362927
76561197961362928
76561197961362929
76561197961362931
76561197961362935
76561197961362936
76561197961362937
76561197961362938
76561197961362939
76561197961362940
76561197961362941
76561197961362945
76561197961362948
76561197961362949
76561197961362951
76561197961362952
76561197961362953
76561197961362954
76561197961362955
76561197961362956
76561197961362957
76561197961362959
76561197961362960
76561197961362962
76561197961362963
76561197961362964
76561197961362965
76561197961362966
76561197961362968
76561197961362969
76561197961362972
76561197961362977
76561197961362978
76561197961362979
76561197961362981
76561197961362982
76561197961362984
76561197961362985
76561197961362987
76561197961362988
76561197961362989
76561197961362993
76561197961362995
76561197961362996
76561197961362997
76561197961363000
76561197961363001
76561197961363005
76561197961363006
76561197961363007
76561197961363008
76561197961363009
76561197961363010
76561197961363011
76561197961363012
76561197961363013
76561197961363014
76561197961363015
76561197961363016
76561197961363018
76561197961363019
76561197961363022
76561197961363023
76561197961363024
76561197961363025
76561197961363026
76561197961363028
76561197961363029
76561197961363030
76561197961363032
76561197961363034
76561197961363037
76561197961363039
76561197961363040
76561197961363041
76561197961363042
76561197961363048
76561197961363049
76561197961363053
76561197961363054
76561197961363057
76561197961363058
76561197961363059
76561197961363060
76561197961363065
76561197961363067
76561197961363070
76561197961363071
76561197961363072
76561197961363074
76561197961363075
76561197961363076
76561197961363077
76561197961363078
76561197961363079
76561197961363080
76561197961363081
76561197961363087
76561197961363088
76561197961363089
76561197961363091
76561197961363092
76561197961363094
76561197961363097
76561197961363098
76561197961363099
76561197961363100
76561197961363101
76561197961363102
76561197961363104
76561197961363105
76561197961363106
76561197961363107
76561197961363108
76561197961363109
76561197961363110
76561197961363111
76561197961363112
76561197961363113
76561197961363114
76561197961363115
76561197961363116
76561197961363117
76561197961363120
76561197961363121
76561197961363123
76561197961363124
76561197961363125
76561197961363126
76561197961363127
76561197961363128
76561197961363129
76561197961363130
76561197961363134
76561197961363135
76561197961363139
76561197961363140
76561197961363141
76561197961363145
76561197961363146
76561197961363147
76561197961363149
76561197961363154
76561197961363155
76561197961363156
76561197961363158
76561197961363159
76561197961363161
76561197961363162
76561197961363163
76561197961363167
76561197961363168
76561197961363169
76561197961363170
76561197961363171
76561197961363172
76561197961363173
76561197961363174
76561197961363176
76561197961363178
76561197961363179
76561197961363182
76561197961363185
76561197961363186
76561197961363188
76561197961363189
76561197961363192
76561197961363194
76561197961363195
76561197961363197
76561197961363199
76561197961363200
