76561197961493227
76561197961493230
76561197961493231
76561197961493234
76561197961493235
76561197961493238
76561197961493239
76561197961493241
76561197961493242
76561197961493243
76561197961493244
76561197961493248
76561197961493251
76561197961493252
76561197961493253
76561197961493254
76561197961493255
76561197961493257
76561197961493258
76561197961493259
76561197961493261
76561197961493263
76561197961493264
76561197961493265
76561197961493267
76561197961493268
76561197961493269
76561197961493270
76561197961493274
76561197961493275
76561197961493276
76561197961493278
76561197961493279
76561197961493281
76561197961493282
76561197961493283
76561197961493284
76561197961493288
76561197961493291
76561197961493292
76561197961493293
76561197961493295
76561197961493296
76561197961493297
76561197961493298
76561197961493299
76561197961493300
76561197961493301
76561197961493302
76561197961493303
76561197961493305
76561197961493306
76561197961493311
76561197961493312
76561197961493313
76561197961493315
76561197961493317
76561197961493318
76561197961493322
76561197961493326
76561197961493327
76561197961493328
76561197961493331
76561197961493334
76561197961493335
76561197961493337
76561197961493339
76561197961493344
76561197961493346
76561197961493348
76561197961493352
76561197961493353
76561197961493355
76561197961493356
76561197961493358
76561197961493360
76561197961493361
76561197961493363
76561197961493367
76561197961493368
76561197961493370
76561197961493371
76561197961493373
76561197961493374
76561197961493375
76561197961493378
76561197961493381
76561197961493383
76561197961493384
76561197961493386
76561197961493388
76561197961493391
76561197961493393
76561197961493394
76561197961493395
76561197961493397
76561197961493398
76561197961493400
76561197961493401
76561197961493403
76561197961493405
76561197961493406
76561197961493407
76561197961493410
76561197961493411
76561197961493412
76561197961493413
76561197961493415
76561197961493417
76561197961493418
76561197961493419
76561197961493420
76561197961493421
76561197961493424
76561197961493425
76561197961493426
76561197961493427
76561197961493428
76561197961493429
76561197961493430
76561197961493434
76561197961493437
76561197961493438
76561197961493440
76561197961493441
76561197961493442
76561197961493443
76561197961493444
76561197961493447
76561197961493449
76561197961493450
76561197961493451
76561197961493454
76561197961493455
76561197961493456
76561197961493458
76561197961493459
76561197961493460
76561197961493461
76561197961493462
76561197961493463
76561197961493464
76561197961493465
76561197961493468
76561197961493470
76561197961493472
76561197961493473
76561197961493474
76561197961493476
76561197961493477
76561197961493478
76561197961493480
76561197961493482
76561197961493484
76561197961493486
76561197961493488
76561197961493489
76561197961493490
76561197961493491
76561197961493493
76561197961493494
76561197961493495
76561197961493497
76561197961493498
76561197961493500
76561197961493501
76561197961493502
76561197961493503
76561197961493505
76561197961493506
76561197961493508
76561197961493510
76561197961493512
76561197961493513
76561197961493514
76561197961493518
76561197961493520
76561197961493532
76561197961493533
76561197961493535
76561197961493538
76561197961493541
76561197961493542
76561197961493543
76561197961493545
76561197961493547
76561197961493549
76561197961493550
76561197961493551
76561197961493552
76561197961493553
76561197961493554
76561197961493556
76561197961493558
76561197961493562
76561197961493563
76561197961493564
76561197961493565
76561197961493568
76561197961493570
76561197961493571
76561197961493572
76561197961493573
76561197961493576
76561197961493578
76561197961493579
76561197961493580
76561197961493582
76561197961493584
76561197961493585
76561197961493589
76561197961493590
76561197961493594
76561197961493595
76561197961493596
76561197961493598
76561197961493599
76561197961493602
76561197961493603
76561197961493604
76561197961493605
76561197961493610
76561197961493611
76561197961493612
76561197961493613
76561197961493618
76561197961493620
76561197961493622
76561197961493625
76561197961493629
76561197961493633
76561197961493636
76561197961493638
76561197961493639
76561197961493640
76561197961493643
76561197961493645
76561197961493646
76561197961493647
76561197961493649
76561197961493650
76561197961493651
76561197961493654
76561197961493655
76561197961493656
76561197961493657
76561197961493658
76561197961493662
76561197961493663
76561197961493668
76561197961493676
76561197961493677
76561197961493679
76561197961493680
76561197961493681
76561197961493685
76561197961493686
76561197961493687
76561197961493688
76561197961493689
76561197961493690
76561197961493694
76561197961493696
76561197961493701
76561197961493702
76561197961493703
76561197961493704
76561197961493705
76561197961493706
76561197961493707
76561197961493710
76561197961493712
76561197961493713
76561197961493714
76561197961493715
76561197961493717
76561197961493719
76561197961493721
76561197961493722
76561197961493724
76561197961493726
76561197961493729
76561197961493730
76561197961493732
76561197961493734
76561197961493736
76561197961493740
76561197961493741
76561197961493742
76561197961493743
76561197961493744
76561197961493746
76561197961493750
76561197961493751
76561197961493753
76561197961493757
76561197961493758
76561197961493759
76561197961493761
76561197961493762
76561197961493766
76561197961493767
76561197961493771
76561197961493772
76561197961493774
76561197961493776
76561197961493777
76561197961493779
76561197961493781
76561197961493786
76561197961493787
76561197961493789
76561197961493792
76561197961493793
76561197961493797
76561197961493798
76561197961493800
76561197961493801
76561197961493803
76561197961493804
76561197961493805
76561197961493807
76561197961493808
76561197961493810
76561197961493813
76561197961493814
76561197961493816
76561197961493818
76561197961493821
76561197961493822
76561197961493823
76561197961493824
76561197961493825
76561197961493826
76561197961493829
76561197961493830
76561197961493832
76561197961493833
76561197961493835
76561197961493837
76561197961493838
76561197961493839
76561197961493840
76561197961493841
76561197961493845
76561197961493847
76561197961493849
76561197961493851
76561197961493853
76561197961493854
76561197961493855
76561197961493856
76561197961493857
76561197961493858
76561197961493860
76561197961493862
76561197961493863
76561197961493864
76561197961493866
76561197961493867
76561197961493868
76561197961493869
76561197961493871
76561197961493873
76561197961493874
76561197961493875
76561197961493876
76561197961493877
76561197961493882
76561197961493883
76561197961493885
76561197961493886
76561197961493887
76561197961493888
76561197961493892
76561197961493893
76561197961493895
76561197961493896
76561197961493897
76561197961493898
76561197961493900
76561197961493902
76561197961493903
76561197961493905
76561197961493908
76561197961493909
76561197961493910
76561197961493912
76561197961493913
76561197961493917
76561197961493918
76561197961493919
76561197961493920
76561197961493921
76561197961493923
76561197961493924
76561197961493925
76561197961493930
76561197961493931
76561197961493933
76561197961493934
76561197961493937
76561197961493939
76561197961493940
76561197961493941
76561197961493942
76561197961493945
76561197961493947
76561197961493950
76561197961493952
76561197961493954
76561197961493955
76561197961493958
76561197961493961
76561197961493962
76561197961493963
76561197961493968
76561197961493971
76561197961493972
76561197961493975
76561197961493976
76561197961493978
76561197961493979
76561197961493981
76561197961493982
76561197961493984
76561197961493985
76561197961493986
76561197961493987
76561197961493988
76561197961493990
76561197961493992
76561197961493995
76561197961493996
76561197961493997
76561197961493998
76561197961493999
76561197961494001
76561197961494002
76561197961494009
76561197961494011
76561197961494012
76561197961494013
76561197961494018
76561197961494019
76561197961494020
76561197961494023
76561197961494024
76561197961494025
76561197961494031
76561197961494033
76561197961494035
76561197961494036
76561197961494037
76561197961494038
76561197961494039
76561197961494042
76561197961494044
76561197961494045
76561197961494046
76561197961494047
76561197961494050
76561197961494051
76561197961494052
76561197961494053
76561197961494054
76561197961494056
76561197961494057
76561197961494059
76561197961494062
76561197961494063
76561197961494064
76561197961494066
76561197961494068
76561197961494069
76561197961494070
76561197961494072
76561197961494073
76561197961494074
76561197961494077
76561197961494078
76561197961494079
76561197961494080
76561197961494084
76561197961494086
76561197961494088
76561197961494090
76561197961494093
76561197961494097
76561197961494100
76561197961494101
76561197961494104
76561197961494107
76561197961494108
76561197961494109
76561197961494112
76561197961494114
76561197961494116
76561197961494117
76561197961494118
76561197961494122
76561197961494123
76561197961494127
76561197961494128
76561197961494129
76561197961494131
76561197961494134
76561197961494136
76561197961494139
76561197961494141
76561197961494142
76561197961494143
76561197961494144
76561197961494148
76561197961494150
76561197961494151
76561197961494152
76561197961494154
76561197961494155
76561197961494156
76561197961494158
76561197961494159
76561197961494162
76561197961494165
76561197961494172
76561197961494173
76561197961494174
76561197961494175
76561197961494176
76561197961494177
76561197961494180
76561197961494181
76561197961494183
76561197961494184
76561197961494185
76561197961494187
76561197961494189
76561197961494198
76561197961494203
76561197961494206
76561197961494207
76561197961494208
76561197961494209
76561197961494210
76561197961494211
76561197961494212
76561197961494216
76561197961494217
76561197961494218
76561197961494219
76561197961494220
76561197961494221
76561197961494222
76561197961494224
76561197961494226
76561197961494230
76561197961494231
76561197961494232
76561197961494233
76561197961494236
76561197961494237
76561197961494238
76561197961494240
76561197961494242
76561197961494244
76561197961494247
76561197961494248
76561197961494249
76561197961494252
76561197961494254
76561197961494255
76561197961494260
76561197961494261
76561197961494262
76561197961494263
76561197961494264
76561197961494266
76561197961494269
76561197961494270
76561197961494271
76561197961494272
76561197961494276
76561197961494278
76561197961494279
76561197961494280
76561197961494281
76561197961494285
76561197961494286
76561197961494290
76561197961494291
76561197961494293
76561197961494294
76561197961494295
76561197961494296
76561197961494299
76561197961494300
76561197961494306
76561197961494309
76561197961494310
76561197961494311
76561197961494316
76561197961494317
76561197961494320
76561197961494322
76561197961494323
76561197961494325
76561197961494326
76561197961494329
76561197961494333
76561197961494336
76561197961494338
76561197961494340
76561197961494342
76561197961494345
76561197961494346
76561197961494347
76561197961494349
76561197961494351
76561197961494353
76561197961494354
76561197961494355
76561197961494356
76561197961494358
76561197961494360
76561197961494362
76561197961494363
76561197961494364
76561197961494365
76561197961494367
76561197961494368
76561197961494369
76561197961494371
76561197961494373
76561197961494374
76561197961494375
76561197961494376
76561197961494377
76561197961494379
76561197961494382
76561197961494383
76561197961494384
76561197961494385
76561197961494387
76561197961494389
76561197961494390
76561197961494391
76561197961494392
76561197961494393
76561197961494395
76561197961494396
76561197961494398
76561197961494400
76561197961494402
76561197961494403
76561197961494404
76561197961494405
76561197961494409
76561197961494413
76561197961494414
76561197961494415
76561197961494417
76561197961494420
76561197961494421
76561197961494423
76561197961494425
76561197961494429
76561197961494431
76561197961494432
76561197961494434
76561197961494436
76561197961494437
76561197961494438
76561197961494440
76561197961494441
76561197961494444
76561197961494445
76561197961494448
76561197961494449
76561197961494451
76561197961494452
76561197961494453
76561197961494454
76561197961494456
76561197961494458
76561197961494460
76561197961494466
76561197961494467
76561197961494468
76561197961494469
76561197961494471
76561197961494473
76561197961494474
76561197961494475
76561197961494476
76561197961494480
76561197961494481
76561197961494482
76561197961494489
76561197961494491
76561197961494493
76561197961494495
76561197961494496
76561197961494500
76561197961494501
76561197961494504
76561197961494508
76561197961494509
76561197961494511
76561197961494513
76561197961494515
76561197961494516
76561197961494517
76561197961494518
76561197961494520
76561197961494522
76561197961494523
76561197961494524
76561197961494525
76561197961494526
76561197961494527
76561197961494528
76561197961494531
76561197961494533
76561197961494536
76561197961494537
76561197961494539
76561197961494540
76561197961494543
76561197961494544
76561197961494545
76561197961494546
76561197961494547
76561197961494548
76561197961494549
76561197961494551
76561197961494554
76561197961494556
76561197961494558
76561197961494559
76561197961494560
76561197961494562
76561197961494566
76561197961494567
76561197961494569
76561197961494570
76561197961494571
76561197961494574
76561197961494576
76561197961494577
76561197961494580
76561197961494582
76561197961494584
76561197961494586
76561197961494587
76561197961494588
76561197961494589
76561197961494590
76561197961494591
76561197961494596
76561197961494598
76561197961494602
76561197961494604
76561197961494605
76561197961494608
76561197961494609
76561197961494610
76561197961494611
76561197961494612
76561197961494613
76561197961494614
76561197961494615
76561197961494617
76561197961494618
76561197961494619
76561197961494622
76561197961494623
76561197961494624
76561197961494627
76561197961494628
76561197961494630
76561197961494631
76561197961494634
76561197961494637
76561197961494638
76561197961494642
76561197961494644
76561197961494645
76561197961494647
76561197961494648
76561197961494650
76561197961494651
76561197961494654
76561197961494655
76561197961494656
76561197961494659
76561197961494660
76561197961494662
76561197961494666
76561197961494667
76561197961494670
76561197961494675
76561197961494676
76561197961494678
76561197961494679
76561197961494681
76561197961494684
76561197961494688
76561197961494689
76561197961494693
76561197961494694
76561197961494695
76561197961494698
76561197961494700
76561197961494701
76561197961494702
76561197961494703
76561197961494704
76561197961494705
76561197961494708
76561197961494709
76561197961494710
76561197961494712
76561197961494713
76561197961494714
76561197961494715
76561197961494716
76561197961494719
76561197961494720
76561197961494721
76561197961494723
76561197961494726
76561197961494727
76561197961494731
76561197961494734
76561197961494735
76561197961494738
76561197961494739
76561197961494742
76561197961494745
76561197961494750
76561197961494752
76561197961494753
76561197961494754
76561197961494755
76561197961494756
76561197961494757
76561197961494758
76561197961494759
76561197961494760
76561197961494762
76561197961494764
76561197961494765
76561197961494768
76561197961494770
76561197961494771
76561197961494772
76561197961494773
76561197961494774
76561197961494776
76561197961494777
76561197961494778
76561197961494779
76561197961494780
76561197961494781
76561197961494783
76561197961494784
76561197961494785
76561197961494786
76561197961494789
76561197961494790
76561197961494791
76561197961494792
76561197961494793
76561197961494794
76561197961494796
76561197961494797
76561197961494798
76561197961494800
76561197961494801
76561197961494802
76561197961494804
76561197961494805
76561197961494806
76561197961494807
76561197961494808
76561197961494809
76561197961494811
76561197961494813
76561197961494815
76561197961494816
76561197961494817
76561197961494819
76561197961494821
76561197961494823
76561197961494824
76561197961494825
76561197961494828
76561197961494830
76561197961494832
76561197961494834
76561197961494836
76561197961494839
76561197961494841
76561197961494842
76561197961494844
76561197961494845
76561197961494847
76561197961494848
76561197961494851
76561197961494852
76561197961494853
76561197961494854
76561197961494855
76561197961494858
76561197961494861
76561197961494862
76561197961494863
76561197961494868
76561197961494870
76561197961494871
76561197961494873
76561197961494875
76561197961494876
76561197961494878
76561197961494879
76561197961494880
76561197961494883
76561197961494884
76561197961494888
76561197961494889
76561197961494890
76561197961494891
76561197961494892
76561197961494893
76561197961494894
76561197961494895
76561197961494899
76561197961494900
76561197961494901
76561197961494902
76561197961494904
76561197961494905
76561197961494907
76561197961494909
76561197961494911
76561197961494915
76561197961494918
76561197961494919
76561197961494921
76561197961494922
76561197961494923
76561197961494924
76561197961494925
76561197961494927
76561197961494928
76561197961494933
76561197961494934
76561197961494935
76561197961494936
76561197961494942
76561197961494943
76561197961494944
76561197961494946
76561197961494947
76561197961494948
76561197961494949
76561197961494951
76561197961494952
76561197961494955
76561197961494956
76561197961494958
76561197961494960
76561197961494962
76561197961494963
76561197961494964
76561197961494967
76561197961494968
76561197961494969
76561197961494970
76561197961494973
76561197961494974
76561197961494975
76561197961494977
76561197961494978
76561197961494979
76561197961494981
76561197961494982
76561197961494984
76561197961494985
76561197961494990
76561197961494991
76561197961494994
76561197961494996
76561197961494999
76561197961495001
76561197961495005
76561197961495006
76561197961495008
76561197961495009
76561197961495010
