76561197961142555
76561197961142556
76561197961142557
76561197961142559
76561197961142560
76561197961142561
76561197961142562
76561197961142563
76561197961142564
76561197961142565
76561197961142569
76561197961142573
76561197961142574
76561197961142575
76561197961142578
76561197961142582
76561197961142583
76561197961142584
76561197961142585
76561197961142586
76561197961142588
76561197961142589
76561197961142592
76561197961142594
76561197961142596
76561197961142597
76561197961142599
76561197961142600
76561197961142601
76561197961142602
76561197961142603
76561197961142606
76561197961142607
76561197961142608
76561197961142609
76561197961142610
76561197961142612
76561197961142613
76561197961142614
76561197961142616
76561197961142617
76561197961142618
76561197961142619
76561197961142620
76561197961142621
76561197961142622
76561197961142623
76561197961142624
76561197961142626
76561197961142628
76561197961142629
76561197961142630
76561197961142631
76561197961142632
76561197961142633
76561197961142634
76561197961142635
76561197961142638
76561197961142639
76561197961142641
76561197961142644
76561197961142646
76561197961142647
76561197961142648
76561197961142649
76561197961142650
76561197961142651
76561197961142655
76561197961142657
76561197961142660
76561197961142661
76561197961142662
76561197961142663
76561197961142664
76561197961142667
76561197961142668
76561197961142669
76561197961142670
76561197961142671
76561197961142672
76561197961142673
76561197961142675
76561197961142676
76561197961142680
76561197961142684
76561197961142685
76561197961142686
76561197961142691
76561197961142692
76561197961142694
76561197961142695
76561197961142697
76561197961142698
76561197961142699
76561197961142700
76561197961142702
76561197961142703
76561197961142704
76561197961142705
76561197961142706
76561197961142709
76561197961142711
76561197961142714
76561197961142715
76561197961142716
76561197961142717
76561197961142719
76561197961142720
76561197961142723
76561197961142724
76561197961142725
76561197961142726
76561197961142727
76561197961142728
76561197961142730
76561197961142731
76561197961142733
76561197961142734
76561197961142735
76561197961142736
76561197961142737
76561197961142739
76561197961142740
76561197961142741
76561197961142742
76561197961142743
76561197961142746
76561197961142747
76561197961142748
76561197961142749
76561197961142750
76561197961142751
76561197961142754
76561197961142755
76561197961142756
76561197961142757
76561197961142758
76561197961142760
76561197961142762
76561197961142763
76561197961142764
76561197961142766
76561197961142768
76561197961142769
76561197961142771
76561197961142772
76561197961142774
76561197961142775
76561197961142776
76561197961142777
76561197961142778
76561197961142780
76561197961142783
76561197961142785
76561197961142786
76561197961142787
76561197961142788
76561197961142791
76561197961142792
76561197961142793
76561197961142794
76561197961142795
76561197961142796
76561197961142798
76561197961142799
76561197961142800
76561197961142801
76561197961142802
76561197961142805
76561197961142806
76561197961142807
76561197961142808
76561197961142810
76561197961142813
76561197961142814
76561197961142819
76561197961142820
76561197961142822
76561197961142823
76561197961142824
76561197961142826
76561197961142827
76561197961142828
76561197961142829
76561197961142830
76561197961142832
76561197961142833
76561197961142834
76561197961142837
76561197961142838
76561197961142839
76561197961142840
76561197961142841
76561197961142845
76561197961142846
76561197961142847
76561197961142848
76561197961142849
76561197961142850
76561197961142852
76561197961142859
76561197961142860
76561197961142861
76561197961142864
76561197961142867
76561197961142870
76561197961142871
76561197961142874
76561197961142875
76561197961142876
76561197961142877
76561197961142878
76561197961142879
76561197961142881
76561197961142882
76561197961142883
76561197961142884
76561197961142887
76561197961142888
76561197961142891
76561197961142894
76561197961142896
76561197961142897
76561197961142899
76561197961142900
76561197961142901
76561197961142903
76561197961142905
76561197961142907
76561197961142912
76561197961142913
76561197961142916
76561197961142917
76561197961142921
76561197961142922
76561197961142924
76561197961142925
76561197961142926
76561197961142927
76561197961142928
76561197961142931
76561197961142932
76561197961142934
76561197961142935
76561197961142936
76561197961142938
76561197961142939
76561197961142940
76561197961142942
76561197961142943
76561197961142944
76561197961142946
76561197961142947
76561197961142949
76561197961142950
76561197961142955
76561197961142956
76561197961142957
76561197961142958
76561197961142959
76561197961142960
76561197961142961
76561197961142962
76561197961142963
76561197961142964
76561197961142965
76561197961142966
76561197961142970
76561197961142972
76561197961142974
76561197961142975
76561197961142976
76561197961142979
76561197961142984
76561197961142986
76561197961142987
76561197961142991
76561197961142992
76561197961142993
76561197961142995
76561197961142996
76561197961142997
76561197961142998
76561197961142999
76561197961143000
76561197961143001
76561197961143002
76561197961143003
76561197961143004
76561197961143006
76561197961143007
76561197961143008
76561197961143009
76561197961143010
76561197961143011
76561197961143012
76561197961143013
76561197961143014
76561197961143017
76561197961143018
76561197961143020
76561197961143021
76561197961143022
76561197961143023
76561197961143024
76561197961143025
76561197961143026
76561197961143027
76561197961143029
76561197961143031
76561197961143032
76561197961143034
76561197961143036
76561197961143037
76561197961143038
76561197961143040
76561197961143041
76561197961143042
76561197961143044
76561197961143045
76561197961143048
76561197961143050
76561197961143052
76561197961143053
76561197961143054
76561197961143055
76561197961143056
76561197961143057
76561197961143060
76561197961143061
76561197961143064
76561197961143065
76561197961143068
76561197961143069
76561197961143070
76561197961143071
76561197961143073
76561197961143074
76561197961143075
76561197961143076
76561197961143077
76561197961143079
76561197961143083
76561197961143084
76561197961143086
76561197961143089
76561197961143090
76561197961143091
76561197961143092
76561197961143094
76561197961143097
76561197961143098
76561197961143100
76561197961143106
76561197961143107
76561197961143108
76561197961143110
76561197961143112
76561197961143113
76561197961143115
76561197961143117
76561197961143122
76561197961143123
76561197961143124
76561197961143125
76561197961143126
76561197961143127
76561197961143130
76561197961143132
76561197961143133
76561197961143134
76561197961143135
76561197961143139
76561197961143140
76561197961143145
76561197961143146
76561197961143151
76561197961143152
76561197961143153
76561197961143155
76561197961143156
76561197961143160
76561197961143166
76561197961143168
76561197961143170
76561197961143171
76561197961143172
76561197961143173
76561197961143175
76561197961143176
76561197961143177
76561197961143180
76561197961143181
76561197961143182
76561197961143183
76561197961143184
76561197961143186
76561197961143187
76561197961143188
76561197961143189
76561197961143191
76561197961143192
76561197961143194
76561197961143195
76561197961143196
76561197961143198
76561197961143199
76561197961143200
76561197961143202
76561197961143203
76561197961143204
76561197961143206
76561197961143207
76561197961143209
76561197961143210
76561197961143211
76561197961143212
76561197961143213
76561197961143215
76561197961143216
76561197961143218
76561197961143219
76561197961143222
76561197961143224
76561197961143225
76561197961143226
76561197961143227
76561197961143228
76561197961143229
76561197961143231
76561197961143232
76561197961143233
76561197961143236
76561197961143237
76561197961143240
76561197961143241
76561197961143243
76561197961143244
76561197961143245
76561197961143247
76561197961143251
76561197961143252
76561197961143255
76561197961143256
76561197961143258
76561197961143259
76561197961143260
76561197961143264
76561197961143265
76561197961143266
76561197961143267
76561197961143270
76561197961143271
76561197961143272
76561197961143273
76561197961143274
76561197961143275
76561197961143277
76561197961143279
76561197961143280
76561197961143281
76561197961143283
76561197961143284
76561197961143286
76561197961143287
76561197961143288
76561197961143289
76561197961143290
76561197961143291
76561197961143295
76561197961143297
76561197961143298
76561197961143299
76561197961143302
76561197961143303
76561197961143305
76561197961143306
76561197961143308
76561197961143310
76561197961143312
76561197961143314
76561197961143315
76561197961143316
76561197961143318
76561197961143320
76561197961143321
76561197961143322
76561197961143323
76561197961143325
76561197961143327
76561197961143331
76561197961143333
76561197961143334
76561197961143335
76561197961143336
76561197961143337
76561197961143338
76561197961143340
76561197961143341
76561197961143342
76561197961143343
76561197961143344
76561197961143347
76561197961143348
76561197961143349
76561197961143350
76561197961143351
76561197961143352
76561197961143354
76561197961143355
76561197961143356
76561197961143357
76561197961143359
76561197961143360
76561197961143361
76561197961143362
76561197961143365
76561197961143366
76561197961143367
76561197961143368
76561197961143370
76561197961143371
76561197961143372
76561197961143374
76561197961143376
76561197961143378
76561197961143379
76561197961143381
76561197961143383
76561197961143386
76561197961143387
76561197961143388
76561197961143389
76561197961143393
76561197961143394
76561197961143395
76561197961143396
76561197961143397
76561197961143398
76561197961143399
76561197961143400
76561197961143401
76561197961143402
76561197961143403
76561197961143404
76561197961143405
76561197961143408
76561197961143409
76561197961143410
76561197961143411
76561197961143414
76561197961143416
76561197961143417
76561197961143422
76561197961143423
76561197961143424
76561197961143425
76561197961143427
76561197961143428
76561197961143431
76561197961143433
76561197961143434
76561197961143436
76561197961143438
76561197961143439
76561197961143441
76561197961143442
76561197961143444
76561197961143445
76561197961143446
76561197961143450
76561197961143451
76561197961143452
76561197961143455
76561197961143457
76561197961143459
76561197961143462
76561197961143463
76561197961143464
76561197961143465
76561197961143466
76561197961143467
76561197961143469
76561197961143470
76561197961143471
76561197961143472
76561197961143473
76561197961143477
76561197961143478
76561197961143479
76561197961143480
76561197961143481
76561197961143483
76561197961143484
76561197961143485
76561197961143486
76561197961143487
76561197961143489
76561197961143491
76561197961143492
76561197961143494
76561197961143496
76561197961143497
76561197961143498
76561197961143499
76561197961143500
76561197961143502
76561197961143503
76561197961143504
76561197961143505
76561197961143507
76561197961143510
76561197961143512
76561197961143513
76561197961143514
76561197961143516
76561197961143517
76561197961143518
76561197961143519
76561197961143520
76561197961143522
76561197961143523
76561197961143524
76561197961143525
76561197961143533
76561197961143535
76561197961143537
76561197961143538
76561197961143541
76561197961143542
76561197961143544
76561197961143549
76561197961143550
76561197961143551
76561197961143554
76561197961143555
76561197961143557
76561197961143558
76561197961143560
76561197961143561
76561197961143564
76561197961143566
76561197961143568
76561197961143570
76561197961143571
76561197961143572
76561197961143575
76561197961143576
76561197961143578
76561197961143579
76561197961143580
76561197961143582
76561197961143584
76561197961143587
76561197961143588
76561197961143589
76561197961143592
76561197961143594
76561197961143595
76561197961143597
76561197961143598
76561197961143599
76561197961143600
76561197961143602
76561197961143603
76561197961143604
76561197961143606
76561197961143607
76561197961143609
76561197961143612
76561197961143613
76561197961143614
76561197961143617
76561197961143621
76561197961143622
76561197961143624
76561197961143626
76561197961143627
76561197961143629
76561197961143632
76561197961143633
76561197961143634
76561197961143635
76561197961143637
76561197961143638
76561197961143639
76561197961143640
76561197961143641
76561197961143644
76561197961143645
76561197961143646
76561197961143647
76561197961143648
76561197961143649
76561197961143650
76561197961143653
76561197961143654
76561197961143655
76561197961143657
76561197961143658
76561197961143659
76561197961143660
76561197961143663
76561197961143668
76561197961143670
76561197961143672
76561197961143673
76561197961143674
76561197961143675
76561197961143676
76561197961143678
76561197961143679
76561197961143680
76561197961143681
76561197961143683
76561197961143684
76561197961143685
76561197961143686
76561197961143687
76561197961143690
76561197961143692
76561197961143693
76561197961143694
76561197961143696
76561197961143697
76561197961143700
76561197961143705
76561197961143710
76561197961143712
76561197961143714
76561197961143715
76561197961143717
76561197961143718
76561197961143719
76561197961143720
76561197961143721
76561197961143722
76561197961143724
76561197961143725
76561197961143726
76561197961143729
76561197961143730
76561197961143732
76561197961143734
76561197961143735
76561197961143737
76561197961143738
76561197961143740
76561197961143742
76561197961143744
76561197961143745
76561197961143746
76561197961143747
76561197961143749
76561197961143750
76561197961143751
76561197961143754
76561197961143756
76561197961143758
76561197961143759
76561197961143760
76561197961143762
76561197961143763
76561197961143764
76561197961143766
76561197961143767
76561197961143768
76561197961143770
76561197961143772
76561197961143775
76561197961143776
76561197961143777
76561197961143779
76561197961143780
76561197961143782
76561197961143784
76561197961143785
76561197961143789
76561197961143790
76561197961143794
76561197961143799
76561197961143800
76561197961143802
76561197961143803
76561197961143804
76561197961143805
76561197961143806
76561197961143807
76561197961143808
76561197961143809
76561197961143811
76561197961143812
76561197961143814
76561197961143816
76561197961143817
76561197961143819
76561197961143820
76561197961143822
76561197961143823
76561197961143824
76561197961143825
76561197961143828
76561197961143831
76561197961143832
76561197961143834
76561197961143835
76561197961143837
76561197961143839
76561197961143840
76561197961143843
76561197961143845
76561197961143846
76561197961143847
76561197961143850
76561197961143851
76561197961143852
76561197961143853
76561197961143854
76561197961143857
76561197961143859
76561197961143861
76561197961143864
76561197961143866
76561197961143867
76561197961143870
76561197961143871
76561197961143873
76561197961143874
76561197961143875
76561197961143876
76561197961143877
76561197961143879
76561197961143880
76561197961143881
76561197961143882
76561197961143883
76561197961143884
76561197961143885
76561197961143886
76561197961143887
76561197961143889
76561197961143890
76561197961143893
76561197961143894
76561197961143895
76561197961143899
76561197961143902
76561197961143903
76561197961143908
76561197961143910
76561197961143911
76561197961143912
76561197961143915
76561197961143916
76561197961143919
76561197961143921
76561197961143925
76561197961143928
76561197961143931
76561197961143933
76561197961143934
76561197961143937
76561197961143938
76561197961143939
76561197961143942
76561197961143944
76561197961143946
76561197961143947
76561197961143948
76561197961143950
76561197961143952
76561197961143953
76561197961143955
76561197961143957
76561197961143958
76561197961143961
76561197961143962
76561197961143963
76561197961143964
76561197961143966
76561197961143967
76561197961143968
76561197961143969
76561197961143970
76561197961143971
76561197961143972
76561197961143974
76561197961143977
76561197961143979
76561197961143980
76561197961143981
76561197961143983
76561197961143984
76561197961143985
76561197961143986
76561197961143987
76561197961143988
76561197961143990
76561197961143992
76561197961143993
76561197961143995
76561197961143996
76561197961143997
76561197961143998
76561197961143999
76561197961144000
76561197961144001
76561197961144003
76561197961144005
76561197961144007
76561197961144008
76561197961144009
76561197961144011
76561197961144012
76561197961144013
76561197961144014
76561197961144015
76561197961144016
76561197961144018
76561197961144019
76561197961144022
76561197961144024
76561197961144025
76561197961144026
76561197961144027
76561197961144029
76561197961144030
76561197961144032
76561197961144033
76561197961144034
76561197961144035
76561197961144037
76561197961144039
76561197961144040
76561197961144043
76561197961144049
76561197961144050
76561197961144051
76561197961144052
76561197961144054
76561197961144056
76561197961144058
76561197961144059
76561197961144060
76561197961144061
76561197961144062
76561197961144066
76561197961144067
76561197961144068
76561197961144069
76561197961144075
76561197961144076
76561197961144080
76561197961144082
76561197961144083
76561197961144084
76561197961144086
76561197961144089
76561197961144090
76561197961144091
76561197961144093
76561197961144094
76561197961144096
76561197961144097
76561197961144098
76561197961144099
76561197961144100
76561197961144101
76561197961144102
76561197961144103
76561197961144104
76561197961144106
76561197961144107
76561197961144110
76561197961144111
76561197961144114
76561197961144115
76561197961144117
76561197961144118
76561197961144120
76561197961144122
76561197961144127
76561197961144129
76561197961144132
76561197961144135
76561197961144136
76561197961144137
76561197961144139
76561197961144140
76561197961144143
76561197961144144
76561197961144145
76561197961144146
76561197961144149
76561197961144150
76561197961144153
76561197961144154
76561197961144155
76561197961144159
76561197961144160
