76561197960922238
76561197960922240
76561197960922241
76561197960922242
76561197960922243
76561197960922244
76561197960922245
76561197960922248
76561197960922250
76561197960922251
76561197960922252
76561197960922254
76561197960922256
76561197960922258
76561197960922259
76561197960922260
76561197960922262
76561197960922264
76561197960922268
76561197960922269
76561197960922270
76561197960922272
76561197960922273
76561197960922274
76561197960922276
76561197960922277
76561197960922279
76561197960922282
76561197960922283
76561197960922284
76561197960922286
76561197960922287
76561197960922288
76561197960922290
76561197960922291
76561197960922292
76561197960922294
76561197960922296
76561197960922297
76561197960922299
76561197960922300
76561197960922301
76561197960922304
76561197960922306
76561197960922307
76561197960922310
76561197960922311
76561197960922314
76561197960922317
76561197960922319
76561197960922321
76561197960922324
76561197960922326
76561197960922328
76561197960922329
76561197960922330
76561197960922333
76561197960922334
76561197960922336
76561197960922338
76561197960922341
76561197960922342
76561197960922345
76561197960922347
76561197960922349
76561197960922351
76561197960922352
76561197960922354
76561197960922355
76561197960922356
76561197960922358
76561197960922362
76561197960922363
76561197960922364
76561197960922365
76561197960922369
76561197960922372
76561197960922373
76561197960922374
76561197960922377
76561197960922379
76561197960922381
76561197960922382
76561197960922383
76561197960922385
76561197960922388
76561197960922389
76561197960922390
76561197960922391
76561197960922394
76561197960922395
76561197960922396
76561197960922399
76561197960922402
76561197960922403
76561197960922404
76561197960922405
76561197960922407
76561197960922411
76561197960922412
76561197960922413
76561197960922414
76561197960922416
76561197960922417
76561197960922420
76561197960922421
76561197960922422
76561197960922423
76561197960922424
76561197960922425
76561197960922426
76561197960922428
76561197960922429
76561197960922430
76561197960922431
76561197960922433
76561197960922434
76561197960922435
76561197960922438
76561197960922441
76561197960922442
76561197960922443
76561197960922444
76561197960922445
76561197960922446
76561197960922447
76561197960922450
76561197960922452
76561197960922455
76561197960922457
76561197960922458
76561197960922459
76561197960922460
76561197960922462
76561197960922463
76561197960922464
76561197960922465
76561197960922466
76561197960922469
76561197960922472
76561197960922473
76561197960922474
76561197960922477
76561197960922480
76561197960922482
76561197960922484
76561197960922486
76561197960922488
76561197960922489
76561197960922490
76561197960922491
76561197960922492
76561197960922494
76561197960922495
76561197960922496
76561197960922500
76561197960922502
76561197960922503
76561197960922504
76561197960922506
76561197960922508
76561197960922509
76561197960922510
76561197960922511
76561197960922512
76561197960922514
76561197960922516
76561197960922519
76561197960922520
76561197960922522
76561197960922524
76561197960922526
76561197960922528
76561197960922530
76561197960922531
76561197960922532
76561197960922533
76561197960922536
76561197960922538
76561197960922539
76561197960922542
76561197960922543
76561197960922544
76561197960922545
76561197960922548
76561197960922550
76561197960922553
76561197960922554
76561197960922557
76561197960922558
76561197960922560
76561197960922563
76561197960922564
76561197960922565
76561197960922566
76561197960922567
76561197960922568
76561197960922569
76561197960922571
76561197960922574
76561197960922575
76561197960922576
76561197960922577
76561197960922578
76561197960922579
76561197960922580
76561197960922581
76561197960922583
76561197960922584
76561197960922585
76561197960922586
76561197960922588
76561197960922589
76561197960922593
76561197960922596
76561197960922597
76561197960922600
76561197960922601
76561197960922602
76561197960922603
76561197960922604
76561197960922605
76561197960922606
76561197960922608
76561197960922609
76561197960922610
76561197960922611
76561197960922612
76561197960922614
76561197960922616
76561197960922617
76561197960922620
76561197960922622
76561197960922623
76561197960922624
76561197960922625
76561197960922626
76561197960922628
76561197960922630
76561197960922631
76561197960922632
76561197960922634
76561197960922635
76561197960922636
76561197960922637
76561197960922639
76561197960922641
76561197960922642
76561197960922643
76561197960922644
76561197960922646
76561197960922648
76561197960922649
76561197960922654
76561197960922656
76561197960922658
76561197960922659
76561197960922660
76561197960922662
76561197960922663
76561197960922664
76561197960922665
76561197960922666
76561197960922667
76561197960922669
76561197960922671
76561197960922672
76561197960922673
76561197960922674
76561197960922675
76561197960922677
76561197960922681
76561197960922682
76561197960922683
76561197960922684
76561197960922686
76561197960922689
76561197960922692
76561197960922693
76561197960922694
76561197960922695
76561197960922700
76561197960922703
76561197960922705
76561197960922706
76561197960922707
76561197960922708
76561197960922710
76561197960922712
76561197960922713
76561197960922714
76561197960922715
76561197960922716
76561197960922717
76561197960922718
76561197960922719
76561197960922720
76561197960922721
76561197960922722
76561197960922724
76561197960922725
76561197960922727
76561197960922729
76561197960922731
76561197960922734
76561197960922737
76561197960922738
76561197960922739
76561197960922740
76561197960922741
76561197960922742
76561197960922743
76561197960922744
76561197960922746
76561197960922747
76561197960922748
76561197960922750
76561197960922752
76561197960922754
76561197960922755
76561197960922756
76561197960922757
76561197960922759
76561197960922760
76561197960922761
76561197960922762
76561197960922763
76561197960922764
76561197960922768
76561197960922770
76561197960922771
76561197960922772
76561197960922774
76561197960922775
76561197960922776
76561197960922777
76561197960922778
76561197960922779
76561197960922780
76561197960922783
76561197960922786
76561197960922787
76561197960922788
76561197960922789
76561197960922790
76561197960922794
76561197960922795
76561197960922797
76561197960922798
76561197960922800
76561197960922802
76561197960922803
76561197960922805
76561197960922807
76561197960922809
76561197960922811
76561197960922812
76561197960922814
76561197960922818
76561197960922820
76561197960922821
76561197960922822
76561197960922824
76561197960922825
76561197960922826
76561197960922828
76561197960922830
76561197960922831
76561197960922832
76561197960922834
76561197960922836
76561197960922837
76561197960922839
76561197960922841
76561197960922842
76561197960922843
76561197960922845
76561197960922847
76561197960922848
76561197960922849
76561197960922850
76561197960922851
76561197960922855
76561197960922856
76561197960922857
76561197960922858
76561197960922860
76561197960922861
76561197960922862
76561197960922863
76561197960922864
76561197960922865
76561197960922866
76561197960922867
76561197960922868
76561197960922869
76561197960922870
76561197960922871
76561197960922872
76561197960922874
76561197960922875
76561197960922877
76561197960922878
76561197960922879
76561197960922880
76561197960922883
76561197960922886
76561197960922889
76561197960922890
76561197960922891
76561197960922893
76561197960922894
76561197960922897
76561197960922898
76561197960922899
76561197960922900
76561197960922902
76561197960922903
76561197960922904
76561197960922906
76561197960922908
76561197960922910
76561197960922911
76561197960922912
76561197960922913
76561197960922914
76561197960922915
76561197960922916
76561197960922917
76561197960922921
76561197960922922
76561197960922923
76561197960922924
76561197960922925
76561197960922926
76561197960922927
76561197960922928
76561197960922929
76561197960922930
76561197960922931
76561197960922934
76561197960922936
76561197960922938
76561197960922940
76561197960922942
76561197960922943
76561197960922945
76561197960922947
76561197960922948
76561197960922950
76561197960922951
76561197960922952
76561197960922953
76561197960922955
76561197960922956
76561197960922957
76561197960922962
76561197960922964
76561197960922965
76561197960922966
76561197960922969
76561197960922970
76561197960922971
76561197960922972
76561197960922973
76561197960922976
76561197960922979
76561197960922980
76561197960922981
76561197960922983
76561197960922985
76561197960922986
76561197960922987
76561197960922988
76561197960922989
76561197960922990
76561197960922992
76561197960922994
76561197960922997
76561197960922998
76561197960922999
76561197960923002
76561197960923003
76561197960923004
76561197960923005
76561197960923007
76561197960923008
76561197960923009
76561197960923011
76561197960923012
76561197960923013
76561197960923014
76561197960923015
76561197960923016
76561197960923018
76561197960923021
76561197960923023
76561197960923025
76561197960923026
76561197960923027
76561197960923029
76561197960923031
76561197960923033
76561197960923035
76561197960923036
76561197960923037
76561197960923038
76561197960923039
76561197960923042
76561197960923043
76561197960923044
76561197960923045
76561197960923046
76561197960923047
76561197960923048
76561197960923049
76561197960923051
76561197960923052
76561197960923053
76561197960923054
76561197960923055
76561197960923056
76561197960923057
76561197960923058
76561197960923059
76561197960923061
76561197960923063
76561197960923064
76561197960923066
76561197960923070
76561197960923072
76561197960923073
76561197960923074
76561197960923075
76561197960923079
76561197960923084
76561197960923086
76561197960923089
76561197960923090
76561197960923092
76561197960923093
76561197960923094
76561197960923096
76561197960923098
76561197960923099
76561197960923100
76561197960923102
76561197960923103
76561197960923104
76561197960923107
76561197960923108
76561197960923111
76561197960923117
76561197960923118
76561197960923119
76561197960923121
76561197960923122
76561197960923123
76561197960923124
76561197960923125
76561197960923126
76561197960923128
76561197960923129
76561197960923131
76561197960923135
76561197960923137
76561197960923139
76561197960923144
76561197960923145
76561197960923146
76561197960923147
76561197960923148
76561197960923149
76561197960923150
76561197960923151
76561197960923152
76561197960923153
76561197960923154
76561197960923156
76561197960923157
76561197960923158
76561197960923159
76561197960923160
76561197960923162
76561197960923163
76561197960923165
76561197960923167
76561197960923168
76561197960923169
76561197960923172
76561197960923173
76561197960923174
76561197960923175
76561197960923176
76561197960923179
76561197960923182
76561197960923186
76561197960923187
76561197960923189
76561197960923191
76561197960923194
76561197960923195
76561197960923196
76561197960923197
76561197960923198
76561197960923199
76561197960923200
76561197960923201
76561197960923203
76561197960923205
76561197960923206
76561197960923208
76561197960923209
76561197960923211
76561197960923214
76561197960923215
76561197960923218
76561197960923219
76561197960923220
76561197960923221
76561197960923224
76561197960923225
76561197960923226
76561197960923227
76561197960923228
76561197960923229
76561197960923230
76561197960923232
76561197960923234
76561197960923235
76561197960923237
76561197960923238
76561197960923239
76561197960923241
76561197960923242
76561197960923244
76561197960923245
76561197960923246
76561197960923247
76561197960923248
76561197960923249
76561197960923251
76561197960923252
76561197960923254
76561197960923256
76561197960923257
76561197960923258
76561197960923260
76561197960923263
76561197960923266
76561197960923267
76561197960923268
76561197960923269
76561197960923273
76561197960923274
76561197960923275
76561197960923276
76561197960923277
76561197960923278
76561197960923279
76561197960923281
76561197960923282
76561197960923283
76561197960923284
76561197960923285
76561197960923286
76561197960923288
76561197960923289
76561197960923290
76561197960923291
76561197960923294
76561197960923295
76561197960923297
76561197960923299
76561197960923300
76561197960923301
76561197960923303
76561197960923304
76561197960923306
76561197960923307
76561197960923309
76561197960923312
76561197960923314
76561197960923315
76561197960923319
76561197960923320
76561197960923321
76561197960923323
76561197960923324
76561197960923326
76561197960923327
76561197960923331
76561197960923332
76561197960923333
76561197960923334
76561197960923335
76561197960923339
76561197960923340
76561197960923341
76561197960923342
76561197960923343
76561197960923345
76561197960923346
76561197960923347
76561197960923348
76561197960923349
76561197960923354
76561197960923356
76561197960923359
76561197960923361
76561197960923362
76561197960923363
76561197960923364
76561197960923365
76561197960923366
76561197960923368
76561197960923369
76561197960923371
76561197960923372
76561197960923374
76561197960923375
76561197960923376
76561197960923377
76561197960923378
76561197960923379
76561197960923380
76561197960923387
76561197960923389
76561197960923391
76561197960923393
76561197960923395
76561197960923396
76561197960923397
76561197960923399
76561197960923401
76561197960923403
76561197960923405
76561197960923409
76561197960923414
76561197960923415
76561197960923416
76561197960923417
76561197960923419
76561197960923421
76561197960923423
76561197960923424
76561197960923425
76561197960923426
76561197960923427
76561197960923429
76561197960923431
76561197960923432
76561197960923433
76561197960923434
76561197960923436
76561197960923438
76561197960923441
76561197960923443
76561197960923444
76561197960923447
76561197960923450
76561197960923451
76561197960923452
76561197960923453
76561197960923455
76561197960923456
76561197960923457
76561197960923459
76561197960923463
76561197960923471
76561197960923473
76561197960923477
76561197960923479
76561197960923485
76561197960923487
76561197960923489
76561197960923491
76561197960923495
76561197960923497
76561197960923505
76561197960923507
76561197960923509
76561197960923511
76561197960923513
76561197960923517
76561197960923519
76561197960923521
76561197960923525
76561197960923529
76561197960923531
76561197960923533
76561197960923537
76561197960923541
76561197960923547
76561197960923549
76561197960923551
76561197960923555
76561197960923557
76561197960923559
76561197960923561
76561197960923563
76561197960923565
76561197960923569
76561197960923571
76561197960923573
76561197960923579
76561197960923583
76561197960923587
76561197960923593
76561197960923595
76561197960923599
76561197960923601
76561197960923603
76561197960923609
76561197960923611
76561197960923613
76561197960923615
76561197960923621
76561197960923625
76561197960923627
76561197960923629
76561197960923633
76561197960923637
76561197960923641
76561197960923643
76561197960923645
76561197960923649
76561197960923653
76561197960923655
76561197960923661
76561197960923663
76561197960923665
76561197960923667
76561197960923669
76561197960923671
76561197960923675
76561197960923681
76561197960923683
76561197960923685
76561197960923689
76561197960923691
76561197960923695
76561197960923699
76561197960923701
76561197960923703
76561197960923705
76561197960923707
76561197960923709
76561197960923711
76561197960923713
76561197960923717
76561197960923719
76561197960923723
76561197960923725
76561197960923727
76561197960923731
76561197960923733
76561197960923735
76561197960923737
76561197960923739
76561197960923741
76561197960923743
76561197960923747
76561197960923749
76561197960923751
76561197960923753
76561197960923755
76561197960923757
76561197960923759
76561197960923761
76561197960923763
76561197960923765
76561197960923767
76561197960923777
76561197960923781
76561197960923783
76561197960923787
76561197960923789
76561197960923791
76561197960923795
76561197960923797
76561197960923803
76561197960923805
76561197960923809
76561197960923813
76561197960923815
76561197960923817
76561197960923819
76561197960923821
76561197960923823
76561197960923827
76561197960923831
76561197960923833
76561197960923835
76561197960923837
76561197960923839
76561197960923843
76561197960923849
76561197960923851
76561197960923855
76561197960923859
76561197960923867
76561197960923869
76561197960923873
76561197960923875
76561197960923877
76561197960923879
76561197960923881
76561197960923883
76561197960923885
76561197960923887
76561197960923889
76561197960923895
76561197960923901
76561197960923907
76561197960923909
76561197960923913
76561197960923915
76561197960923917
76561197960923923
76561197960923925
76561197960923927
76561197960923929
76561197960923931
76561197960923937
76561197960923939
76561197960923943
76561197960923945
76561197960923947
76561197960923953
76561197960923955
76561197960923959
76561197960923963
76561197960923965
76561197960923967
76561197960923969
76561197960923971
76561197960923973
76561197960923975
76561197960923979
76561197960923983
76561197960923989
76561197960923993
76561197960923997
76561197960923999
76561197960924001
76561197960924005
76561197960924007
76561197960924009
76561197960924011
76561197960924019
76561197960924021
76561197960924023
76561197960924027
76561197960924031
76561197960924033
76561197960924037
76561197960924041
76561197960924043
76561197960924049
76561197960924051
76561197960924053
76561197960924055
76561197960924057
76561197960924059
76561197960924061
76561197960924063
76561197960924067
76561197960924069
76561197960924071
76561197960924073
76561197960924079
76561197960924081
76561197960924083
76561197960924085
76561197960924089
76561197960924093
76561197960924095
76561197960924103
76561197960924105
76561197960924107
76561197960924109
76561197960924111
76561197960924113
76561197960924115
76561197960924117
76561197960924121
76561197960924127
76561197960924129
76561197960924135
76561197960924139
76561197960924141
76561197960924143
76561197960924153
76561197960924155
76561197960924157
76561197960924159
76561197960924161
76561197960924163
76561197960924167
