76561197960526250
76561197960526251
76561197960526252
76561197960526254
76561197960526255
76561197960526256
76561197960526259
76561197960526260
76561197960526262
76561197960526263
76561197960526264
76561197960526265
76561197960526267
76561197960526268
76561197960526269
76561197960526271
76561197960526273
76561197960526275
76561197960526277
76561197960526278
76561197960526279
76561197960526280
76561197960526281
76561197960526282
76561197960526283
76561197960526284
76561197960526288
76561197960526289
76561197960526290
76561197960526291
76561197960526293
76561197960526294
76561197960526295
76561197960526296
76561197960526297
76561197960526298
76561197960526299
76561197960526300
76561197960526302
76561197960526303
76561197960526306
76561197960526307
76561197960526308
76561197960526309
76561197960526310
76561197960526313
76561197960526314
76561197960526316
76561197960526317
76561197960526319
76561197960526320
76561197960526321
76561197960526322
76561197960526324
76561197960526325
76561197960526326
76561197960526327
76561197960526328
76561197960526330
76561197960526331
76561197960526332
76561197960526334
76561197960526337
76561197960526338
76561197960526339
76561197960526340
76561197960526341
76561197960526344
76561197960526345
76561197960526346
76561197960526348
76561197960526351
76561197960526354
76561197960526355
76561197960526356
76561197960526357
76561197960526359
76561197960526360
76561197960526361
76561197960526362
76561197960526363
76561197960526364
76561197960526365
76561197960526369
76561197960526370
76561197960526372
76561197960526376
76561197960526377
76561197960526381
76561197960526382
76561197960526383
76561197960526384
76561197960526385
76561197960526386
76561197960526387
76561197960526388
76561197960526390
76561197960526391
76561197960526394
76561197960526395
76561197960526397
76561197960526398
76561197960526399
76561197960526400
76561197960526402
76561197960526404
76561197960526406
76561197960526407
76561197960526408
76561197960526409
76561197960526411
76561197960526415
76561197960526416
76561197960526418
76561197960526419
76561197960526421
76561197960526425
76561197960526426
76561197960526427
76561197960526428
76561197960526429
76561197960526431
76561197960526433
76561197960526435
76561197960526436
76561197960526437
76561197960526438
76561197960526439
76561197960526440
76561197960526441
76561197960526442
76561197960526444
76561197960526445
76561197960526446
76561197960526447
76561197960526449
76561197960526453
76561197960526454
76561197960526455
76561197960526456
76561197960526458
76561197960526459
76561197960526460
76561197960526462
76561197960526463
76561197960526464
76561197960526465
76561197960526466
76561197960526467
76561197960526468
76561197960526469
76561197960526470
76561197960526472
76561197960526473
76561197960526474
76561197960526475
76561197960526476
76561197960526477
76561197960526478
76561197960526479
76561197960526480
76561197960526482
76561197960526484
76561197960526485
76561197960526486
76561197960526487
76561197960526488
76561197960526489
76561197960526492
76561197960526494
76561197960526496
76561197960526498
76561197960526502
76561197960526504
76561197960526505
76561197960526506
76561197960526507
76561197960526508
76561197960526509
76561197960526510
76561197960526512
76561197960526513
76561197960526514
76561197960526515
76561197960526517
76561197960526518
76561197960526520
76561197960526521
76561197960526522
76561197960526523
76561197960526524
76561197960526526
76561197960526527
76561197960526528
76561197960526529
76561197960526532
76561197960526533
76561197960526534
76561197960526535
76561197960526536
76561197960526541
76561197960526542
76561197960526544
76561197960526545
76561197960526547
76561197960526548
76561197960526549
76561197960526550
76561197960526551
76561197960526553
76561197960526555
76561197960526558
76561197960526559
76561197960526561
76561197960526562
76561197960526563
76561197960526564
76561197960526565
76561197960526566
76561197960526569
76561197960526570
76561197960526571
76561197960526573
76561197960526574
76561197960526577
76561197960526578
76561197960526579
76561197960526580
76561197960526581
76561197960526584
76561197960526585
76561197960526586
76561197960526587
76561197960526590
76561197960526592
76561197960526594
76561197960526596
76561197960526599
76561197960526600
76561197960526601
76561197960526603
76561197960526605
76561197960526606
76561197960526607
76561197960526615
76561197960526619
76561197960526620
76561197960526623
76561197960526624
76561197960526626
76561197960526630
76561197960526631
76561197960526632
76561197960526633
76561197960526634
76561197960526636
76561197960526637
76561197960526638
76561197960526640
76561197960526642
76561197960526643
76561197960526645
76561197960526646
76561197960526648
76561197960526650
76561197960526652
76561197960526653
76561197960526654
76561197960526655
76561197960526657
76561197960526658
76561197960526659
76561197960526660
76561197960526661
76561197960526662
76561197960526663
76561197960526664
76561197960526665
76561197960526667
76561197960526668
76561197960526670
76561197960526671
76561197960526672
76561197960526673
76561197960526675
76561197960526676
76561197960526679
76561197960526680
76561197960526681
76561197960526682
76561197960526683
76561197960526684
76561197960526685
76561197960526686
76561197960526688
76561197960526690
76561197960526692
76561197960526694
76561197960526695
76561197960526696
76561197960526697
76561197960526700
76561197960526702
76561197960526704
76561197960526706
76561197960526707
76561197960526708
76561197960526709
76561197960526711
76561197960526712
76561197960526713
76561197960526715
76561197960526718
76561197960526719
76561197960526720
76561197960526725
76561197960526726
76561197960526727
76561197960526728
76561197960526729
76561197960526730
76561197960526733
76561197960526734
76561197960526735
76561197960526736
76561197960526737
76561197960526739
76561197960526740
76561197960526742
76561197960526743
76561197960526744
76561197960526745
76561197960526746
76561197960526748
76561197960526749
76561197960526750
76561197960526752
76561197960526754
76561197960526755
76561197960526756
76561197960526757
76561197960526758
76561197960526759
76561197960526760
76561197960526761
76561197960526762
76561197960526763
76561197960526765
76561197960526766
76561197960526769
76561197960526770
76561197960526771
76561197960526772
76561197960526773
76561197960526774
76561197960526776
76561197960526777
76561197960526778
76561197960526779
76561197960526780
76561197960526782
76561197960526783
76561197960526784
76561197960526787
76561197960526788
76561197960526790
76561197960526795
76561197960526796
76561197960526799
76561197960526800
76561197960526801
76561197960526803
76561197960526805
76561197960526806
76561197960526808
76561197960526809
76561197960526810
76561197960526812
76561197960526814
76561197960526815
76561197960526816
76561197960526818
76561197960526819
76561197960526821
76561197960526822
76561197960526823
76561197960526824
76561197960526826
76561197960526828
76561197960526831
76561197960526833
76561197960526834
76561197960526836
76561197960526837
76561197960526838
76561197960526839
76561197960526841
76561197960526844
76561197960526846
76561197960526847
76561197960526848
76561197960526849
76561197960526851
76561197960526852
76561197960526853
76561197960526854
76561197960526855
76561197960526857
76561197960526860
76561197960526861
76561197960526862
76561197960526863
76561197960526864
76561197960526865
76561197960526866
76561197960526868
76561197960526869
76561197960526873
76561197960526877
76561197960526878
76561197960526879
76561197960526880
76561197960526881
76561197960526882
76561197960526884
76561197960526885
76561197960526886
76561197960526887
76561197960526888
76561197960526889
76561197960526890
76561197960526891
76561197960526892
76561197960526894
76561197960526896
76561197960526897
76561197960526898
76561197960526899
76561197960526900
76561197960526902
76561197960526904
76561197960526905
76561197960526908
76561197960526909
76561197960526910
76561197960526912
76561197960526913
76561197960526915
76561197960526916
76561197960526917
76561197960526918
76561197960526919
76561197960526920
76561197960526922
76561197960526924
76561197960526925
76561197960526926
76561197960526927
76561197960526928
76561197960526929
76561197960526930
76561197960526931
76561197960526935
76561197960526936
76561197960526937
76561197960526938
76561197960526939
76561197960526940
76561197960526941
76561197960526942
76561197960526944
76561197960526945
76561197960526946
76561197960526947
76561197960526948
76561197960526949
76561197960526950
76561197960526951
76561197960526952
76561197960526953
76561197960526954
76561197960526956
76561197960526957
76561197960526958
76561197960526960
76561197960526961
76561197960526962
76561197960526963
76561197960526964
76561197960526966
76561197960526968
76561197960526969
76561197960526970
76561197960526971
76561197960526972
76561197960526974
76561197960526977
76561197960526978
76561197960526980
76561197960526982
76561197960526983
76561197960526985
76561197960526986
76561197960526988
76561197960526989
76561197960526993
76561197960526994
76561197960526996
76561197960526997
76561197960526998
76561197960526999
76561197960527000
76561197960527001
76561197960527002
76561197960527003
76561197960527004
76561197960527005
76561197960527006
76561197960527007
76561197960527009
76561197960527010
76561197960527011
76561197960527012
76561197960527014
76561197960527015
76561197960527016
76561197960527017
76561197960527018
76561197960527019
76561197960527021
76561197960527022
76561197960527024
76561197960527025
76561197960527026
76561197960527028
76561197960527029
76561197960527032
76561197960527033
76561197960527034
76561197960527035
76561197960527036
76561197960527037
76561197960527039
76561197960527040
76561197960527041
76561197960527044
76561197960527045
76561197960527046
76561197960527048
76561197960527049
76561197960527050
76561197960527051
76561197960527052
76561197960527053
76561197960527054
76561197960527057
76561197960527058
76561197960527060
76561197960527061
76561197960527062
76561197960527063
76561197960527064
76561197960527066
76561197960527067
76561197960527068
76561197960527070
76561197960527071
76561197960527072
76561197960527073
76561197960527075
76561197960527076
76561197960527077
76561197960527078
76561197960527079
76561197960527080
76561197960527081
76561197960527082
76561197960527083
76561197960527084
76561197960527085
76561197960527086
76561197960527088
76561197960527090
76561197960527091
76561197960527094
76561197960527095
76561197960527096
76561197960527097
76561197960527100
76561197960527101
76561197960527102
76561197960527103
76561197960527106
76561197960527111
76561197960527112
76561197960527113
76561197960527114
76561197960527115
76561197960527116
76561197960527118
76561197960527119
76561197960527120
76561197960527122
76561197960527124
76561197960527125
76561197960527127
76561197960527128
76561197960527129
76561197960527130
76561197960527131
76561197960527132
76561197960527134
76561197960527136
76561197960527138
76561197960527140
76561197960527141
76561197960527143
76561197960527145
76561197960527147
76561197960527149
76561197960527150
76561197960527151
76561197960527152
76561197960527153
76561197960527154
76561197960527155
76561197960527159
76561197960527161
76561197960527162
76561197960527163
76561197960527164
76561197960527165
76561197960527167
76561197960527168
76561197960527170
76561197960527172
76561197960527173
76561197960527174
76561197960527175
76561197960527176
76561197960527177
76561197960527180
76561197960527182
76561197960527183
76561197960527184
76561197960527185
76561197960527186
76561197960527187
76561197960527188
76561197960527189
76561197960527190
76561197960527192
76561197960527193
76561197960527194
76561197960527195
76561197960527197
76561197960527198
76561197960527199
76561197960527201
76561197960527202
76561197960527203
76561197960527204
76561197960527205
76561197960527206
76561197960527207
76561197960527210
76561197960527214
76561197960527215
76561197960527216
76561197960527217
76561197960527218
76561197960527219
76561197960527220
76561197960527221
76561197960527224
76561197960527226
76561197960527227
76561197960527229
76561197960527230
76561197960527231
76561197960527235
76561197960527236
76561197960527237
76561197960527239
76561197960527240
76561197960527241
76561197960527242
76561197960527243
76561197960527245
76561197960527247
76561197960527248
76561197960527249
76561197960527251
76561197960527252
76561197960527253
76561197960527254
76561197960527255
76561197960527256
76561197960527257
76561197960527258
76561197960527260
76561197960527263
76561197960527264
76561197960527265
76561197960527266
76561197960527267
76561197960527270
76561197960527271
76561197960527272
76561197960527273
76561197960527274
76561197960527276
76561197960527278
76561197960527281
76561197960527282
76561197960527283
76561197960527284
76561197960527286
76561197960527288
76561197960527289
76561197960527290
76561197960527291
76561197960527292
76561197960527293
76561197960527294
76561197960527295
76561197960527296
76561197960527297
76561197960527304
76561197960527306
76561197960527309
76561197960527310
76561197960527311
76561197960527312
76561197960527313
76561197960527314
76561197960527315
76561197960527316
76561197960527318
76561197960527319
76561197960527320
76561197960527322
76561197960527323
76561197960527324
76561197960527325
76561197960527326
76561197960527327
76561197960527328
76561197960527329
76561197960527330
76561197960527333
76561197960527335
76561197960527336
76561197960527337
76561197960527338
76561197960527339
76561197960527341
76561197960527342
76561197960527343
76561197960527346
76561197960527348
76561197960527349
76561197960527350
76561197960527351
76561197960527352
76561197960527354
76561197960527355
76561197960527356
76561197960527357
76561197960527359
76561197960527361
76561197960527363
76561197960527364
76561197960527365
76561197960527366
76561197960527367
76561197960527368
76561197960527369
76561197960527371
76561197960527372
76561197960527373
76561197960527374
76561197960527375
76561197960527378
76561197960527381
76561197960527382
76561197960527383
76561197960527384
76561197960527386
76561197960527387
76561197960527388
76561197960527390
76561197960527391
76561197960527394
76561197960527396
76561197960527398
76561197960527400
76561197960527403
76561197960527404
76561197960527405
76561197960527407
76561197960527408
76561197960527409
76561197960527410
76561197960527411
76561197960527412
76561197960527413
76561197960527414
76561197960527416
76561197960527417
76561197960527418
76561197960527421
76561197960527423
76561197960527424
76561197960527425
76561197960527426
76561197960527427
76561197960527428
76561197960527429
76561197960527431
76561197960527433
76561197960527434
76561197960527436
76561197960527439
76561197960527440
76561197960527441
76561197960527442
76561197960527443
76561197960527444
76561197960527445
76561197960527446
76561197960527447
76561197960527448
76561197960527449
76561197960527450
76561197960527451
76561197960527452
76561197960527453
76561197960527454
76561197960527455
76561197960527456
76561197960527457
76561197960527459
76561197960527460
76561197960527461
76561197960527462
76561197960527463
76561197960527464
76561197960527465
76561197960527466
76561197960527467
76561197960527468
76561197960527469
76561197960527470
76561197960527471
76561197960527473
76561197960527474
76561197960527476
76561197960527477
76561197960527478
76561197960527481
76561197960527483
76561197960527484
76561197960527489
76561197960527490
76561197960527491
76561197960527493
76561197960527494
76561197960527495
76561197960527496
76561197960527499
76561197960527500
76561197960527501
76561197960527502
76561197960527503
76561197960527504
76561197960527506
76561197960527507
76561197960527508
76561197960527510
76561197960527512
76561197960527514
76561197960527515
76561197960527516
76561197960527518
76561197960527521
76561197960527523
76561197960527524
76561197960527525
76561197960527526
76561197960527527
76561197960527529
76561197960527530
76561197960527532
76561197960527533
76561197960527536
76561197960527537
76561197960527538
76561197960527539
76561197960527540
76561197960527541
76561197960527542
76561197960527543
76561197960527544
76561197960527545
76561197960527548
76561197960527550
76561197960527554
76561197960527556
76561197960527558
76561197960527559
76561197960527560
76561197960527562
76561197960527565
76561197960527566
76561197960527569
76561197960527570
76561197960527571
76561197960527572
76561197960527573
76561197960527574
76561197960527575
76561197960527576
76561197960527577
76561197960527578
76561197960527579
76561197960527580
76561197960527583
76561197960527585
76561197960527586
76561197960527587
76561197960527588
76561197960527589
76561197960527593
76561197960527595
76561197960527599
76561197960527600
76561197960527601
76561197960527602
76561197960527603
76561197960527604
76561197960527606
76561197960527607
76561197960527608
76561197960527609
76561197960527610
76561197960527611
76561197960527612
76561197960527614
76561197960527615
76561197960527616
76561197960527619
76561197960527620
76561197960527621
76561197960527622
76561197960527623
76561197960527624
76561197960527625
76561197960527626
76561197960527627
76561197960527628
76561197960527629
76561197960527630
76561197960527631
76561197960527633
76561197960527635
76561197960527636
76561197960527637
76561197960527638
76561197960527642
76561197960527645
76561197960527648
76561197960527651
76561197960527652
76561197960527654
76561197960527655
76561197960527656
76561197960527657
76561197960527658
76561197960527659
76561197960527660
76561197960527661
76561197960527662
76561197960527664
76561197960527665
76561197960527666
76561197960527667
76561197960527668
76561197960527669
76561197960527670
76561197960527671
76561197960527673
76561197960527674
76561197960527676
76561197960527677
76561197960527679
76561197960527680
76561197960527682
76561197960527683
76561197960527684
