76561197960468707
76561197960468708
76561197960468710
76561197960468712
76561197960468713
76561197960468714
76561197960468716
76561197960468717
76561197960468718
76561197960468719
76561197960468721
76561197960468722
76561197960468723
76561197960468725
76561197960468728
76561197960468729
76561197960468730
76561197960468731
76561197960468732
76561197960468734
76561197960468735
76561197960468736
76561197960468737
76561197960468738
76561197960468739
76561197960468741
76561197960468742
76561197960468743
76561197960468744
76561197960468745
76561197960468746
76561197960468747
76561197960468748
76561197960468749
76561197960468750
76561197960468751
76561197960468754
76561197960468755
76561197960468758
76561197960468759
76561197960468761
76561197960468763
76561197960468764
76561197960468765
76561197960468766
76561197960468767
76561197960468770
76561197960468773
76561197960468774
76561197960468776
76561197960468778
76561197960468779
76561197960468781
76561197960468782
76561197960468783
76561197960468785
76561197960468786
76561197960468787
76561197960468788
76561197960468790
76561197960468791
76561197960468793
76561197960468794
76561197960468795
76561197960468796
76561197960468797
76561197960468798
76561197960468800
76561197960468803
76561197960468804
76561197960468806
76561197960468807
76561197960468809
76561197960468811
76561197960468812
76561197960468813
76561197960468814
76561197960468815
76561197960468820
76561197960468821
76561197960468823
76561197960468824
76561197960468827
76561197960468828
76561197960468830
76561197960468832
76561197960468833
76561197960468834
76561197960468835
76561197960468836
76561197960468837
76561197960468838
76561197960468839
76561197960468840
76561197960468841
76561197960468842
76561197960468843
76561197960468844
76561197960468846
76561197960468847
76561197960468848
76561197960468849
76561197960468850
76561197960468851
76561197960468852
76561197960468853
76561197960468855
76561197960468856
76561197960468857
76561197960468861
76561197960468862
76561197960468863
76561197960468864
76561197960468865
76561197960468866
76561197960468868
76561197960468870
76561197960468871
76561197960468873
76561197960468874
76561197960468875
76561197960468876
76561197960468877
76561197960468879
76561197960468880
76561197960468881
76561197960468883
76561197960468884
76561197960468885
76561197960468886
76561197960468887
76561197960468888
76561197960468891
76561197960468892
76561197960468893
76561197960468894
76561197960468895
76561197960468896
76561197960468899
76561197960468900
76561197960468901
76561197960468902
76561197960468904
76561197960468906
76561197960468907
76561197960468908
76561197960468910
76561197960468911
76561197960468912
76561197960468913
76561197960468914
76561197960468916
76561197960468918
76561197960468919
76561197960468920
76561197960468921
76561197960468925
76561197960468926
76561197960468927
76561197960468929
76561197960468930
76561197960468931
76561197960468932
76561197960468933
76561197960468934
76561197960468935
76561197960468936
76561197960468937
76561197960468938
76561197960468940
76561197960468942
76561197960468943
76561197960468944
76561197960468945
76561197960468946
76561197960468947
76561197960468950
76561197960468952
76561197960468954
76561197960468955
76561197960468960
76561197960468962
76561197960468963
76561197960468964
76561197960468966
76561197960468967
76561197960468968
76561197960468969
76561197960468970
76561197960468971
76561197960468972
76561197960468975
76561197960468976
76561197960468977
76561197960468978
76561197960468981
76561197960468982
76561197960468983
76561197960468984
76561197960468986
76561197960468987
76561197960468988
76561197960468989
76561197960468991
76561197960468992
76561197960468995
76561197960468999
76561197960469002
76561197960469003
76561197960469005
76561197960469006
76561197960469007
76561197960469008
76561197960469009
76561197960469010
76561197960469011
76561197960469012
76561197960469013
76561197960469014
76561197960469016
76561197960469018
76561197960469019
76561197960469020
76561197960469021
76561197960469022
76561197960469023
76561197960469024
76561197960469025
76561197960469027
76561197960469028
76561197960469029
76561197960469031
76561197960469033
76561197960469034
76561197960469035
76561197960469038
76561197960469039
76561197960469040
76561197960469042
76561197960469043
76561197960469044
76561197960469045
76561197960469047
76561197960469051
76561197960469052
76561197960469053
76561197960469054
76561197960469056
76561197960469057
76561197960469058
76561197960469059
76561197960469060
76561197960469061
76561197960469063
76561197960469065
76561197960469066
76561197960469067
76561197960469069
76561197960469070
76561197960469071
76561197960469073
76561197960469076
76561197960469079
76561197960469080
76561197960469081
76561197960469082
76561197960469083
76561197960469084
76561197960469086
76561197960469087
76561197960469088
76561197960469089
76561197960469091
76561197960469092
76561197960469093
76561197960469094
76561197960469095
76561197960469096
76561197960469097
76561197960469098
76561197960469099
76561197960469100
76561197960469102
76561197960469103
76561197960469104
76561197960469105
76561197960469108
76561197960469110
76561197960469111
76561197960469112
76561197960469115
76561197960469119
76561197960469121
76561197960469122
76561197960469123
76561197960469124
76561197960469127
76561197960469128
76561197960469129
76561197960469130
76561197960469131
76561197960469132
76561197960469133
76561197960469134
76561197960469136
76561197960469137
76561197960469138
76561197960469139
76561197960469140
76561197960469141
76561197960469142
76561197960469143
76561197960469144
76561197960469148
76561197960469149
76561197960469150
76561197960469152
76561197960469153
76561197960469154
76561197960469155
76561197960469156
76561197960469157
76561197960469158
76561197960469159
76561197960469160
76561197960469161
76561197960469162
76561197960469163
76561197960469164
76561197960469165
76561197960469167
76561197960469168
76561197960469169
76561197960469171
76561197960469172
76561197960469173
76561197960469174
76561197960469175
76561197960469176
76561197960469177
76561197960469179
76561197960469180
76561197960469181
76561197960469183
76561197960469185
76561197960469186
76561197960469187
76561197960469188
76561197960469189
76561197960469191
76561197960469192
76561197960469193
76561197960469194
76561197960469196
76561197960469197
76561197960469199
76561197960469200
76561197960469201
76561197960469202
76561197960469203
76561197960469204
76561197960469205
76561197960469207
76561197960469208
76561197960469210
76561197960469211
76561197960469213
76561197960469214
76561197960469215
76561197960469216
76561197960469218
76561197960469220
76561197960469221
76561197960469224
76561197960469225
76561197960469226
76561197960469227
76561197960469228
76561197960469229
76561197960469230
76561197960469231
76561197960469232
76561197960469233
76561197960469234
76561197960469236
76561197960469238
76561197960469239
76561197960469241
76561197960469242
76561197960469243
76561197960469244
76561197960469245
76561197960469246
76561197960469249
76561197960469251
76561197960469253
76561197960469254
76561197960469255
76561197960469256
76561197960469257
76561197960469259
76561197960469260
76561197960469261
76561197960469264
76561197960469265
76561197960469266
76561197960469267
76561197960469268
76561197960469269
76561197960469271
76561197960469273
76561197960469274
76561197960469275
76561197960469276
76561197960469277
76561197960469278
76561197960469279
76561197960469280
76561197960469281
76561197960469282
76561197960469283
76561197960469284
76561197960469285
76561197960469286
76561197960469288
76561197960469290
76561197960469292
76561197960469294
76561197960469296
76561197960469297
76561197960469298
76561197960469299
76561197960469300
76561197960469303
76561197960469304
76561197960469305
76561197960469306
76561197960469308
76561197960469309
76561197960469310
76561197960469312
76561197960469313
76561197960469314
76561197960469315
76561197960469316
76561197960469317
76561197960469318
76561197960469319
76561197960469321
76561197960469322
76561197960469323
76561197960469325
76561197960469326
76561197960469327
76561197960469329
76561197960469330
76561197960469331
76561197960469332
76561197960469333
76561197960469334
76561197960469335
76561197960469336
76561197960469337
76561197960469338
76561197960469342
76561197960469343
76561197960469344
76561197960469345
76561197960469348
76561197960469350
76561197960469351
76561197960469352
76561197960469354
76561197960469355
76561197960469356
76561197960469357
76561197960469360
76561197960469361
76561197960469362
76561197960469363
76561197960469367
76561197960469368
76561197960469369
76561197960469371
76561197960469372
76561197960469373
76561197960469375
76561197960469376
76561197960469381
76561197960469383
76561197960469384
76561197960469385
76561197960469386
76561197960469388
76561197960469389
76561197960469390
76561197960469391
76561197960469392
76561197960469394
76561197960469395
76561197960469397
76561197960469398
76561197960469399
76561197960469401
76561197960469402
76561197960469403
76561197960469404
76561197960469405
76561197960469406
76561197960469407
76561197960469408
76561197960469410
76561197960469411
76561197960469412
76561197960469413
76561197960469414
76561197960469415
76561197960469417
76561197960469418
76561197960469420
76561197960469422
76561197960469423
76561197960469424
76561197960469425
76561197960469426
76561197960469428
76561197960469429
76561197960469430
76561197960469431
76561197960469432
76561197960469433
76561197960469437
76561197960469438
76561197960469440
76561197960469441
76561197960469444
76561197960469445
76561197960469447
76561197960469448
76561197960469449
76561197960469450
76561197960469451
76561197960469452
76561197960469453
76561197960469454
76561197960469456
76561197960469457
76561197960469459
76561197960469460
76561197960469461
76561197960469462
76561197960469463
76561197960469465
76561197960469468
76561197960469469
76561197960469470
76561197960469472
76561197960469473
76561197960469474
76561197960469475
76561197960469476
76561197960469477
76561197960469478
76561197960469479
76561197960469480
76561197960469481
76561197960469482
76561197960469483
76561197960469484
76561197960469486
76561197960469487
76561197960469489
76561197960469490
76561197960469492
76561197960469494
76561197960469498
76561197960469499
76561197960469500
76561197960469501
76561197960469503
76561197960469504
76561197960469505
76561197960469506
76561197960469508
76561197960469510
76561197960469511
76561197960469512
76561197960469513
76561197960469514
76561197960469515
76561197960469516
76561197960469517
76561197960469518
76561197960469520
76561197960469521
76561197960469522
76561197960469523
76561197960469524
76561197960469525
76561197960469527
76561197960469528
76561197960469530
76561197960469531
76561197960469532
76561197960469535
76561197960469537
76561197960469540
76561197960469541
76561197960469542
76561197960469543
76561197960469545
76561197960469546
76561197960469547
76561197960469548
76561197960469549
76561197960469550
76561197960469551
76561197960469553
76561197960469555
76561197960469556
76561197960469557
76561197960469558
76561197960469560
76561197960469562
76561197960469563
76561197960469564
76561197960469566
76561197960469567
76561197960469568
76561197960469569
76561197960469571
76561197960469573
76561197960469574
76561197960469575
76561197960469578
76561197960469582
76561197960469583
76561197960469584
76561197960469585
76561197960469586
76561197960469587
76561197960469588
76561197960469590
76561197960469591
76561197960469592
76561197960469595
76561197960469598
76561197960469599
76561197960469600
76561197960469601
76561197960469604
76561197960469606
76561197960469608
76561197960469612
76561197960469613
76561197960469614
76561197960469616
76561197960469618
76561197960469619
76561197960469620
76561197960469621
76561197960469622
76561197960469623
76561197960469624
76561197960469626
76561197960469627
76561197960469630
76561197960469633
76561197960469634
76561197960469635
76561197960469636
76561197960469637
76561197960469638
76561197960469639
76561197960469640
76561197960469641
76561197960469642
76561197960469644
76561197960469646
76561197960469651
76561197960469652
76561197960469653
76561197960469654
76561197960469655
76561197960469656
76561197960469657
76561197960469659
76561197960469661
76561197960469662
76561197960469664
76561197960469666
76561197960469667
76561197960469669
76561197960469670
76561197960469671
76561197960469672
76561197960469673
76561197960469674
76561197960469675
76561197960469676
76561197960469677
76561197960469678
76561197960469679
76561197960469680
76561197960469681
76561197960469682
76561197960469685
76561197960469686
76561197960469687
76561197960469688
76561197960469689
76561197960469690
76561197960469691
76561197960469692
76561197960469693
76561197960469694
76561197960469695
76561197960469697
76561197960469698
76561197960469699
76561197960469700
76561197960469702
76561197960469703
76561197960469704
76561197960469706
76561197960469707
76561197960469708
76561197960469709
76561197960469710
76561197960469712
76561197960469713
76561197960469714
76561197960469715
76561197960469716
76561197960469718
76561197960469719
76561197960469720
76561197960469722
76561197960469723
76561197960469726
76561197960469727
76561197960469729
76561197960469730
76561197960469731
76561197960469732
76561197960469733
76561197960469734
76561197960469735
76561197960469736
76561197960469737
76561197960469738
76561197960469740
76561197960469742
76561197960469743
76561197960469745
76561197960469746
76561197960469747
76561197960469749
76561197960469750
76561197960469751
76561197960469752
76561197960469754
76561197960469755
76561197960469756
76561197960469757
76561197960469758
76561197960469760
76561197960469761
76561197960469762
76561197960469763
76561197960469764
76561197960469765
76561197960469766
76561197960469767
76561197960469769
76561197960469770
76561197960469771
76561197960469774
76561197960469775
76561197960469776
76561197960469777
76561197960469778
76561197960469781
76561197960469782
76561197960469784
76561197960469786
76561197960469787
76561197960469788
76561197960469789
76561197960469790
76561197960469791
76561197960469793
76561197960469794
76561197960469795
76561197960469797
76561197960469798
76561197960469799
76561197960469800
76561197960469801
76561197960469804
76561197960469807
76561197960469809
76561197960469811
76561197960469812
76561197960469813
76561197960469814
76561197960469815
76561197960469816
76561197960469817
76561197960469819
76561197960469820
76561197960469821
76561197960469822
76561197960469824
76561197960469825
76561197960469829
76561197960469830
76561197960469831
76561197960469833
76561197960469835
76561197960469836
76561197960469839
76561197960469842
76561197960469843
76561197960469845
76561197960469846
76561197960469847
76561197960469848
76561197960469849
76561197960469851
76561197960469853
76561197960469854
76561197960469855
76561197960469857
76561197960469859
76561197960469860
76561197960469862
76561197960469863
76561197960469864
76561197960469865
76561197960469866
76561197960469867
76561197960469868
76561197960469869
76561197960469870
76561197960469872
76561197960469873
76561197960469874
76561197960469877
76561197960469878
76561197960469880
76561197960469881
76561197960469883
76561197960469884
76561197960469885
76561197960469888
76561197960469889
76561197960469891
76561197960469892
76561197960469893
76561197960469894
76561197960469895
76561197960469896
76561197960469898
76561197960469899
76561197960469900
76561197960469901
76561197960469902
76561197960469903
76561197960469904
76561197960469905
76561197960469906
76561197960469907
76561197960469909
76561197960469910
76561197960469911
76561197960469912
76561197960469914
76561197960469915
76561197960469918
76561197960469919
76561197960469920
76561197960469921
76561197960469922
76561197960469923
76561197960469924
76561197960469927
76561197960469928
76561197960469930
76561197960469932
76561197960469933
76561197960469934
76561197960469935
76561197960469937
76561197960469938
76561197960469939
76561197960469942
76561197960469944
76561197960469947
76561197960469949
76561197960469950
76561197960469951
76561197960469952
76561197960469953
76561197960469955
76561197960469956
76561197960469958
76561197960469959
76561197960469960
76561197960469961
76561197960469962
76561197960469963
76561197960469964
76561197960469965
76561197960469966
76561197960469968
76561197960469969
76561197960469970
76561197960469971
76561197960469972
76561197960469974
76561197960469975
76561197960469976
76561197960469977
76561197960469978
76561197960469979
76561197960469982
76561197960469984
76561197960469985
76561197960469987
76561197960469991
76561197960469992
76561197960469993
76561197960469994
76561197960469996
76561197960469998
76561197960470000
76561197960470003
76561197960470004
76561197960470005
76561197960470006
76561197960470008
76561197960470009
76561197960470010
76561197960470011
76561197960470012
76561197960470013
76561197960470015
76561197960470016
76561197960470017
76561197960470018
76561197960470019
76561197960470020
76561197960470021
76561197960470023
76561197960470024
76561197960470025
76561197960470026
76561197960470027
76561197960470028
76561197960470032
76561197960470033
76561197960470034
76561197960470035
76561197960470037
76561197960470038
76561197960470039
76561197960470040
76561197960470042
76561197960470043
76561197960470044
76561197960470045
76561197960470046
76561197960470047
76561197960470048
76561197960470049
76561197960470050
76561197960470051
76561197960470053
76561197960470054
76561197960470055
76561197960470056
76561197960470059
76561197960470060
76561197960470061
76561197960470063
76561197960470064
76561197960470066
76561197960470068
76561197960470069
76561197960470070
76561197960470071
76561197960470072
76561197960470074
76561197960470075
76561197960470077
76561197960470078
76561197960470079
76561197960470080
76561197960470081
