76561197960669798
76561197960669799
76561197960669802
76561197960669803
76561197960669804
76561197960669805
76561197960669806
76561197960669807
76561197960669808
76561197960669810
76561197960669811
76561197960669813
76561197960669814
76561197960669815
76561197960669816
76561197960669818
76561197960669821
76561197960669822
76561197960669823
76561197960669824
76561197960669827
76561197960669828
76561197960669829
76561197960669830
76561197960669832
76561197960669834
76561197960669836
76561197960669838
76561197960669840
76561197960669843
76561197960669845
76561197960669847
76561197960669852
76561197960669854
76561197960669856
76561197960669858
76561197960669860
76561197960669862
76561197960669864
76561197960669865
76561197960669866
76561197960669867
76561197960669868
76561197960669870
76561197960669871
76561197960669876
76561197960669878
76561197960669882
76561197960669884
76561197960669886
76561197960669888
76561197960669890
76561197960669891
76561197960669892
76561197960669894
76561197960669896
76561197960669897
76561197960669898
76561197960669899
76561197960669900
76561197960669901
76561197960669902
76561197960669903
76561197960669904
76561197960669906
76561197960669908
76561197960669909
76561197960669911
76561197960669912
76561197960669913
76561197960669914
76561197960669915
76561197960669917
76561197960669918
76561197960669919
76561197960669922
76561197960669923
76561197960669925
76561197960669926
76561197960669928
76561197960669929
76561197960669930
76561197960669932
76561197960669934
76561197960669936
76561197960669939
76561197960669940
76561197960669942
76561197960669943
76561197960669944
76561197960669946
76561197960669948
76561197960669949
76561197960669950
76561197960669951
76561197960669952
76561197960669953
76561197960669954
76561197960669955
76561197960669958
76561197960669959
76561197960669960
76561197960669961
76561197960669962
76561197960669963
76561197960669964
76561197960669965
76561197960669966
76561197960669967
76561197960669970
76561197960669971
76561197960669972
76561197960669973
76561197960669974
76561197960669975
76561197960669976
76561197960669977
76561197960669978
76561197960669981
76561197960669982
76561197960669983
76561197960669984
76561197960669986
76561197960669988
76561197960669990
76561197960669992
76561197960669993
76561197960669994
76561197960669995
76561197960669996
76561197960669998
76561197960670000
76561197960670002
76561197960670004
76561197960670006
76561197960670008
76561197960670009
76561197960670010
76561197960670011
76561197960670012
76561197960670013
76561197960670014
76561197960670016
76561197960670017
76561197960670018
76561197960670019
76561197960670020
76561197960670021
76561197960670022
76561197960670024
76561197960670026
76561197960670028
76561197960670031
76561197960670032
76561197960670034
76561197960670036
76561197960670038
76561197960670040
76561197960670042
76561197960670043
76561197960670044
76561197960670046
76561197960670048
76561197960670049
76561197960670050
76561197960670051
76561197960670052
76561197960670056
76561197960670058
76561197960670061
76561197960670062
76561197960670063
76561197960670065
76561197960670066
76561197960670067
76561197960670068
76561197960670069
76561197960670070
76561197960670072
76561197960670073
76561197960670074
76561197960670075
76561197960670076
76561197960670078
76561197960670079
76561197960670080
76561197960670082
76561197960670084
76561197960670086
76561197960670087
76561197960670088
76561197960670090
76561197960670091
76561197960670092
76561197960670093
76561197960670094
76561197960670096
76561197960670099
76561197960670102
76561197960670103
76561197960670104
76561197960670105
76561197960670106
76561197960670107
76561197960670108
76561197960670109
76561197960670111
76561197960670112
76561197960670113
76561197960670114
76561197960670115
76561197960670116
76561197960670117
76561197960670118
76561197960670119
76561197960670120
76561197960670121
76561197960670122
76561197960670123
76561197960670126
76561197960670127
76561197960670129
76561197960670130
76561197960670132
76561197960670133
76561197960670136
76561197960670137
76561197960670139
76561197960670140
76561197960670141
76561197960670142
76561197960670144
76561197960670146
76561197960670147
76561197960670148
76561197960670149
76561197960670150
76561197960670152
76561197960670153
76561197960670155
76561197960670156
76561197960670160
76561197960670161
76561197960670162
76561197960670163
76561197960670164
76561197960670167
76561197960670169
76561197960670170
76561197960670171
76561197960670172
76561197960670174
76561197960670175
76561197960670176
76561197960670177
76561197960670178
76561197960670179
76561197960670180
76561197960670181
76561197960670183
76561197960670184
76561197960670185
76561197960670186
76561197960670187
76561197960670188
76561197960670189
76561197960670190
76561197960670192
76561197960670193
76561197960670194
76561197960670196
76561197960670200
76561197960670202
76561197960670203
76561197960670204
76561197960670205
76561197960670207
76561197960670209
76561197960670210
76561197960670212
76561197960670213
76561197960670214
76561197960670215
76561197960670217
76561197960670219
76561197960670220
76561197960670222
76561197960670223
76561197960670224
76561197960670225
76561197960670228
76561197960670230
76561197960670231
76561197960670232
76561197960670233
76561197960670235
76561197960670240
76561197960670241
76561197960670243
76561197960670245
76561197960670247
76561197960670248
76561197960670250
76561197960670251
76561197960670252
76561197960670253
76561197960670254
76561197960670256
76561197960670257
76561197960670258
76561197960670261
76561197960670262
76561197960670263
76561197960670264
76561197960670265
76561197960670267
76561197960670268
76561197960670272
76561197960670273
76561197960670274
76561197960670276
76561197960670277
76561197960670278
76561197960670281
76561197960670282
76561197960670283
76561197960670284
76561197960670286
76561197960670287
76561197960670288
76561197960670289
76561197960670291
76561197960670292
76561197960670293
76561197960670294
76561197960670295
76561197960670296
76561197960670297
76561197960670298
76561197960670300
76561197960670301
76561197960670302
76561197960670303
76561197960670304
76561197960670305
76561197960670308
76561197960670309
76561197960670310
76561197960670312
76561197960670313
76561197960670314
76561197960670315
76561197960670316
76561197960670317
76561197960670318
76561197960670319
76561197960670320
76561197960670322
76561197960670329
76561197960670330
76561197960670331
76561197960670332
76561197960670333
76561197960670334
76561197960670335
76561197960670336
76561197960670340
76561197960670341
76561197960670344
76561197960670345
76561197960670346
76561197960670347
76561197960670348
76561197960670350
76561197960670351
76561197960670352
76561197960670353
76561197960670354
76561197960670355
76561197960670357
76561197960670358
76561197960670359
76561197960670360
76561197960670361
76561197960670362
76561197960670363
76561197960670364
76561197960670367
76561197960670368
76561197960670370
76561197960670371
76561197960670372
76561197960670373
76561197960670374
76561197960670376
76561197960670378
76561197960670379
76561197960670380
76561197960670382
76561197960670384
76561197960670386
76561197960670387
76561197960670389
76561197960670390
76561197960670391
76561197960670392
76561197960670395
76561197960670396
76561197960670398
76561197960670399
76561197960670400
76561197960670401
76561197960670403
76561197960670404
76561197960670405
76561197960670406
76561197960670407
76561197960670408
76561197960670410
76561197960670412
76561197960670414
76561197960670415
76561197960670416
76561197960670418
76561197960670420
76561197960670422
76561197960670424
76561197960670425
76561197960670426
76561197960670427
76561197960670428
76561197960670430
76561197960670431
76561197960670432
76561197960670434
76561197960670435
76561197960670436
76561197960670437
76561197960670438
76561197960670440
76561197960670441
76561197960670442
76561197960670443
76561197960670444
76561197960670445
76561197960670447
76561197960670449
76561197960670450
76561197960670451
76561197960670455
76561197960670456
76561197960670458
76561197960670460
76561197960670461
76561197960670462
76561197960670463
76561197960670464
76561197960670465
76561197960670466
76561197960670467
76561197960670468
76561197960670470
76561197960670471
76561197960670472
76561197960670474
76561197960670475
76561197960670478
76561197960670480
76561197960670482
76561197960670484
76561197960670485
76561197960670486
76561197960670487
76561197960670488
76561197960670489
76561197960670490
76561197960670492
76561197960670493
76561197960670495
76561197960670498
76561197960670499
76561197960670500
76561197960670501
76561197960670503
76561197960670505
76561197960670510
76561197960670511
76561197960670512
76561197960670515
76561197960670516
76561197960670517
76561197960670518
76561197960670520
76561197960670522
76561197960670523
76561197960670524
76561197960670525
76561197960670526
76561197960670527
76561197960670528
76561197960670531
76561197960670532
76561197960670534
76561197960670538
76561197960670539
76561197960670540
76561197960670544
76561197960670545
76561197960670546
76561197960670547
76561197960670548
76561197960670551
76561197960670553
76561197960670554
76561197960670555
76561197960670558
76561197960670559
76561197960670560
76561197960670562
76561197960670563
76561197960670564
76561197960670565
76561197960670566
76561197960670567
76561197960670568
76561197960670569
76561197960670570
76561197960670573
76561197960670574
76561197960670575
76561197960670576
76561197960670577
76561197960670578
76561197960670579
76561197960670580
76561197960670581
76561197960670582
76561197960670583
76561197960670584
76561197960670585
76561197960670586
76561197960670587
76561197960670588
76561197960670590
76561197960670592
76561197960670593
76561197960670594
76561197960670595
76561197960670596
76561197960670599
76561197960670600
76561197960670601
76561197960670602
76561197960670603
76561197960670604
76561197960670608
76561197960670610
76561197960670611
76561197960670612
76561197960670613
76561197960670614
76561197960670616
76561197960670617
76561197960670619
76561197960670620
76561197960670621
76561197960670622
76561197960670623
76561197960670625
76561197960670626
76561197960670628
76561197960670631
76561197960670632
76561197960670634
76561197960670635
76561197960670639
76561197960670640
76561197960670642
76561197960670644
76561197960670645
76561197960670646
76561197960670647
76561197960670648
76561197960670649
76561197960670650
76561197960670651
76561197960670652
76561197960670653
76561197960670657
76561197960670658
76561197960670660
76561197960670661
76561197960670663
76561197960670664
76561197960670665
76561197960670667
76561197960670668
76561197960670669
76561197960670671
76561197960670673
76561197960670674
76561197960670675
76561197960670676
76561197960670679
76561197960670680
76561197960670681
76561197960670682
76561197960670684
76561197960670685
76561197960670687
76561197960670688
76561197960670691
76561197960670692
76561197960670693
76561197960670694
76561197960670695
76561197960670696
76561197960670697
76561197960670698
76561197960670700
76561197960670701
76561197960670703
76561197960670704
76561197960670705
76561197960670706
76561197960670708
76561197960670709
76561197960670710
76561197960670711
76561197960670712
76561197960670713
76561197960670715
76561197960670716
76561197960670718
76561197960670719
76561197960670720
76561197960670721
76561197960670722
76561197960670723
76561197960670726
76561197960670727
76561197960670728
76561197960670729
76561197960670730
76561197960670733
76561197960670734
76561197960670736
76561197960670737
76561197960670739
76561197960670741
76561197960670742
76561197960670744
76561197960670745
76561197960670746
76561197960670747
76561197960670748
76561197960670749
76561197960670750
76561197960670751
76561197960670752
76561197960670753
76561197960670754
76561197960670755
76561197960670756
76561197960670757
76561197960670760
76561197960670761
76561197960670763
76561197960670764
76561197960670765
76561197960670766
76561197960670767
76561197960670768
76561197960670769
76561197960670770
76561197960670771
76561197960670772
76561197960670773
76561197960670774
76561197960670775
76561197960670776
76561197960670777
76561197960670778
76561197960670779
76561197960670780
76561197960670781
76561197960670782
76561197960670784
76561197960670785
76561197960670786
76561197960670787
76561197960670789
76561197960670790
76561197960670791
76561197960670792
76561197960670793
76561197960670794
76561197960670795
76561197960670798
76561197960670799
76561197960670802
76561197960670803
76561197960670804
76561197960670806
76561197960670807
76561197960670809
76561197960670810
76561197960670812
76561197960670813
76561197960670814
76561197960670816
76561197960670817
76561197960670818
76561197960670819
76561197960670820
76561197960670822
76561197960670823
76561197960670825
76561197960670826
76561197960670827
76561197960670829
76561197960670830
76561197960670831
76561197960670832
76561197960670833
76561197960670834
76561197960670835
76561197960670836
76561197960670837
76561197960670838
76561197960670840
76561197960670841
76561197960670842
76561197960670843
76561197960670844
76561197960670845
76561197960670846
76561197960670847
76561197960670848
76561197960670851
76561197960670852
76561197960670853
76561197960670854
76561197960670855
76561197960670856
76561197960670858
76561197960670859
76561197960670860
76561197960670861
76561197960670863
76561197960670864
76561197960670866
76561197960670867
76561197960670868
76561197960670869
76561197960670870
76561197960670871
76561197960670872
76561197960670874
76561197960670875
76561197960670876
76561197960670877
76561197960670878
76561197960670879
76561197960670880
76561197960670882
76561197960670883
76561197960670884
76561197960670885
76561197960670886
76561197960670888
76561197960670889
76561197960670891
76561197960670892
76561197960670894
76561197960670895
76561197960670897
76561197960670898
76561197960670899
76561197960670900
76561197960670903
76561197960670907
76561197960670908
76561197960670909
76561197960670910
76561197960670911
76561197960670912
76561197960670914
76561197960670915
76561197960670916
76561197960670917
76561197960670918
76561197960670920
76561197960670921
76561197960670922
76561197960670923
76561197960670924
76561197960670926
76561197960670927
76561197960670928
76561197960670929
76561197960670931
76561197960670932
76561197960670933
76561197960670934
76561197960670935
76561197960670936
76561197960670939
76561197960670941
76561197960670942
76561197960670943
76561197960670944
76561197960670945
76561197960670946
76561197960670947
76561197960670948
76561197960670950
76561197960670951
76561197960670952
76561197960670953
76561197960670954
76561197960670955
76561197960670957
76561197960670958
76561197960670959
76561197960670960
76561197960670961
76561197960670962
76561197960670963
76561197960670964
76561197960670966
76561197960670967
76561197960670968
76561197960670971
76561197960670972
76561197960670973
76561197960670974
76561197960670976
76561197960670977
76561197960670978
76561197960670979
76561197960670980
76561197960670982
76561197960670983
76561197960670984
76561197960670986
76561197960670987
76561197960670988
76561197960670989
76561197960670990
76561197960670991
76561197960670992
76561197960670993
76561197960670995
76561197960670996
76561197960670998
76561197960670999
76561197960671000
76561197960671002
76561197960671003
76561197960671004
76561197960671005
76561197960671006
76561197960671008
76561197960671009
76561197960671010
76561197960671012
76561197960671014
76561197960671015
76561197960671017
76561197960671018
76561197960671020
76561197960671021
76561197960671022
76561197960671023
76561197960671024
76561197960671025
76561197960671026
76561197960671027
76561197960671028
76561197960671030
76561197960671031
76561197960671033
76561197960671034
76561197960671036
76561197960671038
76561197960671039
76561197960671040
76561197960671041
76561197960671042
76561197960671045
76561197960671046
76561197960671048
76561197960671049
76561197960671051
76561197960671052
76561197960671053
76561197960671054
76561197960671055
76561197960671056
76561197960671057
76561197960671058
76561197960671059
76561197960671060
76561197960671061
76561197960671062
76561197960671063
76561197960671064
76561197960671066
76561197960671067
76561197960671069
76561197960671070
76561197960671071
76561197960671073
76561197960671075
76561197960671076
76561197960671078
76561197960671079
76561197960671080
76561197960671081
76561197960671082
76561197960671083
76561197960671084
76561197960671085
76561197960671086
76561197960671088
76561197960671089
76561197960671090
76561197960671092
76561197960671093
76561197960671094
76561197960671096
76561197960671097
76561197960671098
76561197960671099
76561197960671100
76561197960671101
76561197960671102
76561197960671103
76561197960671106
76561197960671107
76561197960671108
76561197960671109
76561197960671111
76561197960671113
76561197960671114
76561197960671116
76561197960671117
76561197960671118
76561197960671119
76561197960671120
76561197960671121
76561197960671123
76561197960671126
76561197960671127
76561197960671129
76561197960671130
76561197960671131
76561197960671132
76561197960671135
76561197960671136
76561197960671137
76561197960671139
76561197960671141
76561197960671142
76561197960671143
76561197960671144
76561197960671147
76561197960671148
76561197960671149
76561197960671150
76561197960671151
76561197960671152
76561197960671155
76561197960671156
76561197960671157
76561197960671158
76561197960671159
76561197960671160
76561197960671161
76561197960671163
76561197960671164
76561197960671166
76561197960671169
76561197960671170
76561197960671172
76561197960671173
76561197960671174
76561197960671175
76561197960671176
76561197960671178
76561197960671179
76561197960671180
76561197960671181
76561197960671182
76561197960671183
76561197960671184
76561197960671185
76561197960671186
76561197960671187
