76561197961884091
76561197961884096
76561197961884097
76561197961884098
76561197961884099
76561197961884101
76561197961884103
76561197961884105
76561197961884107
76561197961884109
76561197961884111
76561197961884112
76561197961884113
76561197961884119
76561197961884120
76561197961884123
76561197961884124
76561197961884126
76561197961884129
76561197961884135
76561197961884136
76561197961884137
76561197961884139
76561197961884140
76561197961884142
76561197961884146
76561197961884149
76561197961884150
76561197961884152
76561197961884153
76561197961884154
76561197961884155
76561197961884156
76561197961884159
76561197961884161
76561197961884163
76561197961884167
76561197961884169
76561197961884171
76561197961884172
76561197961884173
76561197961884174
76561197961884179
76561197961884180
76561197961884181
76561197961884182
76561197961884184
76561197961884187
76561197961884189
76561197961884191
76561197961884192
76561197961884193
76561197961884194
76561197961884197
76561197961884199
76561197961884200
76561197961884201
76561197961884205
76561197961884206
76561197961884210
76561197961884211
76561197961884213
76561197961884214
76561197961884216
76561197961884217
76561197961884218
76561197961884220
76561197961884221
76561197961884227
76561197961884229
76561197961884230
76561197961884231
76561197961884234
76561197961884236
76561197961884237
76561197961884238
76561197961884239
76561197961884240
76561197961884241
76561197961884243
76561197961884244
76561197961884246
76561197961884251
76561197961884252
76561197961884257
76561197961884259
76561197961884260
76561197961884262
76561197961884263
76561197961884265
76561197961884266
76561197961884267
76561197961884272
76561197961884273
76561197961884275
76561197961884276
76561197961884277
76561197961884278
76561197961884279
76561197961884280
76561197961884281
76561197961884284
76561197961884286
76561197961884290
76561197961884291
76561197961884293
76561197961884295
76561197961884297
76561197961884298
76561197961884299
76561197961884300
76561197961884303
76561197961884305
76561197961884306
76561197961884308
76561197961884309
76561197961884310
76561197961884312
76561197961884315
76561197961884320
76561197961884321
76561197961884322
76561197961884325
76561197961884327
76561197961884328
76561197961884329
76561197961884330
76561197961884332
76561197961884333
76561197961884339
76561197961884341
76561197961884343
76561197961884346
76561197961884348
76561197961884349
76561197961884351
76561197961884352
76561197961884355
76561197961884357
76561197961884361
76561197961884363
76561197961884365
76561197961884366
76561197961884368
76561197961884369
76561197961884370
76561197961884371
76561197961884372
76561197961884373
76561197961884374
76561197961884375
76561197961884380
76561197961884381
76561197961884384
76561197961884385
76561197961884387
76561197961884388
76561197961884389
76561197961884391
76561197961884393
76561197961884394
76561197961884398
76561197961884399
76561197961884400
76561197961884405
76561197961884407
76561197961884408
76561197961884409
76561197961884410
76561197961884416
76561197961884417
76561197961884419
76561197961884420
76561197961884422
76561197961884423
76561197961884425
76561197961884426
76561197961884427
76561197961884429
76561197961884431
76561197961884432
76561197961884433
76561197961884435
76561197961884437
76561197961884438
76561197961884439
76561197961884441
76561197961884442
76561197961884443
76561197961884445
76561197961884447
76561197961884448
76561197961884449
76561197961884450
76561197961884451
76561197961884453
76561197961884454
76561197961884456
76561197961884457
76561197961884459
76561197961884461
76561197961884463
76561197961884465
76561197961884467
76561197961884470
76561197961884472
76561197961884473
76561197961884474
76561197961884478
76561197961884479
76561197961884480
76561197961884483
76561197961884484
76561197961884485
76561197961884489
76561197961884491
76561197961884492
76561197961884494
76561197961884495
76561197961884497
76561197961884498
76561197961884499
76561197961884500
76561197961884501
76561197961884503
76561197961884504
76561197961884507
76561197961884509
76561197961884512
76561197961884513
76561197961884515
76561197961884516
76561197961884519
76561197961884520
76561197961884525
76561197961884526
76561197961884527
76561197961884528
76561197961884531
76561197961884533
76561197961884535
76561197961884539
76561197961884540
76561197961884541
76561197961884543
76561197961884545
76561197961884547
76561197961884548
76561197961884549
76561197961884553
76561197961884555
76561197961884557
76561197961884558
76561197961884559
76561197961884561
76561197961884562
76561197961884563
76561197961884564
76561197961884565
76561197961884568
76561197961884570
76561197961884571
76561197961884573
76561197961884576
76561197961884577
76561197961884579
76561197961884584
76561197961884588
76561197961884591
76561197961884593
76561197961884599
76561197961884600
76561197961884602
76561197961884603
76561197961884604
76561197961884605
76561197961884606
76561197961884607
76561197961884610
76561197961884611
76561197961884613
76561197961884614
76561197961884617
76561197961884619
76561197961884620
76561197961884621
76561197961884625
76561197961884626
76561197961884628
76561197961884629
76561197961884634
76561197961884639
76561197961884640
76561197961884644
76561197961884647
76561197961884648
76561197961884649
76561197961884650
76561197961884652
76561197961884659
76561197961884661
76561197961884662
76561197961884666
76561197961884668
76561197961884673
76561197961884678
76561197961884679
76561197961884681
76561197961884683
76561197961884685
76561197961884686
76561197961884687
76561197961884689
76561197961884692
76561197961884694
76561197961884695
76561197961884696
76561197961884699
76561197961884701
76561197961884704
76561197961884707
76561197961884708
76561197961884709
76561197961884710
76561197961884714
76561197961884719
76561197961884721
76561197961884722
76561197961884724
76561197961884727
76561197961884729
76561197961884730
76561197961884739
76561197961884741
76561197961884745
76561197961884746
76561197961884747
76561197961884748
76561197961884750
76561197961884751
76561197961884753
76561197961884756
76561197961884757
76561197961884760
76561197961884763
76561197961884764
76561197961884766
76561197961884767
76561197961884768
76561197961884769
76561197961884771
76561197961884774
76561197961884778
76561197961884781
76561197961884782
76561197961884785
76561197961884786
76561197961884787
76561197961884789
76561197961884790
76561197961884791
76561197961884792
76561197961884793
76561197961884795
76561197961884797
76561197961884798
76561197961884803
76561197961884805
76561197961884806
76561197961884807
76561197961884808
76561197961884810
76561197961884811
76561197961884815
76561197961884816
76561197961884817
76561197961884818
76561197961884820
76561197961884822
76561197961884824
76561197961884825
76561197961884826
76561197961884827
76561197961884828
76561197961884832
76561197961884833
76561197961884834
76561197961884835
76561197961884836
76561197961884837
76561197961884839
76561197961884843
76561197961884847
76561197961884848
76561197961884853
76561197961884854
76561197961884857
76561197961884858
76561197961884860
76561197961884861
76561197961884863
76561197961884865
76561197961884870
76561197961884871
76561197961884873
76561197961884874
76561197961884877
76561197961884878
76561197961884882
76561197961884884
76561197961884886
76561197961884888
76561197961884890
76561197961884891
76561197961884895
76561197961884896
76561197961884897
76561197961884899
76561197961884902
76561197961884903
76561197961884906
76561197961884909
76561197961884910
76561197961884913
76561197961884915
76561197961884917
76561197961884918
76561197961884924
76561197961884929
76561197961884930
76561197961884932
76561197961884933
76561197961884936
76561197961884937
76561197961884943
76561197961884946
76561197961884947
76561197961884954
76561197961884955
76561197961884958
76561197961884959
76561197961884960
76561197961884961
76561197961884963
76561197961884966
76561197961884967
76561197961884969
76561197961884970
76561197961884980
76561197961884981
76561197961884982
76561197961884983
76561197961884984
76561197961884985
76561197961884987
76561197961884990
76561197961884992
76561197961884993
76561197961885002
76561197961885003
76561197961885008
76561197961885011
76561197961885012
76561197961885013
76561197961885014
76561197961885015
76561197961885016
76561197961885018
76561197961885019
76561197961885020
76561197961885021
76561197961885024
76561197961885028
76561197961885029
76561197961885031
76561197961885036
76561197961885037
76561197961885039
76561197961885040
76561197961885041
76561197961885045
76561197961885046
76561197961885048
76561197961885049
76561197961885051
76561197961885055
76561197961885056
76561197961885057
76561197961885059
76561197961885062
76561197961885064
76561197961885065
76561197961885066
76561197961885067
76561197961885072
76561197961885075
76561197961885077
76561197961885078
76561197961885079
76561197961885082
76561197961885086
76561197961885087
76561197961885088
76561197961885089
76561197961885091
76561197961885095
76561197961885097
76561197961885099
76561197961885101
76561197961885103
76561197961885104
76561197961885105
76561197961885106
76561197961885107
76561197961885108
76561197961885109
76561197961885110
76561197961885112
76561197961885114
76561197961885115
76561197961885116
76561197961885118
76561197961885120
76561197961885122
76561197961885125
76561197961885126
76561197961885127
76561197961885129
76561197961885130
76561197961885131
76561197961885132
76561197961885133
76561197961885137
76561197961885139
76561197961885140
76561197961885142
76561197961885143
76561197961885144
76561197961885145
76561197961885147
76561197961885148
76561197961885149
76561197961885151
76561197961885153
76561197961885155
76561197961885156
76561197961885157
76561197961885160
76561197961885161
76561197961885163
76561197961885165
76561197961885166
76561197961885167
76561197961885168
76561197961885171
76561197961885172
76561197961885173
76561197961885175
76561197961885178
76561197961885179
76561197961885180
76561197961885183
76561197961885185
76561197961885187
76561197961885189
76561197961885190
76561197961885194
76561197961885195
76561197961885196
76561197961885200
76561197961885201
76561197961885202
76561197961885204
76561197961885205
76561197961885209
76561197961885210
76561197961885211
76561197961885212
76561197961885215
76561197961885217
76561197961885219
76561197961885221
76561197961885222
76561197961885223
76561197961885224
76561197961885225
76561197961885227
76561197961885228
76561197961885229
76561197961885232
76561197961885234
76561197961885236
76561197961885237
76561197961885238
76561197961885243
76561197961885247
76561197961885249
76561197961885250
76561197961885251
76561197961885254
76561197961885256
76561197961885258
76561197961885264
76561197961885265
76561197961885268
76561197961885271
76561197961885272
76561197961885273
76561197961885275
76561197961885277
76561197961885280
76561197961885283
76561197961885285
76561197961885286
76561197961885287
76561197961885288
76561197961885289
76561197961885290
76561197961885291
76561197961885293
76561197961885295
76561197961885297
76561197961885299
76561197961885302
76561197961885303
76561197961885305
76561197961885306
76561197961885308
76561197961885310
76561197961885316
76561197961885322
76561197961885323
76561197961885325
76561197961885326
76561197961885327
76561197961885329
76561197961885330
76561197961885331
76561197961885333
76561197961885334
76561197961885335
76561197961885336
76561197961885337
76561197961885340
76561197961885341
76561197961885342
76561197961885343
76561197961885345
76561197961885348
76561197961885349
76561197961885350
76561197961885351
76561197961885352
76561197961885353
76561197961885357
76561197961885359
76561197961885361
76561197961885365
76561197961885366
76561197961885369
76561197961885370
76561197961885371
76561197961885373
76561197961885375
76561197961885379
76561197961885382
76561197961885384
76561197961885385
76561197961885386
76561197961885388
76561197961885389
76561197961885390
76561197961885391
76561197961885392
76561197961885393
76561197961885395
76561197961885397
76561197961885402
76561197961885403
76561197961885404
76561197961885405
76561197961885409
76561197961885411
76561197961885415
76561197961885416
76561197961885417
76561197961885419
76561197961885420
76561197961885422
76561197961885428
76561197961885432
76561197961885434
76561197961885435
76561197961885436
76561197961885437
76561197961885439
76561197961885445
76561197961885446
76561197961885449
76561197961885450
76561197961885451
76561197961885452
76561197961885454
76561197961885455
76561197961885457
76561197961885458
76561197961885461
76561197961885463
76561197961885464
76561197961885468
76561197961885469
76561197961885471
76561197961885473
76561197961885474
76561197961885475
76561197961885476
76561197961885478
76561197961885479
76561197961885484
76561197961885486
76561197961885487
76561197961885488
76561197961885489
76561197961885492
76561197961885493
76561197961885494
76561197961885495
76561197961885496
76561197961885497
76561197961885500
76561197961885501
76561197961885503
76561197961885505
76561197961885507
76561197961885508
76561197961885511
76561197961885516
76561197961885517
76561197961885519
76561197961885521
76561197961885522
76561197961885525
76561197961885526
76561197961885527
76561197961885529
76561197961885530
76561197961885534
76561197961885535
76561197961885537
76561197961885538
76561197961885540
76561197961885541
76561197961885543
76561197961885545
76561197961885551
76561197961885553
76561197961885557
76561197961885558
76561197961885559
76561197961885564
76561197961885565
76561197961885567
76561197961885568
76561197961885569
76561197961885571
76561197961885577
76561197961885582
76561197961885584
76561197961885587
76561197961885590
76561197961885591
76561197961885603
76561197961885604
76561197961885607
76561197961885609
76561197961885610
76561197961885611
76561197961885613
76561197961885616
76561197961885618
76561197961885619
76561197961885623
76561197961885624
76561197961885625
76561197961885626
76561197961885630
76561197961885631
76561197961885632
76561197961885633
76561197961885634
76561197961885637
76561197961885641
76561197961885642
76561197961885643
76561197961885644
76561197961885645
76561197961885652
76561197961885653
76561197961885654
76561197961885655
76561197961885657
76561197961885658
76561197961885659
76561197961885660
76561197961885661
76561197961885665
76561197961885669
76561197961885670
76561197961885671
76561197961885673
76561197961885677
76561197961885678
76561197961885681
76561197961885684
76561197961885685
76561197961885688
76561197961885689
76561197961885692
76561197961885695
76561197961885696
76561197961885699
76561197961885700
76561197961885702
76561197961885703
76561197961885704
76561197961885707
76561197961885708
76561197961885713
76561197961885714
76561197961885715
76561197961885720
76561197961885723
76561197961885724
76561197961885729
76561197961885730
76561197961885731
76561197961885735
76561197961885736
76561197961885737
76561197961885739
76561197961885741
76561197961885743
76561197961885746
76561197961885747
76561197961885748
76561197961885749
76561197961885752
76561197961885753
76561197961885758
76561197961885759
76561197961885761
76561197961885762
76561197961885763
76561197961885767
76561197961885770
76561197961885771
76561197961885772
76561197961885773
76561197961885774
76561197961885779
76561197961885780
76561197961885783
76561197961885786
76561197961885787
76561197961885789
76561197961885793
76561197961885794
76561197961885796
76561197961885797
76561197961885798
76561197961885805
76561197961885807
76561197961885808
76561197961885809
76561197961885810
76561197961885811
76561197961885812
76561197961885813
76561197961885816
76561197961885818
76561197961885819
76561197961885822
76561197961885823
76561197961885825
76561197961885826
76561197961885829
76561197961885831
76561197961885832
76561197961885834
76561197961885835
76561197961885838
76561197961885839
76561197961885840
76561197961885842
76561197961885844
76561197961885846
76561197961885847
76561197961885849
76561197961885853
76561197961885855
76561197961885857
76561197961885861
76561197961885862
76561197961885870
76561197961885871
76561197961885873
76561197961885874
76561197961885877
76561197961885879
76561197961885881
76561197961885884
76561197961885885
76561197961885887
76561197961885892
76561197961885894
76561197961885895
76561197961885896
76561197961885900
76561197961885902
76561197961885905
76561197961885906
76561197961885908
76561197961885909
76561197961885910
76561197961885911
76561197961885913
76561197961885914
76561197961885915
76561197961885916
76561197961885917
76561197961885921
76561197961885923
76561197961885925
76561197961885927
76561197961885928
76561197961885929
76561197961885933
76561197961885937
76561197961885942
76561197961885943
76561197961885948
76561197961885950
76561197961885953
76561197961885955
76561197961885959
76561197961885960
76561197961885969
76561197961885973
76561197961885974
76561197961885976
76561197961885977
76561197961885982
76561197961885985
76561197961885987
76561197961885989
76561197961885990
76561197961885992
76561197961885993
76561197961885995
76561197961885998
76561197961886000
76561197961886003
76561197961886004
76561197961886005
76561197961886007
76561197961886009
76561197961886011
76561197961886012
76561197961886013
76561197961886017
76561197961886018
76561197961886019
76561197961886021
76561197961886022
76561197961886023
76561197961886026
76561197961886029
76561197961886032
76561197961886035
76561197961886042
76561197961886044
76561197961886047
76561197961886048
76561197961886049
76561197961886052
76561197961886053
76561197961886054
76561197961886055
76561197961886056
76561197961886057
76561197961886059
76561197961886060
76561197961886065
76561197961886066
76561197961886069
76561197961886070
76561197961886074
76561197961886077
76561197961886078
76561197961886081
