76561197961567724
76561197961567727
76561197961567728
76561197961567729
76561197961567730
76561197961567731
76561197961567732
76561197961567738
76561197961567741
76561197961567742
76561197961567743
76561197961567745
76561197961567748
76561197961567750
76561197961567751
76561197961567752
76561197961567754
76561197961567756
76561197961567758
76561197961567760
76561197961567763
76561197961567764
76561197961567765
76561197961567766
76561197961567767
76561197961567770
76561197961567773
76561197961567775
76561197961567777
76561197961567779
76561197961567781
76561197961567782
76561197961567785
76561197961567789
76561197961567791
76561197961567793
76561197961567795
76561197961567798
76561197961567804
76561197961567805
76561197961567806
76561197961567809
76561197961567811
76561197961567812
76561197961567813
76561197961567815
76561197961567817
76561197961567818
76561197961567819
76561197961567820
76561197961567824
76561197961567827
76561197961567830
76561197961567831
76561197961567833
76561197961567834
76561197961567840
76561197961567843
76561197961567845
76561197961567847
76561197961567849
76561197961567850
76561197961567851
76561197961567852
76561197961567859
76561197961567860
76561197961567862
76561197961567863
76561197961567867
76561197961567868
76561197961567870
76561197961567873
76561197961567874
76561197961567877
76561197961567879
76561197961567881
76561197961567883
76561197961567884
76561197961567885
76561197961567887
76561197961567888
76561197961567890
76561197961567892
76561197961567893
76561197961567897
76561197961567905
76561197961567908
76561197961567909
76561197961567911
76561197961567912
76561197961567914
76561197961567917
76561197961567918
76561197961567921
76561197961567922
76561197961567923
76561197961567924
76561197961567927
76561197961567928
76561197961567931
76561197961567933
76561197961567934
76561197961567935
76561197961567936
76561197961567937
76561197961567939
76561197961567940
76561197961567941
76561197961567942
76561197961567943
76561197961567944
76561197961567948
76561197961567949
76561197961567951
76561197961567955
76561197961567956
76561197961567958
76561197961567962
76561197961567965
76561197961567966
76561197961567967
76561197961567968
76561197961567971
76561197961567973
76561197961567976
76561197961567978
76561197961567979
76561197961567983
76561197961567985
76561197961567986
76561197961567987
76561197961567988
76561197961567989
76561197961567990
76561197961567991
76561197961567992
76561197961568002
76561197961568003
76561197961568004
76561197961568005
76561197961568006
76561197961568008
76561197961568009
76561197961568010
76561197961568014
76561197961568015
76561197961568016
76561197961568018
76561197961568020
76561197961568022
76561197961568023
76561197961568024
76561197961568026
76561197961568029
76561197961568031
76561197961568033
76561197961568034
76561197961568036
76561197961568037
76561197961568040
76561197961568041
76561197961568043
76561197961568044
76561197961568045
76561197961568049
76561197961568050
76561197961568053
76561197961568054
76561197961568055
76561197961568057
76561197961568059
76561197961568061
76561197961568063
76561197961568068
76561197961568069
76561197961568070
76561197961568072
76561197961568080
76561197961568086
76561197961568090
76561197961568091
76561197961568093
76561197961568094
76561197961568102
76561197961568103
76561197961568104
76561197961568105
76561197961568108
76561197961568112
76561197961568115
76561197961568116
76561197961568118
76561197961568121
76561197961568124
76561197961568125
76561197961568128
76561197961568136
76561197961568139
76561197961568141
76561197961568142
76561197961568144
76561197961568146
76561197961568147
76561197961568148
76561197961568149
76561197961568150
76561197961568152
76561197961568154
76561197961568156
76561197961568166
76561197961568167
76561197961568171
76561197961568172
76561197961568173
76561197961568175
76561197961568181
76561197961568187
76561197961568188
76561197961568191
76561197961568192
76561197961568193
76561197961568197
76561197961568198
76561197961568199
76561197961568200
76561197961568201
76561197961568203
76561197961568204
76561197961568205
76561197961568206
76561197961568209
76561197961568210
76561197961568213
76561197961568217
76561197961568218
76561197961568225
76561197961568226
76561197961568227
76561197961568228
76561197961568229
76561197961568231
76561197961568232
76561197961568235
76561197961568238
76561197961568244
76561197961568245
76561197961568246
76561197961568247
76561197961568252
76561197961568253
76561197961568254
76561197961568257
76561197961568259
76561197961568260
76561197961568261
76561197961568262
76561197961568265
76561197961568266
76561197961568267
76561197961568270
76561197961568271
76561197961568272
76561197961568274
76561197961568275
76561197961568277
76561197961568278
76561197961568279
76561197961568291
76561197961568292
76561197961568296
76561197961568298
76561197961568300
76561197961568301
76561197961568303
76561197961568304
76561197961568306
76561197961568308
76561197961568311
76561197961568312
76561197961568315
76561197961568317
76561197961568318
76561197961568319
76561197961568322
76561197961568323
76561197961568325
76561197961568327
76561197961568328
76561197961568330
76561197961568333
76561197961568334
76561197961568339
76561197961568340
76561197961568341
76561197961568342
76561197961568345
76561197961568347
76561197961568348
76561197961568352
76561197961568354
76561197961568357
76561197961568358
76561197961568361
76561197961568362
76561197961568363
76561197961568364
76561197961568365
76561197961568366
76561197961568367
76561197961568369
76561197961568370
76561197961568372
76561197961568374
76561197961568376
76561197961568377
76561197961568381
76561197961568384
76561197961568386
76561197961568387
76561197961568390
76561197961568391
76561197961568392
76561197961568393
76561197961568397
76561197961568398
76561197961568399
76561197961568400
76561197961568405
76561197961568407
76561197961568408
76561197961568409
76561197961568413
76561197961568415
76561197961568416
76561197961568418
76561197961568419
76561197961568420
76561197961568423
76561197961568436
76561197961568438
76561197961568440
76561197961568442
76561197961568444
76561197961568447
76561197961568448
76561197961568453
76561197961568456
76561197961568458
76561197961568459
76561197961568461
76561197961568462
76561197961568463
76561197961568465
76561197961568466
76561197961568467
76561197961568470
76561197961568471
76561197961568474
76561197961568475
76561197961568477
76561197961568480
76561197961568481
76561197961568482
76561197961568487
76561197961568489
76561197961568496
76561197961568500
76561197961568501
76561197961568503
76561197961568505
76561197961568507
76561197961568509
76561197961568511
76561197961568513
76561197961568514
76561197961568516
76561197961568517
76561197961568520
76561197961568521
76561197961568525
76561197961568527
76561197961568528
76561197961568529
76561197961568531
76561197961568534
76561197961568535
76561197961568536
76561197961568538
76561197961568539
76561197961568541
76561197961568543
76561197961568544
76561197961568547
76561197961568548
76561197961568549
76561197961568556
76561197961568558
76561197961568561
76561197961568562
76561197961568564
76561197961568566
76561197961568573
76561197961568574
76561197961568575
76561197961568577
76561197961568583
76561197961568589
76561197961568591
76561197961568593
76561197961568594
76561197961568597
76561197961568599
76561197961568600
76561197961568602
76561197961568603
76561197961568604
76561197961568605
76561197961568608
76561197961568611
76561197961568614
76561197961568616
76561197961568617
76561197961568618
76561197961568619
76561197961568620
76561197961568622
76561197961568625
76561197961568626
76561197961568630
76561197961568632
76561197961568633
76561197961568634
76561197961568635
76561197961568642
76561197961568644
76561197961568645
76561197961568647
76561197961568648
76561197961568651
76561197961568656
76561197961568659
76561197961568660
76561197961568661
76561197961568662
76561197961568664
76561197961568665
76561197961568666
76561197961568667
76561197961568669
76561197961568671
76561197961568674
76561197961568677
76561197961568678
76561197961568679
76561197961568680
76561197961568681
76561197961568683
76561197961568686
76561197961568690
76561197961568691
76561197961568692
76561197961568694
76561197961568697
76561197961568699
76561197961568701
76561197961568703
76561197961568704
76561197961568705
76561197961568708
76561197961568711
76561197961568712
76561197961568714
76561197961568718
76561197961568719
76561197961568723
76561197961568726
76561197961568730
76561197961568731
76561197961568733
76561197961568735
76561197961568736
76561197961568739
76561197961568742
76561197961568743
76561197961568744
76561197961568746
76561197961568749
76561197961568750
76561197961568751
76561197961568752
76561197961568753
76561197961568755
76561197961568758
76561197961568760
76561197961568768
76561197961568769
76561197961568771
76561197961568773
76561197961568774
76561197961568776
76561197961568778
76561197961568779
76561197961568784
76561197961568786
76561197961568788
76561197961568789
76561197961568790
76561197961568792
76561197961568794
76561197961568795
76561197961568796
76561197961568797
76561197961568798
76561197961568799
76561197961568800
76561197961568801
76561197961568802
76561197961568804
76561197961568805
76561197961568806
76561197961568808
76561197961568811
76561197961568812
76561197961568813
76561197961568814
76561197961568816
76561197961568818
76561197961568819
76561197961568823
76561197961568824
76561197961568825
76561197961568827
76561197961568828
76561197961568835
76561197961568836
76561197961568838
76561197961568840
76561197961568842
76561197961568843
76561197961568848
76561197961568849
76561197961568850
76561197961568854
76561197961568860
76561197961568862
76561197961568863
76561197961568865
76561197961568866
76561197961568868
76561197961568871
76561197961568873
76561197961568876
76561197961568877
76561197961568878
76561197961568879
76561197961568882
76561197961568883
76561197961568886
76561197961568891
76561197961568895
76561197961568896
76561197961568897
76561197961568898
76561197961568900
76561197961568903
76561197961568904
76561197961568907
76561197961568909
76561197961568910
76561197961568911
76561197961568913
76561197961568915
76561197961568917
76561197961568918
76561197961568926
76561197961568928
76561197961568931
76561197961568932
76561197961568934
76561197961568935
76561197961568936
76561197961568937
76561197961568939
76561197961568946
76561197961568949
76561197961568950
76561197961568951
76561197961568953
76561197961568955
76561197961568959
76561197961568960
76561197961568961
76561197961568965
76561197961568967
76561197961568970
76561197961568971
76561197961568972
76561197961568973
76561197961568978
76561197961568979
76561197961568981
76561197961568984
76561197961568985
76561197961568989
76561197961568997
76561197961568998
76561197961569001
76561197961569003
76561197961569006
76561197961569019
76561197961569022
76561197961569023
76561197961569024
76561197961569025
76561197961569026
76561197961569028
76561197961569031
76561197961569032
76561197961569033
76561197961569034
76561197961569035
76561197961569039
76561197961569040
76561197961569041
76561197961569042
76561197961569044
76561197961569045
76561197961569047
76561197961569053
76561197961569054
76561197961569057
76561197961569058
76561197961569060
76561197961569062
76561197961569063
76561197961569065
76561197961569071
76561197961569072
76561197961569074
76561197961569075
76561197961569076
76561197961569077
76561197961569079
76561197961569081
76561197961569083
76561197961569088
76561197961569090
76561197961569092
76561197961569093
76561197961569098
76561197961569107
76561197961569108
76561197961569109
76561197961569110
76561197961569112
76561197961569113
76561197961569114
76561197961569115
76561197961569116
76561197961569117
76561197961569118
76561197961569122
76561197961569123
76561197961569124
76561197961569125
76561197961569126
76561197961569127
76561197961569130
76561197961569132
76561197961569133
76561197961569134
76561197961569136
76561197961569137
76561197961569140
76561197961569142
76561197961569143
76561197961569144
76561197961569145
76561197961569146
76561197961569150
76561197961569151
76561197961569153
76561197961569155
76561197961569156
76561197961569158
76561197961569162
76561197961569163
76561197961569165
76561197961569169
76561197961569170
76561197961569171
76561197961569174
76561197961569176
76561197961569179
76561197961569180
76561197961569181
76561197961569182
76561197961569183
76561197961569184
76561197961569187
76561197961569192
76561197961569196
76561197961569198
76561197961569199
76561197961569201
76561197961569202
76561197961569203
76561197961569205
76561197961569206
76561197961569207
76561197961569208
76561197961569209
76561197961569212
76561197961569214
76561197961569217
76561197961569220
76561197961569222
76561197961569223
76561197961569224
76561197961569226
76561197961569227
76561197961569228
76561197961569230
76561197961569235
76561197961569236
76561197961569238
76561197961569239
76561197961569240
76561197961569241
76561197961569244
76561197961569246
76561197961569247
76561197961569251
76561197961569253
76561197961569255
76561197961569256
76561197961569260
76561197961569261
76561197961569262
76561197961569268
76561197961569269
76561197961569270
76561197961569271
76561197961569272
76561197961569282
76561197961569284
76561197961569285
76561197961569289
76561197961569290
76561197961569291
76561197961569292
76561197961569294
76561197961569298
76561197961569300
76561197961569303
76561197961569305
76561197961569307
76561197961569308
76561197961569310
76561197961569311
76561197961569312
76561197961569320
76561197961569322
76561197961569324
76561197961569325
76561197961569333
76561197961569334
76561197961569336
76561197961569343
76561197961569345
76561197961569347
76561197961569350
76561197961569351
76561197961569355
76561197961569357
76561197961569364
76561197961569365
76561197961569368
76561197961569370
76561197961569371
76561197961569373
76561197961569378
76561197961569379
76561197961569380
76561197961569382
76561197961569383
76561197961569385
76561197961569386
76561197961569387
76561197961569388
76561197961569390
76561197961569391
76561197961569392
76561197961569393
76561197961569397
76561197961569398
76561197961569400
76561197961569401
76561197961569402
76561197961569403
76561197961569407
76561197961569408
76561197961569409
76561197961569411
76561197961569412
76561197961569413
76561197961569419
76561197961569420
76561197961569422
76561197961569425
76561197961569429
76561197961569430
76561197961569431
76561197961569434
76561197961569435
76561197961569436
76561197961569438
76561197961569439
76561197961569441
76561197961569442
76561197961569443
76561197961569445
76561197961569446
76561197961569448
76561197961569451
76561197961569452
76561197961569455
76561197961569458
76561197961569460
76561197961569461
76561197961569462
76561197961569465
76561197961569479
76561197961569480
76561197961569481
76561197961569483
76561197961569484
76561197961569485
76561197961569486
76561197961569493
76561197961569494
76561197961569496
76561197961569497
76561197961569503
76561197961569504
76561197961569505
76561197961569506
76561197961569507
76561197961569508
76561197961569510
76561197961569511
76561197961569513
76561197961569515
76561197961569517
76561197961569519
76561197961569524
76561197961569526
76561197961569527
76561197961569528
76561197961569530
76561197961569535
76561197961569538
76561197961569539
76561197961569540
76561197961569541
76561197961569542
76561197961569544
76561197961569550
76561197961569551
76561197961569552
76561197961569556
76561197961569557
76561197961569559
76561197961569562
76561197961569563
76561197961569567
76561197961569570
76561197961569577
76561197961569580
76561197961569583
76561197961569584
76561197961569585
76561197961569587
76561197961569592
76561197961569593
76561197961569596
76561197961569600
76561197961569602
76561197961569603
76561197961569605
76561197961569608
76561197961569611
76561197961569612
76561197961569616
76561197961569619
76561197961569620
76561197961569622
76561197961569623
76561197961569628
76561197961569629
76561197961569632
76561197961569635
76561197961569636
76561197961569638
76561197961569639
76561197961569640
76561197961569644
76561197961569653
76561197961569658
76561197961569662
76561197961569664
76561197961569665
76561197961569666
76561197961569669
76561197961569671
76561197961569673
76561197961569674
76561197961569676
76561197961569677
76561197961569678
76561197961569680
76561197961569684
76561197961569685
76561197961569687
76561197961569688
76561197961569690
76561197961569691
76561197961569693
76561197961569694
76561197961569698
76561197961569699
76561197961569702
76561197961569710
76561197961569711
76561197961569712
76561197961569713
76561197961569715
76561197961569719
76561197961569720
76561197961569721
76561197961569722
76561197961569726
76561197961569727
76561197961569728
76561197961569731
76561197961569732
76561197961569733
76561197961569734
76561197961569735
76561197961569737
76561197961569739
76561197961569742
76561197961569743
76561197961569744
76561197961569745
76561197961569751
76561197961569754
76561197961569756
76561197961569759
76561197961569760
76561197961569761
76561197961569763
76561197961569764
76561197961569765
76561197961569767
76561197961569769
76561197961569770
76561197961569773
76561197961569776
76561197961569777
76561197961569781
76561197961569783
76561197961569784
76561197961569785
76561197961569786
76561197961569788
76561197961569789
76561197961569795
76561197961569797
76561197961569799
76561197961569804
76561197961569806
76561197961569807
76561197961569812
76561197961569816
76561197961569819
76561197961569821
76561197961569825
76561197961569826
76561197961569829
76561197961569831
76561197961569832
76561197961569834
76561197961569836
76561197961569837
76561197961569839
76561197961569842
76561197961569844
76561197961569848
76561197961569851
