76561197961960089
76561197961960091
76561197961960099
76561197961960102
76561197961960103
76561197961960105
76561197961960108
76561197961960111
76561197961960112
76561197961960114
76561197961960118
76561197961960120
76561197961960122
76561197961960123
76561197961960125
76561197961960128
76561197961960130
76561197961960134
76561197961960135
76561197961960138
76561197961960139
76561197961960141
76561197961960143
76561197961960145
76561197961960149
76561197961960153
76561197961960155
76561197961960158
76561197961960167
76561197961960170
76561197961960172
76561197961960175
76561197961960177
76561197961960180
76561197961960181
76561197961960182
76561197961960183
76561197961960184
76561197961960185
76561197961960187
76561197961960188
76561197961960191
76561197961960192
76561197961960194
76561197961960195
76561197961960198
76561197961960199
76561197961960200
76561197961960202
76561197961960203
76561197961960207
76561197961960208
76561197961960210
76561197961960212
76561197961960213
76561197961960215
76561197961960217
76561197961960218
76561197961960220
76561197961960221
76561197961960222
76561197961960223
76561197961960224
76561197961960225
76561197961960226
76561197961960228
76561197961960230
76561197961960231
76561197961960232
76561197961960237
76561197961960238
76561197961960240
76561197961960241
76561197961960243
76561197961960245
76561197961960246
76561197961960248
76561197961960249
76561197961960252
76561197961960257
76561197961960260
76561197961960262
76561197961960263
76561197961960264
76561197961960265
76561197961960266
76561197961960267
76561197961960270
76561197961960271
76561197961960272
76561197961960273
76561197961960277
76561197961960278
76561197961960281
76561197961960286
76561197961960288
76561197961960294
76561197961960296
76561197961960297
76561197961960299
76561197961960300
76561197961960301
76561197961960304
76561197961960308
76561197961960310
76561197961960312
76561197961960314
76561197961960315
76561197961960316
76561197961960317
76561197961960318
76561197961960319
76561197961960320
76561197961960322
76561197961960328
76561197961960331
76561197961960333
76561197961960337
76561197961960339
76561197961960340
76561197961960341
76561197961960342
76561197961960344
76561197961960345
76561197961960348
76561197961960349
76561197961960351
76561197961960352
76561197961960355
76561197961960356
76561197961960357
76561197961960358
76561197961960360
76561197961960364
76561197961960366
76561197961960367
76561197961960371
76561197961960372
76561197961960373
76561197961960377
76561197961960378
76561197961960380
76561197961960382
76561197961960383
76561197961960384
76561197961960385
76561197961960388
76561197961960390
76561197961960391
76561197961960392
76561197961960393
76561197961960396
76561197961960397
76561197961960399
76561197961960400
76561197961960401
76561197961960404
76561197961960407
76561197961960409
76561197961960410
76561197961960411
76561197961960412
76561197961960413
76561197961960414
76561197961960415
76561197961960416
76561197961960420
76561197961960421
76561197961960422
76561197961960424
76561197961960427
76561197961960432
76561197961960434
76561197961960440
76561197961960442
76561197961960443
76561197961960444
76561197961960447
76561197961960448
76561197961960449
76561197961960450
76561197961960454
76561197961960455
76561197961960456
76561197961960457
76561197961960459
76561197961960461
76561197961960464
76561197961960465
76561197961960466
76561197961960467
76561197961960468
76561197961960469
76561197961960471
76561197961960472
76561197961960474
76561197961960475
76561197961960477
76561197961960480
76561197961960481
76561197961960482
76561197961960483
76561197961960487
76561197961960491
76561197961960492
76561197961960493
76561197961960494
76561197961960495
76561197961960497
76561197961960499
76561197961960500
76561197961960501
76561197961960502
76561197961960508
76561197961960512
76561197961960513
76561197961960515
76561197961960518
76561197961960519
76561197961960520
76561197961960522
76561197961960523
76561197961960524
76561197961960526
76561197961960527
76561197961960533
76561197961960534
76561197961960541
76561197961960543
76561197961960544
76561197961960548
76561197961960552
76561197961960556
76561197961960557
76561197961960564
76561197961960566
76561197961960568
76561197961960569
76561197961960572
76561197961960574
76561197961960575
76561197961960576
76561197961960580
76561197961960581
76561197961960582
76561197961960584
76561197961960588
76561197961960589
76561197961960590
76561197961960592
76561197961960601
76561197961960602
76561197961960603
76561197961960604
76561197961960605
76561197961960606
76561197961960611
76561197961960612
76561197961960615
76561197961960617
76561197961960619
76561197961960623
76561197961960625
76561197961960626
76561197961960627
76561197961960630
76561197961960635
76561197961960636
76561197961960638
76561197961960639
76561197961960640
76561197961960641
76561197961960642
76561197961960643
76561197961960645
76561197961960646
76561197961960647
76561197961960648
76561197961960649
76561197961960650
76561197961960652
76561197961960653
76561197961960656
76561197961960660
76561197961960662
76561197961960664
76561197961960667
76561197961960676
76561197961960677
76561197961960678
76561197961960679
76561197961960681
76561197961960687
76561197961960688
76561197961960689
76561197961960690
76561197961960691
76561197961960694
76561197961960696
76561197961960698
76561197961960699
76561197961960700
76561197961960702
76561197961960704
76561197961960706
76561197961960709
76561197961960710
76561197961960712
76561197961960714
76561197961960717
76561197961960718
76561197961960723
76561197961960724
76561197961960726
76561197961960728
76561197961960729
76561197961960732
76561197961960734
76561197961960740
76561197961960742
76561197961960745
76561197961960747
76561197961960748
76561197961960749
76561197961960751
76561197961960753
76561197961960755
76561197961960756
76561197961960759
76561197961960760
76561197961960761
76561197961960762
76561197961960763
76561197961960769
76561197961960776
76561197961960777
76561197961960779
76561197961960781
76561197961960783
76561197961960784
76561197961960786
76561197961960788
76561197961960792
76561197961960793
76561197961960794
76561197961960796
76561197961960798
76561197961960802
76561197961960803
76561197961960804
76561197961960808
76561197961960812
76561197961960813
76561197961960817
76561197961960818
76561197961960819
76561197961960822
76561197961960824
76561197961960826
76561197961960831
76561197961960832
76561197961960833
76561197961960835
76561197961960836
76561197961960838
76561197961960839
76561197961960844
76561197961960847
76561197961960848
76561197961960849
76561197961960851
76561197961960856
76561197961960859
76561197961960860
76561197961960861
76561197961960862
76561197961960865
76561197961960866
76561197961960867
76561197961960868
76561197961960869
76561197961960870
76561197961960872
76561197961960877
76561197961960879
76561197961960881
76561197961960884
76561197961960887
76561197961960888
76561197961960889
76561197961960890
76561197961960893
76561197961960896
76561197961960897
76561197961960898
76561197961960900
76561197961960902
76561197961960904
76561197961960905
76561197961960906
76561197961960908
76561197961960910
76561197961960912
76561197961960913
76561197961960915
76561197961960916
76561197961960917
76561197961960918
76561197961960919
76561197961960920
76561197961960923
76561197961960930
76561197961960931
76561197961960933
76561197961960936
76561197961960937
76561197961960939
76561197961960941
76561197961960946
76561197961960947
76561197961960949
76561197961960954
76561197961960958
76561197961960959
76561197961960960
76561197961960963
76561197961960970
76561197961960974
76561197961960978
76561197961960982
76561197961960984
76561197961960985
76561197961960986
76561197961960987
76561197961960988
76561197961960989
76561197961960991
76561197961960996
76561197961960999
76561197961961000
76561197961961001
76561197961961002
76561197961961003
76561197961961004
76561197961961005
76561197961961006
76561197961961007
76561197961961008
76561197961961009
76561197961961012
76561197961961013
76561197961961015
76561197961961018
76561197961961021
76561197961961026
76561197961961027
76561197961961028
76561197961961030
76561197961961031
76561197961961032
76561197961961033
76561197961961036
76561197961961037
76561197961961042
76561197961961043
76561197961961044
76561197961961046
76561197961961050
76561197961961052
76561197961961054
76561197961961055
76561197961961058
76561197961961063
76561197961961067
76561197961961068
76561197961961069
76561197961961070
76561197961961073
76561197961961075
76561197961961076
76561197961961077
76561197961961080
76561197961961083
76561197961961084
76561197961961088
76561197961961089
76561197961961091
76561197961961093
76561197961961095
76561197961961101
76561197961961103
76561197961961104
76561197961961105
76561197961961107
76561197961961108
76561197961961110
76561197961961114
76561197961961115
76561197961961117
76561197961961119
76561197961961120
76561197961961121
76561197961961122
76561197961961123
76561197961961128
76561197961961129
76561197961961130
76561197961961132
76561197961961134
76561197961961137
76561197961961139
76561197961961140
76561197961961141
76561197961961142
76561197961961146
76561197961961149
76561197961961150
76561197961961151
76561197961961152
76561197961961153
76561197961961155
76561197961961160
76561197961961162
76561197961961164
76561197961961165
76561197961961167
76561197961961168
76561197961961171
76561197961961173
76561197961961177
76561197961961181
76561197961961182
76561197961961185
76561197961961191
76561197961961194
76561197961961196
76561197961961197
76561197961961198
76561197961961199
76561197961961201
76561197961961203
76561197961961205
76561197961961207
76561197961961208
76561197961961210
76561197961961211
76561197961961212
76561197961961216
76561197961961220
76561197961961223
76561197961961224
76561197961961227
76561197961961228
76561197961961229
76561197961961230
76561197961961231
76561197961961233
76561197961961234
76561197961961235
76561197961961237
76561197961961240
76561197961961242
76561197961961243
76561197961961244
76561197961961248
76561197961961249
76561197961961253
76561197961961256
76561197961961257
76561197961961259
76561197961961260
76561197961961261
76561197961961266
76561197961961267
76561197961961269
76561197961961270
76561197961961271
76561197961961274
76561197961961277
76561197961961279
76561197961961280
76561197961961281
76561197961961282
76561197961961284
76561197961961287
76561197961961288
76561197961961290
76561197961961292
76561197961961295
76561197961961296
76561197961961299
76561197961961303
76561197961961305
76561197961961310
76561197961961312
76561197961961314
76561197961961318
76561197961961320
76561197961961321
76561197961961322
76561197961961324
76561197961961325
76561197961961326
76561197961961327
76561197961961328
76561197961961329
76561197961961331
76561197961961332
76561197961961333
76561197961961336
76561197961961337
76561197961961340
76561197961961345
76561197961961346
76561197961961348
76561197961961349
76561197961961351
76561197961961353
76561197961961354
76561197961961356
76561197961961360
76561197961961362
76561197961961364
76561197961961368
76561197961961369
76561197961961370
76561197961961371
76561197961961372
76561197961961373
76561197961961375
76561197961961376
76561197961961377
76561197961961380
76561197961961383
76561197961961384
76561197961961385
76561197961961388
76561197961961389
76561197961961391
76561197961961392
76561197961961393
76561197961961395
76561197961961397
76561197961961398
76561197961961399
76561197961961411
76561197961961413
76561197961961414
76561197961961415
76561197961961417
76561197961961418
76561197961961419
76561197961961421
76561197961961423
76561197961961425
76561197961961427
76561197961961430
76561197961961431
76561197961961432
76561197961961433
76561197961961441
76561197961961443
76561197961961444
76561197961961446
76561197961961448
76561197961961450
76561197961961451
76561197961961453
76561197961961455
76561197961961457
76561197961961460
76561197961961462
76561197961961463
76561197961961465
76561197961961468
76561197961961469
76561197961961471
76561197961961472
76561197961961477
76561197961961478
76561197961961480
76561197961961485
76561197961961486
76561197961961487
76561197961961488
76561197961961490
76561197961961492
76561197961961493
76561197961961494
76561197961961500
76561197961961501
76561197961961502
76561197961961503
76561197961961504
76561197961961508
76561197961961509
76561197961961510
76561197961961511
76561197961961513
76561197961961515
76561197961961516
76561197961961519
76561197961961522
76561197961961529
76561197961961531
76561197961961532
76561197961961533
76561197961961534
76561197961961536
76561197961961538
76561197961961539
76561197961961540
76561197961961542
76561197961961543
76561197961961544
76561197961961545
76561197961961546
76561197961961547
76561197961961548
76561197961961550
76561197961961552
76561197961961553
76561197961961554
76561197961961558
76561197961961560
76561197961961566
76561197961961570
76561197961961573
76561197961961574
76561197961961575
76561197961961577
76561197961961580
76561197961961581
76561197961961589
76561197961961590
76561197961961591
76561197961961593
76561197961961594
76561197961961595
76561197961961597
76561197961961604
76561197961961608
76561197961961610
76561197961961612
76561197961961613
76561197961961614
76561197961961616
76561197961961617
76561197961961620
76561197961961622
76561197961961623
76561197961961625
76561197961961626
76561197961961630
76561197961961632
76561197961961633
76561197961961634
76561197961961635
76561197961961636
76561197961961638
76561197961961639
76561197961961642
76561197961961644
76561197961961645
76561197961961646
76561197961961649
76561197961961651
76561197961961652
76561197961961653
76561197961961654
76561197961961655
76561197961961657
76561197961961658
76561197961961660
76561197961961663
76561197961961665
76561197961961667
76561197961961671
76561197961961673
76561197961961675
76561197961961677
76561197961961678
76561197961961680
76561197961961682
76561197961961684
76561197961961686
76561197961961691
76561197961961693
76561197961961696
76561197961961697
76561197961961700
76561197961961701
76561197961961702
76561197961961703
76561197961961704
76561197961961707
76561197961961709
76561197961961711
76561197961961712
76561197961961713
76561197961961714
76561197961961717
76561197961961721
76561197961961723
76561197961961727
76561197961961728
76561197961961731
76561197961961732
76561197961961734
76561197961961739
76561197961961740
76561197961961742
76561197961961746
76561197961961747
76561197961961752
76561197961961756
76561197961961759
76561197961961763
76561197961961764
76561197961961768
76561197961961769
76561197961961773
76561197961961774
76561197961961775
76561197961961776
76561197961961778
76561197961961780
76561197961961784
76561197961961785
76561197961961786
76561197961961788
76561197961961790
76561197961961792
76561197961961798
76561197961961801
76561197961961807
76561197961961810
76561197961961813
76561197961961815
76561197961961816
76561197961961817
76561197961961819
76561197961961821
76561197961961823
76561197961961827
76561197961961828
76561197961961833
76561197961961835
76561197961961836
76561197961961837
76561197961961839
76561197961961841
76561197961961843
76561197961961846
76561197961961847
76561197961961848
76561197961961849
76561197961961850
76561197961961858
76561197961961861
76561197961961864
76561197961961865
76561197961961866
76561197961961870
76561197961961874
76561197961961877
76561197961961879
76561197961961880
76561197961961886
76561197961961887
76561197961961889
76561197961961890
76561197961961891
76561197961961893
76561197961961894
76561197961961895
76561197961961897
76561197961961902
76561197961961903
76561197961961905
76561197961961906
76561197961961908
76561197961961911
76561197961961912
76561197961961915
76561197961961918
76561197961961923
76561197961961925
76561197961961926
76561197961961927
76561197961961929
76561197961961930
76561197961961931
76561197961961932
76561197961961934
76561197961961935
76561197961961938
76561197961961942
76561197961961945
76561197961961947
76561197961961948
76561197961961952
76561197961961953
76561197961961956
76561197961961958
76561197961961959
76561197961961961
76561197961961962
76561197961961963
76561197961961964
76561197961961972
76561197961961973
76561197961961974
76561197961961978
76561197961961979
76561197961961982
76561197961961984
76561197961961987
76561197961961988
76561197961961989
76561197961961990
76561197961961992
76561197961961994
76561197961961997
76561197961961998
76561197961962000
76561197961962002
76561197961962005
76561197961962011
76561197961962013
76561197961962014
76561197961962015
76561197961962017
76561197961962018
76561197961962020
76561197961962021
76561197961962023
76561197961962024
76561197961962025
76561197961962026
76561197961962030
76561197961962031
76561197961962032
76561197961962033
76561197961962035
76561197961962041
76561197961962042
76561197961962043
76561197961962048
76561197961962050
76561197961962053
76561197961962055
76561197961962058
76561197961962064
76561197961962067
76561197961962069
76561197961962070
76561197961962072
76561197961962073
76561197961962074
76561197961962077
76561197961962080
76561197961962086
76561197961962087
76561197961962088
76561197961962092
76561197961962093
76561197961962096
76561197961962097
76561197961962098
76561197961962099
76561197961962104
76561197961962106
76561197961962107
76561197961962108
76561197961962110
76561197961962112
76561197961962115
76561197961962117
76561197961962119
76561197961962121
76561197961962123
76561197961962124
76561197961962125
76561197961962128
76561197961962135
76561197961962137
76561197961962139
76561197961962142
76561197961962145
76561197961962151
76561197961962152
76561197961962153
76561197961962154
76561197961962156
76561197961962157
76561197961962159
76561197961962162
76561197961962166
76561197961962175
