76561197961919667
76561197961919668
76561197961919673
76561197961919677
76561197961919679
76561197961919681
76561197961919688
76561197961919690
76561197961919695
76561197961919699
76561197961919701
76561197961919702
76561197961919705
76561197961919706
76561197961919707
76561197961919708
76561197961919711
76561197961919713
76561197961919714
76561197961919716
76561197961919717
76561197961919722
76561197961919723
76561197961919726
76561197961919729
76561197961919730
76561197961919732
76561197961919736
76561197961919737
76561197961919740
76561197961919742
76561197961919744
76561197961919749
76561197961919750
76561197961919752
76561197961919756
76561197961919757
76561197961919758
76561197961919759
76561197961919760
76561197961919762
76561197961919765
76561197961919766
76561197961919769
76561197961919770
76561197961919771
76561197961919774
76561197961919775
76561197961919779
76561197961919787
76561197961919788
76561197961919789
76561197961919790
76561197961919792
76561197961919794
76561197961919795
76561197961919797
76561197961919798
76561197961919802
76561197961919804
76561197961919807
76561197961919817
76561197961919819
76561197961919822
76561197961919827
76561197961919830
76561197961919836
76561197961919838
76561197961919842
76561197961919844
76561197961919845
76561197961919846
76561197961919848
76561197961919849
76561197961919853
76561197961919858
76561197961919864
76561197961919866
76561197961919870
76561197961919871
76561197961919875
76561197961919877
76561197961919879
76561197961919880
76561197961919881
76561197961919885
76561197961919887
76561197961919888
76561197961919895
76561197961919896
76561197961919900
76561197961919908
76561197961919915
76561197961919917
76561197961919920
76561197961919922
76561197961919926
76561197961919928
76561197961919930
76561197961919932
76561197961919938
76561197961919942
76561197961919951
76561197961919952
76561197961919953
76561197961919956
76561197961919959
76561197961919960
76561197961919968
76561197961919969
76561197961919974
76561197961919975
76561197961919976
76561197961919978
76561197961919979
76561197961919980
76561197961919982
76561197961919983
76561197961919986
76561197961919988
76561197961919990
76561197961919991
76561197961919992
76561197961919994
76561197961919995
76561197961919998
76561197961920000
76561197961920001
76561197961920005
76561197961920011
76561197961920014
76561197961920015
76561197961920016
76561197961920024
76561197961920032
76561197961920033
76561197961920037
76561197961920038
76561197961920039
76561197961920044
76561197961920045
76561197961920046
76561197961920053
76561197961920059
76561197961920063
76561197961920065
76561197961920066
76561197961920067
76561197961920070
76561197961920073
76561197961920075
76561197961920077
76561197961920078
76561197961920080
76561197961920082
76561197961920090
76561197961920092
76561197961920093
76561197961920096
76561197961920099
76561197961920102
76561197961920108
76561197961920111
76561197961920115
76561197961920116
76561197961920119
76561197961920121
76561197961920122
76561197961920124
76561197961920126
76561197961920130
76561197961920131
76561197961920133
76561197961920138
76561197961920139
76561197961920143
76561197961920146
76561197961920147
76561197961920149
76561197961920150
76561197961920159
76561197961920160
76561197961920165
76561197961920166
76561197961920167
76561197961920168
76561197961920169
76561197961920170
76561197961920171
76561197961920172
76561197961920173
76561197961920174
76561197961920180
76561197961920190
76561197961920191
76561197961920197
76561197961920201
76561197961920205
76561197961920214
76561197961920216
76561197961920217
76561197961920222
76561197961920223
76561197961920224
76561197961920226
76561197961920229
76561197961920234
76561197961920235
76561197961920237
76561197961920238
76561197961920241
76561197961920242
76561197961920244
76561197961920246
76561197961920249
76561197961920251
76561197961920252
76561197961920253
76561197961920256
76561197961920259
76561197961920260
76561197961920263
76561197961920266
76561197961920267
76561197961920271
76561197961920272
76561197961920276
76561197961920279
76561197961920280
76561197961920283
76561197961920284
76561197961920285
76561197961920287
76561197961920290
76561197961920291
76561197961920292
76561197961920295
76561197961920297
76561197961920300
76561197961920303
76561197961920305
76561197961920309
76561197961920310
76561197961920312
76561197961920313
76561197961920315
76561197961920316
76561197961920319
76561197961920320
76561197961920322
76561197961920323
76561197961920324
76561197961920325
76561197961920327
76561197961920328
76561197961920329
76561197961920330
76561197961920332
76561197961920333
76561197961920334
76561197961920336
76561197961920337
76561197961920338
76561197961920339
76561197961920340
76561197961920345
76561197961920354
76561197961920356
76561197961920357
76561197961920358
76561197961920359
76561197961920360
76561197961920363
76561197961920364
76561197961920365
76561197961920376
76561197961920377
76561197961920382
76561197961920385
76561197961920386
76561197961920388
76561197961920390
76561197961920393
76561197961920398
76561197961920400
76561197961920403
76561197961920407
76561197961920412
76561197961920419
76561197961920420
76561197961920421
76561197961920422
76561197961920425
76561197961920427
76561197961920429
76561197961920430
76561197961920433
76561197961920438
76561197961920444
76561197961920447
76561197961920449
76561197961920450
76561197961920453
76561197961920454
76561197961920456
76561197961920460
76561197961920462
76561197961920463
76561197961920465
76561197961920468
76561197961920473
76561197961920479
76561197961920481
76561197961920482
76561197961920483
76561197961920488
76561197961920492
76561197961920494
76561197961920497
76561197961920498
76561197961920500
76561197961920501
76561197961920503
76561197961920507
76561197961920508
76561197961920510
76561197961920511
76561197961920514
76561197961920518
76561197961920519
76561197961920526
76561197961920528
76561197961920530
76561197961920536
76561197961920538
76561197961920542
76561197961920544
76561197961920546
76561197961920547
76561197961920555
76561197961920559
76561197961920560
76561197961920566
76561197961920570
76561197961920572
76561197961920574
76561197961920576
76561197961920577
76561197961920578
76561197961920580
76561197961920589
76561197961920593
76561197961920595
76561197961920596
76561197961920598
76561197961920599
76561197961920600
76561197961920603
76561197961920614
76561197961920618
76561197961920619
76561197961920622
76561197961920624
76561197961920632
76561197961920633
76561197961920636
76561197961920639
76561197961920642
76561197961920646
76561197961920647
76561197961920652
76561197961920657
76561197961920658
76561197961920660
76561197961920668
76561197961920669
76561197961920670
76561197961920672
76561197961920676
76561197961920680
76561197961920681
76561197961920687
76561197961920690
76561197961920691
76561197961920692
76561197961920693
76561197961920694
76561197961920695
76561197961920696
76561197961920699
76561197961920701
76561197961920708
76561197961920724
76561197961920725
76561197961920726
76561197961920729
76561197961920731
76561197961920734
76561197961920735
76561197961920740
76561197961920744
76561197961920745
76561197961920746
76561197961920750
76561197961920752
76561197961920757
76561197961920763
76561197961920766
76561197961920769
76561197961920770
76561197961920773
76561197961920775
76561197961920777
76561197961920778
76561197961920783
76561197961920784
76561197961920786
76561197961920787
76561197961920788
76561197961920790
76561197961920794
76561197961920800
76561197961920801
76561197961920802
76561197961920803
76561197961920805
76561197961920806
76561197961920812
76561197961920815
76561197961920818
76561197961920821
76561197961920824
76561197961920826
76561197961920830
76561197961920832
76561197961920835
76561197961920836
76561197961920837
76561197961920838
76561197961920842
76561197961920852
76561197961920855
76561197961920857
76561197961920858
76561197961920860
76561197961920861
76561197961920862
76561197961920863
76561197961920864
76561197961920866
76561197961920869
76561197961920871
76561197961920872
76561197961920874
76561197961920878
76561197961920890
76561197961920893
76561197961920898
76561197961920903
76561197961920908
76561197961920911
76561197961920912
76561197961920914
76561197961920915
76561197961920917
76561197961920922
76561197961920924
76561197961920926
76561197961920930
76561197961920932
76561197961920936
76561197961920938
76561197961920939
76561197961920941
76561197961920943
76561197961920946
76561197961920948
76561197961920952
76561197961920953
76561197961920954
76561197961920955
76561197961920960
76561197961920961
76561197961920962
76561197961920963
76561197961920964
76561197961920967
76561197961920968
76561197961920969
76561197961920974
76561197961920976
76561197961920977
76561197961920986
76561197961920989
76561197961920990
76561197961920991
76561197961920993
76561197961920995
76561197961920996
76561197961920997
76561197961920998
76561197961921000
76561197961921005
76561197961921007
76561197961921008
76561197961921011
76561197961921012
76561197961921016
76561197961921019
76561197961921020
76561197961921022
76561197961921025
76561197961921026
76561197961921036
76561197961921038
76561197961921043
76561197961921048
76561197961921053
76561197961921057
76561197961921060
76561197961921062
76561197961921063
76561197961921065
76561197961921067
76561197961921068
76561197961921069
76561197961921070
76561197961921071
76561197961921072
76561197961921073
76561197961921076
76561197961921077
76561197961921079
76561197961921082
76561197961921083
76561197961921084
76561197961921086
76561197961921087
76561197961921092
76561197961921094
76561197961921096
76561197961921098
76561197961921099
76561197961921104
76561197961921106
76561197961921108
76561197961921112
76561197961921113
76561197961921114
76561197961921116
76561197961921117
76561197961921120
76561197961921123
76561197961921126
76561197961921127
76561197961921129
76561197961921131
76561197961921134
76561197961921136
76561197961921137
76561197961921139
76561197961921140
76561197961921141
76561197961921144
76561197961921147
76561197961921148
76561197961921151
76561197961921152
76561197961921155
76561197961921156
76561197961921157
76561197961921160
76561197961921163
76561197961921165
76561197961921166
76561197961921167
76561197961921169
76561197961921170
76561197961921172
76561197961921174
76561197961921175
76561197961921178
76561197961921184
76561197961921185
76561197961921186
76561197961921188
76561197961921190
76561197961921196
76561197961921197
76561197961921201
76561197961921205
76561197961921206
76561197961921208
76561197961921210
76561197961921211
76561197961921212
76561197961921214
76561197961921215
76561197961921216
76561197961921222
76561197961921228
76561197961921234
76561197961921237
76561197961921239
76561197961921241
76561197961921242
76561197961921245
76561197961921247
76561197961921248
76561197961921249
76561197961921250
76561197961921251
76561197961921252
76561197961921255
76561197961921259
76561197961921260
76561197961921263
76561197961921268
76561197961921269
76561197961921271
76561197961921274
76561197961921277
76561197961921278
76561197961921280
76561197961921282
76561197961921284
76561197961921286
76561197961921289
76561197961921292
76561197961921295
76561197961921296
76561197961921298
76561197961921299
76561197961921300
76561197961921302
76561197961921304
76561197961921305
76561197961921308
76561197961921312
76561197961921313
76561197961921316
76561197961921318
76561197961921319
76561197961921320
76561197961921321
76561197961921322
76561197961921324
76561197961921325
76561197961921326
76561197961921329
76561197961921330
76561197961921332
76561197961921335
76561197961921336
76561197961921340
76561197961921341
76561197961921342
76561197961921347
76561197961921348
76561197961921351
76561197961921352
76561197961921354
76561197961921356
76561197961921357
76561197961921359
76561197961921366
76561197961921367
76561197961921368
76561197961921370
76561197961921371
76561197961921372
76561197961921374
76561197961921376
76561197961921378
76561197961921384
76561197961921385
76561197961921387
76561197961921388
76561197961921390
76561197961921391
76561197961921395
76561197961921398
76561197961921399
76561197961921401
76561197961921404
76561197961921406
76561197961921414
76561197961921415
76561197961921416
76561197961921419
76561197961921420
76561197961921421
76561197961921422
76561197961921423
76561197961921426
76561197961921432
76561197961921435
76561197961921438
76561197961921440
76561197961921442
76561197961921446
76561197961921447
76561197961921453
76561197961921459
76561197961921461
76561197961921462
76561197961921466
76561197961921467
76561197961921468
76561197961921473
76561197961921479
76561197961921480
76561197961921481
76561197961921484
76561197961921490
76561197961921493
76561197961921496
76561197961921504
76561197961921505
76561197961921507
76561197961921508
76561197961921509
76561197961921511
76561197961921513
76561197961921516
76561197961921517
76561197961921521
76561197961921522
76561197961921523
76561197961921526
76561197961921532
76561197961921533
76561197961921535
76561197961921537
76561197961921539
76561197961921540
76561197961921543
76561197961921549
76561197961921550
76561197961921552
76561197961921553
76561197961921556
76561197961921557
76561197961921558
76561197961921560
76561197961921563
76561197961921564
76561197961921565
76561197961921567
76561197961921568
76561197961921572
76561197961921573
76561197961921586
76561197961921588
76561197961921590
76561197961921592
76561197961921594
76561197961921595
76561197961921596
76561197961921597
76561197961921599
76561197961921600
76561197961921601
76561197961921605
76561197961921606
76561197961921607
76561197961921611
76561197961921614
76561197961921616
76561197961921619
76561197961921620
76561197961921625
76561197961921635
76561197961921637
76561197961921640
76561197961921642
76561197961921648
76561197961921649
76561197961921653
76561197961921656
76561197961921658
76561197961921661
76561197961921662
76561197961921663
76561197961921664
76561197961921671
76561197961921673
76561197961921678
76561197961921681
76561197961921683
76561197961921684
76561197961921686
76561197961921688
76561197961921691
76561197961921693
76561197961921694
76561197961921699
76561197961921702
76561197961921704
76561197961921705
76561197961921707
76561197961921718
76561197961921719
76561197961921720
76561197961921722
76561197961921726
76561197961921727
76561197961921728
76561197961921732
76561197961921736
76561197961921739
76561197961921743
76561197961921744
76561197961921746
76561197961921747
76561197961921750
76561197961921752
76561197961921754
76561197961921756
76561197961921761
76561197961921765
76561197961921768
76561197961921772
76561197961921778
76561197961921779
76561197961921780
76561197961921781
76561197961921785
76561197961921790
76561197961921796
76561197961921798
76561197961921800
76561197961921803
76561197961921810
76561197961921811
76561197961921812
76561197961921813
76561197961921814
76561197961921815
76561197961921816
76561197961921817
76561197961921825
76561197961921826
76561197961921827
76561197961921829
76561197961921830
76561197961921832
76561197961921834
76561197961921837
76561197961921838
76561197961921840
76561197961921842
76561197961921843
76561197961921844
76561197961921847
76561197961921848
76561197961921853
76561197961921854
76561197961921859
76561197961921862
76561197961921871
76561197961921872
76561197961921876
76561197961921878
76561197961921879
76561197961921881
76561197961921883
76561197961921885
76561197961921889
76561197961921890
76561197961921891
76561197961921892
76561197961921893
76561197961921896
76561197961921898
76561197961921899
76561197961921906
76561197961921915
76561197961921918
76561197961921919
76561197961921922
76561197961921925
76561197961921927
76561197961921928
76561197961921930
76561197961921932
76561197961921934
76561197961921937
76561197961921940
76561197961921943
76561197961921944
76561197961921945
76561197961921946
76561197961921948
76561197961921951
76561197961921954
76561197961921956
76561197961921960
76561197961921962
76561197961921969
76561197961921974
76561197961921975
76561197961921976
76561197961921977
76561197961921980
76561197961921981
76561197961921983
76561197961921986
76561197961921988
76561197961921989
76561197961921990
76561197961921993
76561197961921994
76561197961921997
76561197961921999
76561197961922000
76561197961922002
76561197961922004
76561197961922006
76561197961922010
76561197961922012
76561197961922014
76561197961922017
76561197961922019
76561197961922020
76561197961922021
76561197961922022
76561197961922024
76561197961922026
76561197961922028
76561197961922029
76561197961922034
76561197961922040
76561197961922042
76561197961922043
76561197961922047
76561197961922048
76561197961922053
76561197961922058
76561197961922060
76561197961922063
76561197961922066
76561197961922069
76561197961922070
76561197961922071
76561197961922072
76561197961922076
76561197961922078
76561197961922081
76561197961922085
76561197961922087
76561197961922089
76561197961922091
76561197961922092
76561197961922094
76561197961922095
76561197961922096
76561197961922098
76561197961922099
76561197961922100
76561197961922104
76561197961922106
76561197961922107
76561197961922108
76561197961922110
76561197961922111
76561197961922112
76561197961922114
76561197961922116
76561197961922119
76561197961922120
76561197961922121
76561197961922122
76561197961922123
76561197961922127
76561197961922130
76561197961922132
76561197961922133
76561197961922134
76561197961922135
76561197961922136
76561197961922138
76561197961922139
76561197961922140
76561197961922145
76561197961922146
76561197961922149
76561197961922150
76561197961922151
76561197961922153
76561197961922154
76561197961922155
76561197961922156
76561197961922157
76561197961922158
76561197961922163
76561197961922168
76561197961922169
76561197961922170
76561197961922172
