76561197960497476
76561197960497477
76561197960497478
76561197960497479
76561197960497480
76561197960497481
76561197960497483
76561197960497485
76561197960497486
76561197960497487
76561197960497488
76561197960497490
76561197960497492
76561197960497494
76561197960497495
76561197960497496
76561197960497497
76561197960497498
76561197960497499
76561197960497500
76561197960497501
76561197960497502
76561197960497503
76561197960497505
76561197960497506
76561197960497507
76561197960497511
76561197960497512
76561197960497513
76561197960497514
76561197960497515
76561197960497516
76561197960497517
76561197960497518
76561197960497520
76561197960497521
76561197960497523
76561197960497524
76561197960497525
76561197960497528
76561197960497529
76561197960497530
76561197960497535
76561197960497536
76561197960497537
76561197960497538
76561197960497539
76561197960497540
76561197960497541
76561197960497542
76561197960497543
76561197960497545
76561197960497546
76561197960497548
76561197960497549
76561197960497550
76561197960497553
76561197960497554
76561197960497555
76561197960497556
76561197960497557
76561197960497558
76561197960497559
76561197960497561
76561197960497562
76561197960497563
76561197960497564
76561197960497565
76561197960497566
76561197960497567
76561197960497568
76561197960497570
76561197960497571
76561197960497572
76561197960497575
76561197960497576
76561197960497577
76561197960497578
76561197960497579
76561197960497580
76561197960497581
76561197960497583
76561197960497584
76561197960497585
76561197960497587
76561197960497588
76561197960497589
76561197960497590
76561197960497592
76561197960497593
76561197960497597
76561197960497598
76561197960497599
76561197960497600
76561197960497601
76561197960497602
76561197960497603
76561197960497604
76561197960497605
76561197960497608
76561197960497609
76561197960497610
76561197960497612
76561197960497613
76561197960497614
76561197960497615
76561197960497617
76561197960497618
76561197960497619
76561197960497620
76561197960497621
76561197960497622
76561197960497623
76561197960497624
76561197960497627
76561197960497630
76561197960497632
76561197960497633
76561197960497634
76561197960497635
76561197960497637
76561197960497638
76561197960497640
76561197960497641
76561197960497642
76561197960497645
76561197960497646
76561197960497649
76561197960497650
76561197960497651
76561197960497654
76561197960497655
76561197960497656
76561197960497657
76561197960497658
76561197960497660
76561197960497661
76561197960497662
76561197960497664
76561197960497665
76561197960497666
76561197960497667
76561197960497668
76561197960497671
76561197960497672
76561197960497673
76561197960497674
76561197960497677
76561197960497678
76561197960497679
76561197960497680
76561197960497681
76561197960497682
76561197960497683
76561197960497684
76561197960497685
76561197960497686
76561197960497690
76561197960497692
76561197960497693
76561197960497695
76561197960497696
76561197960497697
76561197960497700
76561197960497702
76561197960497703
76561197960497704
76561197960497705
76561197960497706
76561197960497707
76561197960497708
76561197960497709
76561197960497712
76561197960497713
76561197960497714
76561197960497715
76561197960497716
76561197960497717
76561197960497718
76561197960497719
76561197960497721
76561197960497722
76561197960497724
76561197960497725
76561197960497726
76561197960497728
76561197960497729
76561197960497730
76561197960497731
76561197960497733
76561197960497734
76561197960497735
76561197960497736
76561197960497738
76561197960497739
76561197960497740
76561197960497741
76561197960497747
76561197960497748
76561197960497749
76561197960497752
76561197960497753
76561197960497754
76561197960497756
76561197960497759
76561197960497761
76561197960497762
76561197960497763
76561197960497764
76561197960497765
76561197960497766
76561197960497767
76561197960497768
76561197960497770
76561197960497771
76561197960497772
76561197960497773
76561197960497776
76561197960497778
76561197960497779
76561197960497781
76561197960497782
76561197960497783
76561197960497784
76561197960497786
76561197960497787
76561197960497788
76561197960497789
76561197960497790
76561197960497792
76561197960497793
76561197960497796
76561197960497797
76561197960497799
76561197960497801
76561197960497802
76561197960497803
76561197960497807
76561197960497808
76561197960497810
76561197960497811
76561197960497812
76561197960497813
76561197960497814
76561197960497816
76561197960497817
76561197960497818
76561197960497819
76561197960497820
76561197960497821
76561197960497823
76561197960497824
76561197960497825
76561197960497826
76561197960497827
76561197960497830
76561197960497832
76561197960497833
76561197960497834
76561197960497835
76561197960497836
76561197960497837
76561197960497838
76561197960497839
76561197960497840
76561197960497841
76561197960497842
76561197960497843
76561197960497844
76561197960497845
76561197960497846
76561197960497847
76561197960497848
76561197960497849
76561197960497850
76561197960497852
76561197960497853
76561197960497854
76561197960497856
76561197960497858
76561197960497859
76561197960497860
76561197960497862
76561197960497863
76561197960497864
76561197960497866
76561197960497867
76561197960497868
76561197960497873
76561197960497874
76561197960497875
76561197960497876
76561197960497878
76561197960497879
76561197960497880
76561197960497882
76561197960497883
76561197960497885
76561197960497887
76561197960497888
76561197960497889
76561197960497890
76561197960497892
76561197960497893
76561197960497895
76561197960497896
76561197960497897
76561197960497898
76561197960497899
76561197960497900
76561197960497901
76561197960497902
76561197960497903
76561197960497904
76561197960497905
76561197960497906
76561197960497908
76561197960497909
76561197960497910
76561197960497913
76561197960497914
76561197960497916
76561197960497919
76561197960497923
76561197960497924
76561197960497932
76561197960497953
76561197960497956
76561197960497983
76561197960497999
76561197960498009
76561197960498024
76561197960498042
76561197960498085
76561197960498102
76561197960498143
76561197960498149
76561197960498162
76561197960498163
76561197960498164
76561197960498165
76561197960498169
76561197960498170
76561197960498171
76561197960498173
76561197960498174
76561197960498175
76561197960498176
76561197960498177
76561197960498178
76561197960498179
76561197960498180
76561197960498181
76561197960498182
76561197960498183
76561197960498184
76561197960498185
76561197960498187
76561197960498188
76561197960498189
76561197960498190
76561197960498191
76561197960498192
76561197960498193
76561197960498194
76561197960498195
76561197960498196
76561197960498197
76561197960498198
76561197960498200
76561197960498201
76561197960498202
76561197960498205
76561197960498206
76561197960498208
76561197960498209
76561197960498210
76561197960498211
76561197960498212
76561197960498213
76561197960498214
76561197960498216
76561197960498217
76561197960498218
76561197960498219
76561197960498220
76561197960498222
76561197960498224
76561197960498225
76561197960498227
76561197960498228
76561197960498229
76561197960498230
76561197960498231
76561197960498232
76561197960498233
76561197960498234
76561197960498238
76561197960498239
76561197960498240
76561197960498241
76561197960498243
76561197960498244
76561197960498245
76561197960498246
76561197960498247
76561197960498248
76561197960498249
76561197960498250
76561197960498251
76561197960498252
76561197960498254
76561197960498255
76561197960498256
76561197960498257
76561197960498258
76561197960498259
76561197960498260
76561197960498261
76561197960498262
76561197960498263
76561197960498265
76561197960498266
76561197960498267
76561197960498269
76561197960498270
76561197960498271
76561197960498274
76561197960498276
76561197960498277
76561197960498279
76561197960498280
76561197960498282
76561197960498284
76561197960498285
76561197960498288
76561197960498289
76561197960498291
76561197960498293
76561197960498294
76561197960498295
76561197960498296
76561197960498297
76561197960498298
76561197960498299
76561197960498301
76561197960498302
76561197960498303
76561197960498304
76561197960498305
76561197960498306
76561197960498307
76561197960498309
76561197960498310
76561197960498313
76561197960498314
76561197960498315
76561197960498316
76561197960498317
76561197960498318
76561197960498319
76561197960498320
76561197960498321
76561197960498324
76561197960498325
76561197960498327
76561197960498328
76561197960498329
76561197960498330
76561197960498331
76561197960498332
76561197960498333
76561197960498334
76561197960498335
76561197960498336
76561197960498338
76561197960498339
76561197960498341
76561197960498343
76561197960498344
76561197960498345
76561197960498346
76561197960498347
76561197960498350
76561197960498354
76561197960498355
76561197960498356
76561197960498357
76561197960498358
76561197960498359
76561197960498360
76561197960498361
76561197960498362
76561197960498363
76561197960498364
76561197960498365
76561197960498367
76561197960498368
76561197960498369
76561197960498370
76561197960498371
76561197960498374
76561197960498377
76561197960498378
76561197960498379
76561197960498381
76561197960498382
76561197960498383
76561197960498385
76561197960498386
76561197960498387
76561197960498389
76561197960498390
76561197960498391
76561197960498394
76561197960498395
76561197960498396
76561197960498397
76561197960498398
76561197960498400
76561197960498401
76561197960498402
76561197960498403
76561197960498407
76561197960498408
76561197960498410
76561197960498411
76561197960498412
76561197960498415
76561197960498416
76561197960498418
76561197960498419
76561197960498420
76561197960498421
76561197960498422
76561197960498423
76561197960498424
76561197960498425
76561197960498426
76561197960498427
76561197960498429
76561197960498430
76561197960498432
76561197960498433
76561197960498434
76561197960498435
76561197960498436
76561197960498439
76561197960498441
76561197960498442
76561197960498443
76561197960498444
76561197960498445
76561197960498446
76561197960498447
76561197960498448
76561197960498452
76561197960498453
76561197960498454
76561197960498455
76561197960498456
76561197960498458
76561197960498459
76561197960498460
76561197960498462
76561197960498464
76561197960498465
76561197960498467
76561197960498468
76561197960498469
76561197960498471
76561197960498472
76561197960498473
76561197960498475
76561197960498477
76561197960498478
76561197960498480
76561197960498481
76561197960498482
76561197960498483
76561197960498484
76561197960498486
76561197960498487
76561197960498490
76561197960498491
76561197960498494
76561197960498495
76561197960498496
76561197960498497
76561197960498499
76561197960498500
76561197960498501
76561197960498503
76561197960498504
76561197960498507
76561197960498508
76561197960498510
76561197960498511
76561197960498512
76561197960498513
76561197960498514
76561197960498515
76561197960498516
76561197960498518
76561197960498520
76561197960498521
76561197960498523
76561197960498524
76561197960498527
76561197960498528
76561197960498529
76561197960498531
76561197960498533
76561197960498534
76561197960498535
76561197960498537
76561197960498539
76561197960498541
76561197960498544
76561197960498545
76561197960498548
76561197960498549
76561197960498551
76561197960498552
76561197960498553
76561197960498555
76561197960498557
76561197960498559
76561197960498560
76561197960498561
76561197960498562
76561197960498563
76561197960498565
76561197960498566
76561197960498567
76561197960498569
76561197960498571
76561197960498573
76561197960498575
76561197960498576
76561197960498578
76561197960498579
76561197960498580
76561197960498581
76561197960498583
76561197960498584
76561197960498585
76561197960498586
76561197960498587
76561197960498588
76561197960498589
76561197960498591
76561197960498592
76561197960498593
76561197960498594
76561197960498595
76561197960498596
76561197960498597
76561197960498599
76561197960498601
76561197960498602
76561197960498603
76561197960498605
76561197960498606
76561197960498608
76561197960498609
76561197960498610
76561197960498611
76561197960498613
76561197960498615
76561197960498616
76561197960498617
76561197960498618
76561197960498619
76561197960498621
76561197960498623
76561197960498624
76561197960498625
76561197960498626
76561197960498627
76561197960498631
76561197960498632
76561197960498633
76561197960498635
76561197960498637
76561197960498638
76561197960498639
76561197960498640
76561197960498641
76561197960498643
76561197960498644
76561197960498645
76561197960498646
76561197960498647
76561197960498648
76561197960498649
76561197960498650
76561197960498651
76561197960498653
76561197960498654
76561197960498655
76561197960498656
76561197960498657
76561197960498658
76561197960498659
76561197960498661
76561197960498662
76561197960498664
76561197960498665
76561197960498666
76561197960498667
76561197960498668
76561197960498669
76561197960498673
76561197960498674
76561197960498675
76561197960498676
76561197960498678
76561197960498679
76561197960498680
76561197960498682
76561197960498683
76561197960498685
76561197960498686
76561197960498688
76561197960498691
76561197960498694
76561197960498695
76561197960498696
76561197960498698
76561197960498699
76561197960498701
76561197960498702
76561197960498703
76561197960498704
76561197960498705
76561197960498707
76561197960498708
76561197960498709
76561197960498710
76561197960498711
76561197960498712
76561197960498714
76561197960498716
76561197960498717
76561197960498718
76561197960498719
76561197960498720
76561197960498721
76561197960498722
76561197960498724
76561197960498725
76561197960498726
76561197960498727
76561197960498730
76561197960498731
76561197960498732
76561197960498733
76561197960498734
76561197960498735
76561197960498738
76561197960498739
76561197960498741
76561197960498742
76561197960498743
76561197960498744
76561197960498746
76561197960498748
76561197960498749
76561197960498751
76561197960498752
76561197960498753
76561197960498755
76561197960498756
76561197960498757
76561197960498758
76561197960498759
76561197960498760
76561197960498761
76561197960498764
76561197960498765
76561197960498766
76561197960498769
76561197960498772
76561197960498775
76561197960498776
76561197960498777
76561197960498779
76561197960498781
76561197960498782
76561197960498783
76561197960498785
76561197960498788
76561197960498789
76561197960498790
76561197960498791
76561197960498792
76561197960498794
76561197960498797
76561197960498800
76561197960498802
76561197960498806
76561197960498807
76561197960498808
76561197960498809
76561197960498810
76561197960498813
76561197960498815
76561197960498816
76561197960498817
76561197960498818
76561197960498820
76561197960498821
76561197960498822
76561197960498824
76561197960498826
76561197960498827
76561197960498828
76561197960498829
76561197960498830
76561197960498832
76561197960498833
76561197960498834
76561197960498837
76561197960498838
76561197960498839
76561197960498840
76561197960498841
76561197960498843
76561197960498844
76561197960498845
76561197960498846
76561197960498847
76561197960498849
76561197960498850
76561197960498852
76561197960498853
76561197960498854
76561197960498857
76561197960498858
76561197960498859
76561197960498860
76561197960498861
76561197960498862
76561197960498863
76561197960498864
76561197960498865
76561197960498867
76561197960498869
76561197960498870
76561197960498871
76561197960498872
76561197960498873
76561197960498874
76561197960498875
76561197960498876
76561197960498877
76561197960498878
76561197960498879
76561197960498880
76561197960498882
76561197960498884
76561197960498886
76561197960498888
76561197960498889
76561197960498890
76561197960498891
76561197960498894
76561197960498895
76561197960498896
76561197960498898
76561197960498899
76561197960498900
76561197960498902
76561197960498905
76561197960498906
76561197960498908
76561197960498911
76561197960498913
76561197960498914
76561197960498917
76561197960498918
76561197960498919
76561197960498920
76561197960498922
76561197960498923
76561197960498924
76561197960498925
76561197960498926
76561197960498927
76561197960498928
76561197960498929
76561197960498930
76561197960498931
76561197960498932
76561197960498935
76561197960498936
76561197960498937
76561197960498938
76561197960498939
76561197960498940
76561197960498941
76561197960498942
76561197960498943
76561197960498945
76561197960498947
76561197960498954
76561197960498955
76561197960498957
76561197960498958
76561197960498959
76561197960498960
76561197960498961
76561197960498962
76561197960498963
76561197960498964
76561197960498965
76561197960498966
76561197960498967
76561197960498968
76561197960498969
76561197960498970
76561197960498971
76561197960498973
76561197960498974
76561197960498975
76561197960498976
76561197960498977
76561197960498978
76561197960498980
76561197960498981
76561197960498985
76561197960498987
76561197960498988
76561197960498989
76561197960498991
76561197960498993
76561197960498996
76561197960498997
76561197960499001
76561197960499002
76561197960499003
76561197960499004
76561197960499006
76561197960499007
76561197960499008
76561197960499009
76561197960499010
76561197960499011
76561197960499012
76561197960499013
76561197960499014
76561197960499015
76561197960499016
76561197960499017
76561197960499018
76561197960499020
76561197960499023
76561197960499025
76561197960499026
76561197960499027
76561197960499028
76561197960499029
76561197960499030
76561197960499032
76561197960499035
76561197960499037
76561197960499039
76561197960499040
76561197960499041
76561197960499043
76561197960499044
76561197960499045
76561197960499046
76561197960499048
76561197960499049
76561197960499050
76561197960499051
76561197960499053
76561197960499055
76561197960499056
76561197960499057
76561197960499058
76561197960499059
76561197960499061
76561197960499063
76561197960499065
76561197960499066
76561197960499067
76561197960499068
76561197960499070
76561197960499071
76561197960499072
76561197960499073
76561197960499074
76561197960499075
76561197960499078
76561197960499082
76561197960499085
76561197960499086
