76561197961539782
76561197961539783
76561197961539784
76561197961539787
76561197961539788
76561197961539789
76561197961539790
76561197961539794
76561197961539795
76561197961539796
76561197961539800
76561197961539801
76561197961539802
76561197961539803
76561197961539804
76561197961539805
76561197961539806
76561197961539807
76561197961539809
76561197961539810
76561197961539811
76561197961539813
76561197961539814
76561197961539815
76561197961539817
76561197961539818
76561197961539819
76561197961539822
76561197961539824
76561197961539825
76561197961539826
76561197961539827
76561197961539828
76561197961539829
76561197961539831
76561197961539834
76561197961539841
76561197961539842
76561197961539844
76561197961539845
76561197961539846
76561197961539847
76561197961539850
76561197961539852
76561197961539855
76561197961539856
76561197961539857
76561197961539858
76561197961539859
76561197961539860
76561197961539861
76561197961539862
76561197961539866
76561197961539867
76561197961539868
76561197961539869
76561197961539870
76561197961539871
76561197961539874
76561197961539877
76561197961539878
76561197961539879
76561197961539882
76561197961539883
76561197961539884
76561197961539885
76561197961539886
76561197961539887
76561197961539889
76561197961539890
76561197961539891
76561197961539892
76561197961539894
76561197961539895
76561197961539897
76561197961539898
76561197961539901
76561197961539903
76561197961539904
76561197961539906
76561197961539907
76561197961539908
76561197961539910
76561197961539912
76561197961539915
76561197961539917
76561197961539918
76561197961539920
76561197961539924
76561197961539925
76561197961539926
76561197961539927
76561197961539929
76561197961539935
76561197961539940
76561197961539941
76561197961539942
76561197961539943
76561197961539946
76561197961539947
76561197961539948
76561197961539949
76561197961539951
76561197961539952
76561197961539953
76561197961539954
76561197961539955
76561197961539956
76561197961539958
76561197961539961
76561197961539962
76561197961539963
76561197961539964
76561197961539966
76561197961539969
76561197961539971
76561197961539973
76561197961539978
76561197961539981
76561197961539982
76561197961539985
76561197961539987
76561197961539988
76561197961539989
76561197961539990
76561197961539993
76561197961539996
76561197961539998
76561197961539999
76561197961540000
76561197961540002
76561197961540006
76561197961540007
76561197961540015
76561197961540016
76561197961540018
76561197961540025
76561197961540027
76561197961540028
76561197961540029
76561197961540031
76561197961540033
76561197961540035
76561197961540036
76561197961540041
76561197961540043
76561197961540048
76561197961540049
76561197961540050
76561197961540052
76561197961540055
76561197961540059
76561197961540060
76561197961540062
76561197961540064
76561197961540065
76561197961540067
76561197961540068
76561197961540069
76561197961540071
76561197961540073
76561197961540077
76561197961540079
76561197961540081
76561197961540083
76561197961540084
76561197961540086
76561197961540089
76561197961540090
76561197961540093
76561197961540094
76561197961540096
76561197961540097
76561197961540101
76561197961540102
76561197961540108
76561197961540112
76561197961540114
76561197961540117
76561197961540119
76561197961540126
76561197961540128
76561197961540130
76561197961540132
76561197961540133
76561197961540134
76561197961540136
76561197961540143
76561197961540144
76561197961540145
76561197961540149
76561197961540151
76561197961540158
76561197961540159
76561197961540160
76561197961540161
76561197961540163
76561197961540165
76561197961540166
76561197961540167
76561197961540168
76561197961540170
76561197961540172
76561197961540175
76561197961540176
76561197961540178
76561197961540182
76561197961540184
76561197961540185
76561197961540188
76561197961540189
76561197961540190
76561197961540191
76561197961540194
76561197961540195
76561197961540197
76561197961540201
76561197961540202
76561197961540206
76561197961540208
76561197961540210
76561197961540213
76561197961540216
76561197961540217
76561197961540218
76561197961540219
76561197961540222
76561197961540225
76561197961540226
76561197961540227
76561197961540228
76561197961540230
76561197961540231
76561197961540233
76561197961540234
76561197961540236
76561197961540237
76561197961540239
76561197961540242
76561197961540243
76561197961540244
76561197961540248
76561197961540251
76561197961540252
76561197961540253
76561197961540254
76561197961540257
76561197961540258
76561197961540259
76561197961540263
76561197961540265
76561197961540268
76561197961540270
76561197961540272
76561197961540274
76561197961540275
76561197961540276
76561197961540277
76561197961540278
76561197961540279
76561197961540280
76561197961540281
76561197961540284
76561197961540286
76561197961540294
76561197961540295
76561197961540297
76561197961540302
76561197961540304
76561197961540305
76561197961540306
76561197961540310
76561197961540311
76561197961540320
76561197961540322
76561197961540327
76561197961540331
76561197961540332
76561197961540334
76561197961540335
76561197961540337
76561197961540340
76561197961540342
76561197961540348
76561197961540349
76561197961540351
76561197961540352
76561197961540353
76561197961540354
76561197961540357
76561197961540358
76561197961540360
76561197961540363
76561197961540365
76561197961540367
76561197961540368
76561197961540369
76561197961540370
76561197961540371
76561197961540374
76561197961540377
76561197961540381
76561197961540384
76561197961540385
76561197961540386
76561197961540387
76561197961540388
76561197961540389
76561197961540391
76561197961540392
76561197961540395
76561197961540396
76561197961540398
76561197961540400
76561197961540401
76561197961540402
76561197961540405
76561197961540408
76561197961540409
76561197961540413
76561197961540414
76561197961540416
76561197961540417
76561197961540421
76561197961540422
76561197961540425
76561197961540428
76561197961540429
76561197961540430
76561197961540431
76561197961540433
76561197961540434
76561197961540436
76561197961540439
76561197961540440
76561197961540441
76561197961540445
76561197961540446
76561197961540447
76561197961540449
76561197961540450
76561197961540454
76561197961540458
76561197961540461
76561197961540465
76561197961540466
76561197961540467
76561197961540468
76561197961540469
76561197961540470
76561197961540472
76561197961540473
76561197961540474
76561197961540475
76561197961540477
76561197961540478
76561197961540479
76561197961540481
76561197961540482
76561197961540484
76561197961540487
76561197961540490
76561197961540491
76561197961540492
76561197961540494
76561197961540495
76561197961540499
76561197961540500
76561197961540501
76561197961540504
76561197961540507
76561197961540509
76561197961540510
76561197961540514
76561197961540516
76561197961540517
76561197961540518
76561197961540521
76561197961540522
76561197961540523
76561197961540526
76561197961540529
76561197961540532
76561197961540534
76561197961540537
76561197961540538
76561197961540539
76561197961540542
76561197961540543
76561197961540545
76561197961540553
76561197961540555
76561197961540556
76561197961540559
76561197961540560
76561197961540561
76561197961540565
76561197961540566
76561197961540568
76561197961540569
76561197961540570
76561197961540571
76561197961540573
76561197961540575
76561197961540576
76561197961540578
76561197961540582
76561197961540583
76561197961540585
76561197961540587
76561197961540590
76561197961540592
76561197961540594
76561197961540595
76561197961540596
76561197961540597
76561197961540599
76561197961540600
76561197961540604
76561197961540606
76561197961540607
76561197961540608
76561197961540609
76561197961540610
76561197961540611
76561197961540613
76561197961540616
76561197961540619
76561197961540620
76561197961540621
76561197961540627
76561197961540628
76561197961540630
76561197961540631
76561197961540634
76561197961540635
76561197961540639
76561197961540640
76561197961540642
76561197961540643
76561197961540645
76561197961540646
76561197961540648
76561197961540651
76561197961540652
76561197961540655
76561197961540658
76561197961540662
76561197961540666
76561197961540667
76561197961540668
76561197961540670
76561197961540672
76561197961540673
76561197961540674
76561197961540676
76561197961540680
76561197961540683
76561197961540686
76561197961540687
76561197961540693
76561197961540694
76561197961540695
76561197961540696
76561197961540697
76561197961540699
76561197961540700
76561197961540701
76561197961540703
76561197961540709
76561197961540710
76561197961540713
76561197961540714
76561197961540772
76561197961540775
76561197961540789
76561197961540795
76561197961540811
76561197961540901
76561197961540919
76561197961540951
76561197961540978
76561197961541041
76561197961541045
76561197961541049
76561197961541051
76561197961541053
76561197961541055
76561197961541060
76561197961541061
76561197961541062
76561197961541064
76561197961541065
76561197961541068
76561197961541069
76561197961541070
76561197961541074
76561197961541076
76561197961541079
76561197961541080
76561197961541082
76561197961541083
76561197961541086
76561197961541089
76561197961541090
76561197961541091
76561197961541092
76561197961541094
76561197961541095
76561197961541096
76561197961541097
76561197961541098
76561197961541099
76561197961541100
76561197961541101
76561197961541102
76561197961541103
76561197961541104
76561197961541107
76561197961541109
76561197961541110
76561197961541115
76561197961541120
76561197961541124
76561197961541125
76561197961541127
76561197961541128
76561197961541137
76561197961541139
76561197961541140
76561197961541142
76561197961541143
76561197961541144
76561197961541145
76561197961541150
76561197961541155
76561197961541157
76561197961541158
76561197961541160
76561197961541161
76561197961541163
76561197961541166
76561197961541170
76561197961541173
76561197961541174
76561197961541175
76561197961541180
76561197961541181
76561197961541182
76561197961541185
76561197961541188
76561197961541189
76561197961541190
76561197961541192
76561197961541193
76561197961541194
76561197961541197
76561197961541199
76561197961541200
76561197961541202
76561197961541204
76561197961541207
76561197961541209
76561197961541210
76561197961541213
76561197961541214
76561197961541215
76561197961541216
76561197961541217
76561197961541218
76561197961541220
76561197961541222
76561197961541224
76561197961541227
76561197961541229
76561197961541230
76561197961541232
76561197961541233
76561197961541236
76561197961541240
76561197961541241
76561197961541242
76561197961541243
76561197961541244
76561197961541248
76561197961541252
76561197961541255
76561197961541257
76561197961541258
76561197961541260
76561197961541261
76561197961541263
76561197961541265
76561197961541269
76561197961541271
76561197961541272
76561197961541273
76561197961541274
76561197961541277
76561197961541279
76561197961541280
76561197961541282
76561197961541283
76561197961541284
76561197961541287
76561197961541288
76561197961541289
76561197961541292
76561197961541299
76561197961541308
76561197961541310
76561197961541312
76561197961541314
76561197961541315
76561197961541316
76561197961541318
76561197961541319
76561197961541321
76561197961541322
76561197961541327
76561197961541328
76561197961541331
76561197961541335
76561197961541337
76561197961541338
76561197961541339
76561197961541340
76561197961541343
76561197961541344
76561197961541348
76561197961541354
76561197961541358
76561197961541359
76561197961541362
76561197961541365
76561197961541368
76561197961541369
76561197961541370
76561197961541371
76561197961541372
76561197961541373
76561197961541376
76561197961541377
76561197961541378
76561197961541382
76561197961541383
76561197961541385
76561197961541387
76561197961541388
76561197961541389
76561197961541390
76561197961541391
76561197961541393
76561197961541395
76561197961541396
76561197961541397
76561197961541399
76561197961541400
76561197961541401
76561197961541403
76561197961541404
76561197961541405
76561197961541409
76561197961541411
76561197961541413
76561197961541414
76561197961541415
76561197961541416
76561197961541418
76561197961541419
76561197961541424
76561197961541429
76561197961541431
76561197961541432
76561197961541435
76561197961541436
76561197961541440
76561197961541442
76561197961541443
76561197961541445
76561197961541447
76561197961541451
76561197961541452
76561197961541456
76561197961541465
76561197961541466
76561197961541468
76561197961541470
76561197961541472
76561197961541474
76561197961541475
76561197961541477
76561197961541478
76561197961541480
76561197961541484
76561197961541485
76561197961541487
76561197961541488
76561197961541489
76561197961541490
76561197961541493
76561197961541496
76561197961541497
76561197961541498
76561197961541499
76561197961541501
76561197961541507
76561197961541512
76561197961541513
76561197961541514
76561197961541515
76561197961541519
76561197961541520
76561197961541521
76561197961541522
76561197961541524
76561197961541526
76561197961541527
76561197961541528
76561197961541531
76561197961541532
76561197961541536
76561197961541540
76561197961541542
76561197961541544
76561197961541546
76561197961541547
76561197961541548
76561197961541550
76561197961541552
76561197961541557
76561197961541558
76561197961541559
76561197961541560
76561197961541561
76561197961541563
76561197961541564
76561197961541565
76561197961541569
76561197961541570
76561197961541571
76561197961541572
76561197961541573
76561197961541577
76561197961541578
76561197961541579
76561197961541581
76561197961541585
76561197961541586
76561197961541589
76561197961541590
76561197961541592
76561197961541593
76561197961541594
76561197961541595
76561197961541596
76561197961541600
76561197961541605
76561197961541607
76561197961541609
76561197961541610
76561197961541617
76561197961541619
76561197961541621
76561197961541627
76561197961541628
76561197961541629
76561197961541630
76561197961541631
76561197961541634
76561197961541635
76561197961541636
76561197961541637
76561197961541639
76561197961541641
76561197961541643
76561197961541644
76561197961541646
76561197961541653
76561197961541654
76561197961541655
76561197961541656
76561197961541657
76561197961541662
76561197961541664
76561197961541666
76561197961541667
76561197961541669
76561197961541671
76561197961541674
76561197961541676
76561197961541678
76561197961541685
76561197961541686
76561197961541687
76561197961541689
76561197961541691
76561197961541694
76561197961541696
76561197961541698
76561197961541700
76561197961541702
76561197961541704
76561197961541706
76561197961541709
76561197961541711
76561197961541712
76561197961541713
76561197961541715
76561197961541716
76561197961541717
76561197961541719
76561197961541721
76561197961541727
76561197961541730
76561197961541735
76561197961541736
76561197961541738
76561197961541740
76561197961541745
76561197961541747
76561197961541753
76561197961541754
76561197961541756
76561197961541762
76561197961541766
76561197961541768
76561197961541771
76561197961541773
76561197961541778
76561197961541779
76561197961541780
76561197961541786
76561197961541787
76561197961541788
76561197961541789
76561197961541790
76561197961541791
76561197961541796
76561197961541801
76561197961541803
76561197961541805
76561197961541812
76561197961541813
76561197961541814
76561197961541817
76561197961541818
76561197961541820
76561197961541823
76561197961541824
76561197961541826
76561197961541829
76561197961541832
76561197961541833
76561197961541835
76561197961541838
76561197961541839
76561197961541841
76561197961541843
76561197961541844
76561197961541846
76561197961541849
76561197961541850
76561197961541852
76561197961541857
76561197961541861
76561197961541865
76561197961541870
76561197961541873
76561197961541875
76561197961541876
76561197961541878
76561197961541880
76561197961541882
76561197961541883
76561197961541886
76561197961541889
76561197961541890
76561197961541891
76561197961541892
76561197961541896
76561197961541898
76561197961541901
76561197961541902
76561197961541907
76561197961541909
76561197961541910
76561197961541912
76561197961541913
76561197961541919
76561197961541920
76561197961541922
76561197961541924
76561197961541925
76561197961541926
76561197961541927
76561197961541928
76561197961541929
76561197961541930
76561197961541931
76561197961541934
76561197961541936
76561197961541941
76561197961541943
76561197961541947
76561197961541949
76561197961541950
76561197961541951
76561197961541953
76561197961541954
76561197961541955
76561197961541958
76561197961541961
76561197961541963
76561197961541966
76561197961541968
76561197961541969
76561197961541970
76561197961541971
76561197961541972
76561197961541973
76561197961541974
76561197961541975
76561197961541977
76561197961541979
76561197961541981
76561197961541983
76561197961541987
76561197961541989
76561197961541990
76561197961541991
76561197961541992
76561197961541994
76561197961541995
76561197961541996
76561197961541997
76561197961541998
76561197961542003
76561197961542005
76561197961542006
76561197961542010
76561197961542013
76561197961542015
76561197961542017
76561197961542018
76561197961542019
76561197961542020
76561197961542021
76561197961542022
76561197961542025
76561197961542027
76561197961542031
76561197961542032
76561197961542036
76561197961542039
76561197961542041
76561197961542042
76561197961542043
76561197961542044
76561197961542046
76561197961542048
76561197961542050
76561197961542051
76561197961542052
76561197961542057
76561197961542059
76561197961542061
76561197961542064
76561197961542065
76561197961542066
76561197961542067
76561197961542071
76561197961542075
76561197961542077
76561197961542080
76561197961542082
76561197961542084
76561197961542089
76561197961542093
76561197961542094
76561197961542096
76561197961542097
76561197961542099
76561197961542101
76561197961542109
76561197961542111
76561197961542112
76561197961542114
76561197961542115
76561197961542116
76561197961542118
76561197961542120
76561197961542125
76561197961542127
76561197961542128
76561197961542132
76561197961542133
76561197961542134
76561197961542135
76561197961542136
