76561197961327049
76561197961327051
76561197961327052
76561197961327054
76561197961327056
76561197961327058
76561197961327062
76561197961327063
76561197961327065
76561197961327066
76561197961327067
76561197961327070
76561197961327072
76561197961327073
76561197961327075
76561197961327077
76561197961327079
76561197961327081
76561197961327083
76561197961327084
76561197961327085
76561197961327087
76561197961327088
76561197961327089
76561197961327092
76561197961327093
76561197961327095
76561197961327097
76561197961327100
76561197961327102
76561197961327103
76561197961327104
76561197961327108
76561197961327109
76561197961327114
76561197961327115
76561197961327116
76561197961327119
76561197961327120
76561197961327121
76561197961327122
76561197961327123
76561197961327124
76561197961327125
76561197961327129
76561197961327135
76561197961327137
76561197961327138
76561197961327139
76561197961327142
76561197961327146
76561197961327147
76561197961327148
76561197961327149
76561197961327152
76561197961327154
76561197961327161
76561197961327162
76561197961327163
76561197961327164
76561197961327167
76561197961327168
76561197961327169
76561197961327170
76561197961327171
76561197961327174
76561197961327176
76561197961327177
76561197961327178
76561197961327179
76561197961327180
76561197961327186
76561197961327187
76561197961327188
76561197961327189
76561197961327190
76561197961327191
76561197961327192
76561197961327193
76561197961327194
76561197961327196
76561197961327200
76561197961327201
76561197961327203
76561197961327204
76561197961327205
76561197961327206
76561197961327210
76561197961327215
76561197961327216
76561197961327218
76561197961327219
76561197961327220
76561197961327223
76561197961327225
76561197961327226
76561197961327238
76561197961327239
76561197961327240
76561197961327241
76561197961327242
76561197961327247
76561197961327251
76561197961327258
76561197961327260
76561197961327261
76561197961327262
76561197961327264
76561197961327267
76561197961327269
76561197961327271
76561197961327273
76561197961327274
76561197961327277
76561197961327278
76561197961327279
76561197961327280
76561197961327282
76561197961327283
76561197961327284
76561197961327291
76561197961327292
76561197961327293
76561197961327294
76561197961327295
76561197961327299
76561197961327301
76561197961327303
76561197961327304
76561197961327308
76561197961327309
76561197961327312
76561197961327313
76561197961327318
76561197961327323
76561197961327326
76561197961327327
76561197961327329
76561197961327330
76561197961327331
76561197961327332
76561197961327333
76561197961327334
76561197961327335
76561197961327336
76561197961327337
76561197961327338
76561197961327340
76561197961327341
76561197961327343
76561197961327344
76561197961327346
76561197961327349
76561197961327353
76561197961327354
76561197961327355
76561197961327357
76561197961327358
76561197961327359
76561197961327362
76561197961327364
76561197961327366
76561197961327367
76561197961327369
76561197961327373
76561197961327374
76561197961327376
76561197961327377
76561197961327378
76561197961327381
76561197961327383
76561197961327384
76561197961327386
76561197961327387
76561197961327388
76561197961327389
76561197961327391
76561197961327392
76561197961327399
76561197961327404
76561197961327408
76561197961327413
76561197961327416
76561197961327418
76561197961327422
76561197961327423
76561197961327425
76561197961327429
76561197961327430
76561197961327432
76561197961327435
76561197961327436
76561197961327438
76561197961327443
76561197961327445
76561197961327447
76561197961327451
76561197961327452
76561197961327455
76561197961327456
76561197961327457
76561197961327459
76561197961327461
76561197961327466
76561197961327468
76561197961327469
76561197961327473
76561197961327474
76561197961327476
76561197961327477
76561197961327480
76561197961327485
76561197961327486
76561197961327489
76561197961327490
76561197961327496
76561197961327499
76561197961327502
76561197961327503
76561197961327507
76561197961327509
76561197961327510
76561197961327511
76561197961327514
76561197961327519
76561197961327520
76561197961327522
76561197961327523
76561197961327524
76561197961327525
76561197961327526
76561197961327527
76561197961327528
76561197961327531
76561197961327535
76561197961327536
76561197961327537
76561197961327542
76561197961327543
76561197961327546
76561197961327549
76561197961327551
76561197961327556
76561197961327558
76561197961327559
76561197961327560
76561197961327561
76561197961327562
76561197961327566
76561197961327568
76561197961327575
76561197961327578
76561197961327583
76561197961327585
76561197961327589
76561197961327590
76561197961327593
76561197961327594
76561197961327595
76561197961327596
76561197961327597
76561197961327604
76561197961327605
76561197961327607
76561197961327608
76561197961327611
76561197961327612
76561197961327613
76561197961327614
76561197961327615
76561197961327619
76561197961327623
76561197961327624
76561197961327625
76561197961327627
76561197961327631
76561197961327636
76561197961327637
76561197961327639
76561197961327641
76561197961327642
76561197961327648
76561197961327650
76561197961327654
76561197961327656
76561197961327657
76561197961327658
76561197961327659
76561197961327662
76561197961327663
76561197961327665
76561197961327666
76561197961327667
76561197961327673
76561197961327674
76561197961327678
76561197961327681
76561197961327685
76561197961327686
76561197961327689
76561197961327690
76561197961327693
76561197961327694
76561197961327695
76561197961327696
76561197961327697
76561197961327699
76561197961327701
76561197961327703
76561197961327704
76561197961327705
76561197961327706
76561197961327709
76561197961327710
76561197961327711
76561197961327712
76561197961327714
76561197961327715
76561197961327717
76561197961327718
76561197961327720
76561197961327722
76561197961327723
76561197961327725
76561197961327727
76561197961327729
76561197961327731
76561197961327733
76561197961327734
76561197961327737
76561197961327739
76561197961327741
76561197961327744
76561197961327745
76561197961327747
76561197961327749
76561197961327751
76561197961327752
76561197961327754
76561197961327755
76561197961327757
76561197961327758
76561197961327759
76561197961327761
76561197961327762
76561197961327763
76561197961327765
76561197961327767
76561197961327768
76561197961327771
76561197961327774
76561197961327777
76561197961327782
76561197961327783
76561197961327785
76561197961327787
76561197961327788
76561197961327790
76561197961327793
76561197961327795
76561197961327796
76561197961327803
76561197961327804
76561197961327806
76561197961327809
76561197961327814
76561197961327816
76561197961327817
76561197961327818
76561197961327819
76561197961327824
76561197961327825
76561197961327829
76561197961327831
76561197961327835
76561197961327837
76561197961327839
76561197961327840
76561197961327841
76561197961327847
76561197961327851
76561197961327852
76561197961327855
76561197961327857
76561197961327859
76561197961327868
76561197961327871
76561197961327874
76561197961327875
76561197961327877
76561197961327882
76561197961327885
76561197961327888
76561197961327891
76561197961327892
76561197961327893
76561197961327894
76561197961327896
76561197961327898
76561197961327899
76561197961327903
76561197961327904
76561197961327907
76561197961327908
76561197961327909
76561197961327910
76561197961327915
76561197961327919
76561197961327920
76561197961327921
76561197961327922
76561197961327925
76561197961327926
76561197961327928
76561197961327929
76561197961327930
76561197961327934
76561197961327935
76561197961327937
76561197961327938
76561197961327939
76561197961327942
76561197961327944
76561197961327946
76561197961327954
76561197961327958
76561197961327959
76561197961327960
76561197961327961
76561197961327963
76561197961327969
76561197961327972
76561197961327973
76561197961327976
76561197961327979
76561197961327981
76561197961327982
76561197961327983
76561197961327989
76561197961327990
76561197961327995
76561197961327996
76561197961327997
76561197961328000
76561197961328004
76561197961328005
76561197961328007
76561197961328010
76561197961328013
76561197961328015
76561197961328016
76561197961328017
76561197961328019
76561197961328021
76561197961328023
76561197961328025
76561197961328026
76561197961328028
76561197961328029
76561197961328030
76561197961328032
76561197961328034
76561197961328035
76561197961328040
76561197961328044
76561197961328046
76561197961328049
76561197961328051
76561197961328053
76561197961328057
76561197961328060
76561197961328064
76561197961328066
76561197961328067
76561197961328069
76561197961328070
76561197961328072
76561197961328073
76561197961328075
76561197961328079
76561197961328080
76561197961328081
76561197961328082
76561197961328083
76561197961328085
76561197961328087
76561197961328088
76561197961328090
76561197961328093
76561197961328094
76561197961328099
76561197961328108
76561197961328110
76561197961328112
76561197961328116
76561197961328117
76561197961328118
76561197961328119
76561197961328120
76561197961328121
76561197961328125
76561197961328128
76561197961328130
76561197961328131
76561197961328132
76561197961328133
76561197961328134
76561197961328135
76561197961328141
76561197961328142
76561197961328143
76561197961328146
76561197961328147
76561197961328148
76561197961328149
76561197961328151
76561197961328159
76561197961328160
76561197961328163
76561197961328165
76561197961328167
76561197961328169
76561197961328170
76561197961328171
76561197961328173
76561197961328175
76561197961328177
76561197961328179
76561197961328181
76561197961328183
76561197961328186
76561197961328188
76561197961328189
76561197961328191
76561197961328196
76561197961328198
76561197961328200
76561197961328202
76561197961328203
76561197961328205
76561197961328206
76561197961328209
76561197961328212
76561197961328213
76561197961328214
76561197961328216
76561197961328217
76561197961328221
76561197961328224
76561197961328226
76561197961328235
76561197961328237
76561197961328239
76561197961328241
76561197961328242
76561197961328243
76561197961328244
76561197961328246
76561197961328247
76561197961328252
76561197961328253
76561197961328258
76561197961328259
76561197961328260
76561197961328262
76561197961328263
76561197961328264
76561197961328265
76561197961328266
76561197961328268
76561197961328270
76561197961328273
76561197961328274
76561197961328276
76561197961328278
76561197961328280
76561197961328281
76561197961328285
76561197961328291
76561197961328292
76561197961328295
76561197961328299
76561197961328302
76561197961328303
76561197961328305
76561197961328306
76561197961328308
76561197961328319
76561197961328321
76561197961328327
76561197961328328
76561197961328333
76561197961328334
76561197961328336
76561197961328339
76561197961328343
76561197961328350
76561197961328351
76561197961328353
76561197961328356
76561197961328358
76561197961328359
76561197961328360
76561197961328365
76561197961328366
76561197961328367
76561197961328368
76561197961328371
76561197961328374
76561197961328375
76561197961328377
76561197961328379
76561197961328380
76561197961328382
76561197961328383
76561197961328386
76561197961328387
76561197961328388
76561197961328389
76561197961328390
76561197961328391
76561197961328392
76561197961328393
76561197961328394
76561197961328395
76561197961328398
76561197961328400
76561197961328401
76561197961328404
76561197961328405
76561197961328407
76561197961328409
76561197961328413
76561197961328414
76561197961328419
76561197961328420
76561197961328421
76561197961328430
76561197961328432
76561197961328433
76561197961328434
76561197961328435
76561197961328436
76561197961328438
76561197961328441
76561197961328443
76561197961328444
76561197961328445
76561197961328447
76561197961328448
76561197961328449
76561197961328450
76561197961328457
76561197961328460
76561197961328461
76561197961328464
76561197961328466
76561197961328467
76561197961328469
76561197961328471
76561197961328474
76561197961328475
76561197961328477
76561197961328479
76561197961328480
76561197961328481
76561197961328482
76561197961328485
76561197961328487
76561197961328490
76561197961328491
76561197961328495
76561197961328497
76561197961328500
76561197961328506
76561197961328507
76561197961328508
76561197961328509
76561197961328511
76561197961328512
76561197961328513
76561197961328516
76561197961328519
76561197961328520
76561197961328521
76561197961328522
76561197961328536
76561197961328537
76561197961328538
76561197961328539
76561197961328541
76561197961328544
76561197961328545
76561197961328547
76561197961328549
76561197961328550
76561197961328551
76561197961328553
76561197961328554
76561197961328555
76561197961328559
76561197961328562
76561197961328563
76561197961328564
76561197961328567
76561197961328568
76561197961328569
76561197961328570
76561197961328571
76561197961328572
76561197961328577
76561197961328579
76561197961328580
76561197961328586
76561197961328588
76561197961328589
76561197961328590
76561197961328597
76561197961328604
76561197961328610
76561197961328612
76561197961328613
76561197961328615
76561197961328616
76561197961328619
76561197961328620
76561197961328621
76561197961328624
76561197961328627
76561197961328633
76561197961328635
76561197961328638
76561197961328639
76561197961328641
76561197961328648
76561197961328649
76561197961328650
76561197961328651
76561197961328652
76561197961328654
76561197961328655
76561197961328659
76561197961328662
76561197961328663
76561197961328664
76561197961328667
76561197961328671
76561197961328672
76561197961328673
76561197961328674
76561197961328675
76561197961328677
76561197961328681
76561197961328691
76561197961328695
76561197961328700
76561197961328705
76561197961328707
76561197961328709
76561197961328710
76561197961328711
76561197961328714
76561197961328715
76561197961328716
76561197961328719
76561197961328721
76561197961328722
76561197961328725
76561197961328728
76561197961328729
76561197961328732
76561197961328734
76561197961328735
76561197961328738
76561197961328739
76561197961328740
76561197961328741
76561197961328744
76561197961328745
76561197961328748
76561197961328753
76561197961328755
76561197961328756
76561197961328761
76561197961328763
76561197961328765
76561197961328767
76561197961328768
76561197961328771
76561197961328772
76561197961328773
76561197961328777
76561197961328782
76561197961328783
76561197961328786
76561197961328789
76561197961328799
76561197961328801
76561197961328804
76561197961328810
76561197961328815
76561197961328818
76561197961328820
76561197961328823
76561197961328826
76561197961328829
76561197961328837
76561197961328838
76561197961328839
76561197961328840
76561197961328844
76561197961328845
76561197961328847
76561197961328852
76561197961328856
76561197961328857
76561197961328858
76561197961328859
76561197961328860
76561197961328861
76561197961328865
76561197961328866
76561197961328867
76561197961328868
76561197961328875
76561197961328879
76561197961328881
76561197961328884
76561197961328886
76561197961328889
76561197961328892
76561197961328893
76561197961328894
76561197961328895
76561197961328896
76561197961328898
76561197961328899
76561197961328903
76561197961328904
76561197961328905
76561197961328906
76561197961328908
76561197961328909
76561197961328911
76561197961328912
76561197961328913
76561197961328917
76561197961328919
76561197961328920
76561197961328925
76561197961328929
76561197961328930
76561197961328931
76561197961328934
76561197961328938
76561197961328951
76561197961328952
76561197961328953
76561197961328954
76561197961328955
76561197961328958
76561197961328959
76561197961328963
76561197961328964
76561197961328967
76561197961328968
76561197961328969
76561197961328970
76561197961328971
76561197961328977
76561197961328978
76561197961328979
76561197961328980
76561197961328983
76561197961328984
76561197961328985
76561197961328987
76561197961328989
76561197961328990
76561197961328991
76561197961328992
76561197961328994
76561197961328999
76561197961329001
76561197961329002
76561197961329006
76561197961329007
76561197961329012
76561197961329013
76561197961329014
76561197961329017
76561197961329020
76561197961329022
76561197961329023
76561197961329026
76561197961329029
76561197961329031
76561197961329032
76561197961329035
76561197961329037
76561197961329040
76561197961329042
76561197961329044
76561197961329045
76561197961329048
76561197961329051
76561197961329060
76561197961329061
76561197961329062
76561197961329063
76561197961329064
76561197961329065
76561197961329067
76561197961329068
76561197961329069
76561197961329075
76561197961329077
76561197961329078
76561197961329079
76561197961329080
76561197961329082
76561197961329083
76561197961329085
76561197961329087
76561197961329090
76561197961329092
76561197961329094
76561197961329096
76561197961329099
76561197961329102
76561197961329103
76561197961329104
76561197961329105
76561197961329107
76561197961329111
76561197961329115
76561197961329116
76561197961329117
76561197961329119
76561197961329120
76561197961329121
76561197961329123
76561197961329127
76561197961329128
76561197961329131
76561197961329133
76561197961329138
76561197961329139
76561197961329142
76561197961329143
76561197961329145
76561197961329146
76561197961329150
76561197961329151
76561197961329152
76561197961329154
76561197961329155
76561197961329156
76561197961329157
76561197961329159
76561197961329161
76561197961329163
76561197961329166
76561197961329168
76561197961329170
76561197961329174
76561197961329175
76561197961329176
76561197961329179
76561197961329182
76561197961329184
76561197961329193
76561197961329195
76561197961329199
76561197961329200
76561197961329201
76561197961329203
76561197961329205
76561197961329209
76561197961329211
76561197961329212
76561197961329218
76561197961329220
76561197961329222
76561197961329229
76561197961329230
76561197961329231
76561197961329233
76561197961329235
76561197961329237
76561197961329238
76561197961329243
76561197961329250
76561197961329251
76561197961329252
76561197961329253
76561197961329256
76561197961329260
76561197961329261
76561197961329265
