76561197961299921
76561197961299923
76561197961299925
76561197961299926
76561197961299927
76561197961299928
76561197961299930
76561197961299931
76561197961299932
76561197961299934
76561197961299937
76561197961299942
76561197961299944
76561197961299945
76561197961299946
76561197961299947
76561197961299952
76561197961299953
76561197961299954
76561197961299955
76561197961299956
76561197961299957
76561197961299959
76561197961299961
76561197961299962
76561197961299965
76561197961299966
76561197961299969
76561197961299971
76561197961299972
76561197961299974
76561197961299975
76561197961299976
76561197961299977
76561197961299978
76561197961299980
76561197961299983
76561197961299985
76561197961299987
76561197961299988
76561197961299989
76561197961299990
76561197961299991
76561197961299993
76561197961299994
76561197961299995
76561197961299998
76561197961299999
76561197961300001
76561197961300002
76561197961300004
76561197961300005
76561197961300006
76561197961300007
76561197961300009
76561197961300010
76561197961300012
76561197961300015
76561197961300017
76561197961300018
76561197961300019
76561197961300021
76561197961300024
76561197961300026
76561197961300028
76561197961300030
76561197961300032
76561197961300033
76561197961300035
76561197961300037
76561197961300038
76561197961300039
76561197961300040
76561197961300041
76561197961300043
76561197961300047
76561197961300048
76561197961300050
76561197961300052
76561197961300053
76561197961300054
76561197961300057
76561197961300058
76561197961300061
76561197961300062
76561197961300064
76561197961300065
76561197961300067
76561197961300068
76561197961300070
76561197961300072
76561197961300073
76561197961300076
76561197961300077
76561197961300079
76561197961300080
76561197961300084
76561197961300085
76561197961300088
76561197961300089
76561197961300090
76561197961300094
76561197961300095
76561197961300096
76561197961300097
76561197961300099
76561197961300101
76561197961300104
76561197961300105
76561197961300107
76561197961300108
76561197961300110
76561197961300111
76561197961300114
76561197961300115
76561197961300116
76561197961300117
76561197961300120
76561197961300121
76561197961300122
76561197961300126
76561197961300128
76561197961300132
76561197961300133
76561197961300140
76561197961300142
76561197961300143
76561197961300144
76561197961300146
76561197961300150
76561197961300151
76561197961300155
76561197961300157
76561197961300160
76561197961300163
76561197961300164
76561197961300165
76561197961300166
76561197961300167
76561197961300169
76561197961300170
76561197961300172
76561197961300174
76561197961300175
76561197961300177
76561197961300178
76561197961300180
76561197961300182
76561197961300185
76561197961300187
76561197961300188
76561197961300191
76561197961300192
76561197961300195
76561197961300196
76561197961300199
76561197961300200
76561197961300202
76561197961300205
76561197961300206
76561197961300210
76561197961300211
76561197961300212
76561197961300214
76561197961300215
76561197961300219
76561197961300220
76561197961300222
76561197961300223
76561197961300224
76561197961300225
76561197961300226
76561197961300227
76561197961300228
76561197961300230
76561197961300231
76561197961300232
76561197961300233
76561197961300239
76561197961300242
76561197961300244
76561197961300245
76561197961300247
76561197961300250
76561197961300251
76561197961300252
76561197961300254
76561197961300258
76561197961300259
76561197961300260
76561197961300261
76561197961300262
76561197961300266
76561197961300269
76561197961300272
76561197961300273
76561197961300275
76561197961300276
76561197961300277
76561197961300278
76561197961300279
76561197961300280
76561197961300281
76561197961300282
76561197961300283
76561197961300285
76561197961300286
76561197961300287
76561197961300289
76561197961300291
76561197961300293
76561197961300294
76561197961300296
76561197961300297
76561197961300299
76561197961300306
76561197961300307
76561197961300309
76561197961300311
76561197961300313
76561197961300316
76561197961300321
76561197961300323
76561197961300324
76561197961300327
76561197961300329
76561197961300330
76561197961300331
76561197961300332
76561197961300336
76561197961300337
76561197961300338
76561197961300341
76561197961300345
76561197961300346
76561197961300347
76561197961300348
76561197961300349
76561197961300351
76561197961300352
76561197961300353
76561197961300354
76561197961300356
76561197961300357
76561197961300358
76561197961300361
76561197961300362
76561197961300366
76561197961300367
76561197961300368
76561197961300369
76561197961300370
76561197961300371
76561197961300372
76561197961300373
76561197961300374
76561197961300376
76561197961300381
76561197961300383
76561197961300387
76561197961300388
76561197961300389
76561197961300390
76561197961300392
76561197961300394
76561197961300395
76561197961300396
76561197961300397
76561197961300399
76561197961300401
76561197961300404
76561197961300406
76561197961300407
76561197961300408
76561197961300409
76561197961300410
76561197961300411
76561197961300414
76561197961300415
76561197961300416
76561197961300417
76561197961300418
76561197961300419
76561197961300420
76561197961300421
76561197961300422
76561197961300424
76561197961300426
76561197961300427
76561197961300428
76561197961300429
76561197961300431
76561197961300432
76561197961300433
76561197961300434
76561197961300435
76561197961300436
76561197961300437
76561197961300438
76561197961300441
76561197961300442
76561197961300443
76561197961300444
76561197961300446
76561197961300452
76561197961300453
76561197961300454
76561197961300456
76561197961300457
76561197961300459
76561197961300462
76561197961300463
76561197961300465
76561197961300466
76561197961300468
76561197961300470
76561197961300473
76561197961300474
76561197961300475
76561197961300476
76561197961300480
76561197961300482
76561197961300483
76561197961300484
76561197961300488
76561197961300489
76561197961300491
76561197961300493
76561197961300495
76561197961300497
76561197961300498
76561197961300505
76561197961300506
76561197961300507
76561197961300508
76561197961300509
76561197961300510
76561197961300512
76561197961300513
76561197961300516
76561197961300518
76561197961300524
76561197961300527
76561197961300528
76561197961300529
76561197961300531
76561197961300532
76561197961300533
76561197961300537
76561197961300538
76561197961300539
76561197961300540
76561197961300541
76561197961300542
76561197961300543
76561197961300544
76561197961300545
76561197961300546
76561197961300548
76561197961300550
76561197961300552
76561197961300555
76561197961300558
76561197961300560
76561197961300563
76561197961300564
76561197961300566
76561197961300567
76561197961300573
76561197961300574
76561197961300576
76561197961300577
76561197961300578
76561197961300580
76561197961300582
76561197961300584
76561197961300586
76561197961300590
76561197961300591
76561197961300594
76561197961300596
76561197961300597
76561197961300598
76561197961300600
76561197961300606
76561197961300607
76561197961300610
76561197961300611
76561197961300613
76561197961300614
76561197961300617
76561197961300618
76561197961300619
76561197961300623
76561197961300624
76561197961300625
76561197961300626
76561197961300627
76561197961300629
76561197961300632
76561197961300633
76561197961300635
76561197961300639
76561197961300640
76561197961300641
76561197961300643
76561197961300647
76561197961300648
76561197961300649
76561197961300650
76561197961300651
76561197961300653
76561197961300655
76561197961300657
76561197961300658
76561197961300659
76561197961300660
76561197961300661
76561197961300662
76561197961300664
76561197961300665
76561197961300666
76561197961300668
76561197961300669
76561197961300670
76561197961300672
76561197961300673
76561197961300674
76561197961300676
76561197961300677
76561197961300678
76561197961300679
76561197961300680
76561197961300683
76561197961300684
76561197961300686
76561197961300687
76561197961300688
76561197961300689
76561197961300692
76561197961300693
76561197961300695
76561197961300699
76561197961300701
76561197961300702
76561197961300703
76561197961300704
76561197961300705
76561197961300706
76561197961300707
76561197961300709
76561197961300715
76561197961300718
76561197961300721
76561197961300722
76561197961300724
76561197961300725
76561197961300726
76561197961300727
76561197961300729
76561197961300730
76561197961300731
76561197961300732
76561197961300733
76561197961300734
76561197961300735
76561197961300737
76561197961300739
76561197961300742
76561197961300743
76561197961300746
76561197961300747
76561197961300748
76561197961300751
76561197961300752
76561197961300753
76561197961300755
76561197961300756
76561197961300758
76561197961300759
76561197961300760
76561197961300762
76561197961300763
76561197961300769
76561197961300772
76561197961300778
76561197961300779
76561197961300781
76561197961300782
76561197961300783
76561197961300784
76561197961300785
76561197961300786
76561197961300787
76561197961300791
76561197961300792
76561197961300795
76561197961300796
76561197961300797
76561197961300798
76561197961300800
76561197961300801
76561197961300807
76561197961300808
76561197961300810
76561197961300811
76561197961300812
76561197961300815
76561197961300817
76561197961300818
76561197961300819
76561197961300821
76561197961300822
76561197961300825
76561197961300829
76561197961300830
76561197961300831
76561197961300832
76561197961300835
76561197961300836
76561197961300838
76561197961300841
76561197961300842
76561197961300843
76561197961300845
76561197961300846
76561197961300848
76561197961300849
76561197961300852
76561197961300853
76561197961300854
76561197961300857
76561197961300858
76561197961300860
76561197961300862
76561197961300864
76561197961300865
76561197961300866
76561197961300868
76561197961300869
76561197961300871
76561197961300873
76561197961300876
76561197961300877
76561197961300881
76561197961300882
76561197961300883
76561197961300884
76561197961300885
76561197961300886
76561197961300887
76561197961300890
76561197961300894
76561197961300895
76561197961300896
76561197961300899
76561197961300900
76561197961300906
76561197961300907
76561197961300908
76561197961300909
76561197961300910
76561197961300911
76561197961300914
76561197961300915
76561197961300916
76561197961300917
76561197961300919
76561197961300921
76561197961300923
76561197961300924
76561197961300928
76561197961300929
76561197961300931
76561197961300933
76561197961300935
76561197961300937
76561197961300938
76561197961300939
76561197961300941
76561197961300943
76561197961300945
76561197961300946
76561197961300947
76561197961300948
76561197961300949
76561197961300951
76561197961300952
76561197961300956
76561197961300957
76561197961300958
76561197961300961
76561197961300965
76561197961300966
76561197961300967
76561197961300969
76561197961300970
76561197961300975
76561197961300976
76561197961300977
76561197961300979
76561197961300980
76561197961300983
76561197961300984
76561197961300985
76561197961300986
76561197961300989
76561197961300990
76561197961300992
76561197961300994
76561197961300995
76561197961300996
76561197961300997
76561197961301001
76561197961301002
76561197961301004
76561197961301008
76561197961301009
76561197961301010
76561197961301011
76561197961301012
76561197961301013
76561197961301014
76561197961301015
76561197961301016
76561197961301017
76561197961301018
76561197961301021
76561197961301023
76561197961301024
76561197961301026
76561197961301027
76561197961301029
76561197961301030
76561197961301032
76561197961301035
76561197961301037
76561197961301038
76561197961301041
76561197961301044
76561197961301045
76561197961301046
76561197961301049
76561197961301051
76561197961301052
76561197961301053
76561197961301055
76561197961301058
76561197961301059
76561197961301060
76561197961301061
76561197961301062
76561197961301066
76561197961301068
76561197961301071
76561197961301072
76561197961301073
76561197961301076
76561197961301078
76561197961301080
76561197961301081
76561197961301084
76561197961301085
76561197961301086
76561197961301087
76561197961301088
76561197961301089
76561197961301090
76561197961301094
76561197961301095
76561197961301097
76561197961301098
76561197961301099
76561197961301103
76561197961301104
76561197961301105
76561197961301106
76561197961301108
76561197961301109
76561197961301110
76561197961301111
76561197961301114
76561197961301115
76561197961301116
76561197961301117
76561197961301118
76561197961301119
76561197961301120
76561197961301121
76561197961301122
76561197961301123
76561197961301124
76561197961301125
76561197961301128
76561197961301129
76561197961301130
76561197961301133
76561197961301134
76561197961301135
76561197961301138
76561197961301139
76561197961301140
76561197961301141
76561197961301142
76561197961301143
76561197961301144
76561197961301145
76561197961301148
76561197961301149
76561197961301150
76561197961301151
76561197961301152
76561197961301153
76561197961301154
76561197961301155
76561197961301156
76561197961301157
76561197961301159
76561197961301160
76561197961301161
76561197961301162
76561197961301164
76561197961301165
76561197961301166
76561197961301168
76561197961301171
76561197961301173
76561197961301174
76561197961301175
76561197961301176
76561197961301179
76561197961301180
76561197961301181
76561197961301182
76561197961301189
76561197961301192
76561197961301193
76561197961301195
76561197961301196
76561197961301197
76561197961301198
76561197961301200
76561197961301204
76561197961301205
76561197961301206
76561197961301207
76561197961301208
76561197961301211
76561197961301212
76561197961301213
76561197961301217
76561197961301219
76561197961301220
76561197961301221
76561197961301223
76561197961301225
76561197961301227
76561197961301228
76561197961301230
76561197961301232
76561197961301233
76561197961301234
76561197961301236
76561197961301238
76561197961301239
76561197961301241
76561197961301242
76561197961301243
76561197961301244
76561197961301246
76561197961301247
76561197961301249
76561197961301251
76561197961301253
76561197961301254
76561197961301255
76561197961301256
76561197961301258
76561197961301259
76561197961301262
76561197961301264
76561197961301265
76561197961301267
76561197961301268
76561197961301269
76561197961301270
76561197961301272
76561197961301273
76561197961301276
76561197961301277
76561197961301279
76561197961301280
76561197961301283
76561197961301284
76561197961301285
76561197961301286
76561197961301288
76561197961301289
76561197961301290
76561197961301292
76561197961301296
76561197961301298
76561197961301301
76561197961301302
76561197961301305
76561197961301306
76561197961301310
76561197961301311
76561197961301316
76561197961301317
76561197961301319
76561197961301320
76561197961301322
76561197961301323
76561197961301326
76561197961301327
76561197961301329
76561197961301331
76561197961301334
76561197961301336
76561197961301339
76561197961301340
76561197961301341
76561197961301342
76561197961301343
76561197961301344
76561197961301346
76561197961301347
76561197961301348
76561197961301350
76561197961301351
76561197961301352
76561197961301354
76561197961301358
76561197961301361
76561197961301362
76561197961301363
76561197961301364
76561197961301365
76561197961301367
76561197961301370
76561197961301371
76561197961301372
76561197961301373
76561197961301375
76561197961301376
76561197961301377
76561197961301378
76561197961301381
76561197961301382
76561197961301385
76561197961301386
76561197961301387
76561197961301389
76561197961301390
76561197961301391
76561197961301392
76561197961301395
76561197961301396
76561197961301398
76561197961301399
76561197961301401
76561197961301403
76561197961301404
76561197961301406
76561197961301407
76561197961301409
76561197961301412
76561197961301413
76561197961301414
76561197961301415
76561197961301417
76561197961301418
76561197961301419
76561197961301420
76561197961301421
76561197961301423
76561197961301424
76561197961301426
76561197961301427
76561197961301428
76561197961301429
76561197961301430
76561197961301431
76561197961301434
76561197961301435
76561197961301437
76561197961301439
76561197961301442
76561197961301443
76561197961301444
76561197961301446
76561197961301447
76561197961301452
76561197961301454
76561197961301455
76561197961301457
76561197961301458
76561197961301461
76561197961301462
76561197961301463
76561197961301469
76561197961301472
76561197961301473
76561197961301474
76561197961301477
76561197961301479
76561197961301481
76561197961301482
76561197961301485
76561197961301486
76561197961301487
76561197961301488
76561197961301489
76561197961301490
76561197961301492
76561197961301493
76561197961301494
76561197961301495
76561197961301496
76561197961301500
76561197961301501
76561197961301502
76561197961301503
76561197961301508
76561197961301510
76561197961301513
76561197961301515
76561197961301519
76561197961301521
76561197961301525
76561197961301528
76561197961301532
76561197961301533
76561197961301534
76561197961301535
76561197961301536
76561197961301538
76561197961301539
76561197961301540
76561197961301545
76561197961301547
76561197961301549
76561197961301550
76561197961301552
76561197961301555
76561197961301556
76561197961301557
76561197961301559
76561197961301560
76561197961301562
76561197961301565
76561197961301566
76561197961301568
76561197961301569
76561197961301570
76561197961301571
76561197961301572
76561197961301574
76561197961301579
76561197961301581
76561197961301582
76561197961301583
76561197961301584
76561197961301586
76561197961301587
76561197961301588
76561197961301594
76561197961301595
76561197961301596
76561197961301598
76561197961301600
76561197961301601
76561197961301602
76561197961301604
76561197961301605
76561197961301609
76561197961301612
76561197961301614
76561197961301615
76561197961301616
76561197961301618
76561197961301619
76561197961301622
76561197961301623
76561197961301624
76561197961301626
76561197961301627
76561197961301629
76561197961301632
76561197961301633
76561197961301637
76561197961301638
76561197961301640
76561197961301642
76561197961301646
76561197961301647
76561197961301648
76561197961301649
76561197961301650
