76561197961667300
76561197961667303
76561197961667306
76561197961667309
76561197961667310
76561197961667311
76561197961667313
76561197961667314
76561197961667315
76561197961667317
76561197961667319
76561197961667322
76561197961667323
76561197961667324
76561197961667330
76561197961667331
76561197961667335
76561197961667336
76561197961667338
76561197961667341
76561197961667347
76561197961667348
76561197961667349
76561197961667351
76561197961667352
76561197961667353
76561197961667354
76561197961667356
76561197961667360
76561197961667361
76561197961667364
76561197961667365
76561197961667368
76561197961667369
76561197961667370
76561197961667372
76561197961667374
76561197961667376
76561197961667378
76561197961667379
76561197961667381
76561197961667382
76561197961667384
76561197961667385
76561197961667386
76561197961667388
76561197961667389
76561197961667393
76561197961667395
76561197961667396
76561197961667398
76561197961667399
76561197961667401
76561197961667402
76561197961667403
76561197961667404
76561197961667405
76561197961667406
76561197961667407
76561197961667408
76561197961667410
76561197961667412
76561197961667414
76561197961667415
76561197961667416
76561197961667418
76561197961667421
76561197961667425
76561197961667426
76561197961667431
76561197961667432
76561197961667433
76561197961667434
76561197961667437
76561197961667440
76561197961667441
76561197961667442
76561197961667443
76561197961667446
76561197961667447
76561197961667448
76561197961667449
76561197961667454
76561197961667455
76561197961667458
76561197961667459
76561197961667460
76561197961667461
76561197961667463
76561197961667465
76561197961667467
76561197961667469
76561197961667470
76561197961667471
76561197961667473
76561197961667476
76561197961667480
76561197961667481
76561197961667484
76561197961667488
76561197961667489
76561197961667493
76561197961667494
76561197961667496
76561197961667498
76561197961667499
76561197961667501
76561197961667502
76561197961667503
76561197961667505
76561197961667506
76561197961667508
76561197961667509
76561197961667510
76561197961667512
76561197961667514
76561197961667516
76561197961667517
76561197961667518
76561197961667522
76561197961667523
76561197961667524
76561197961667526
76561197961667527
76561197961667531
76561197961667533
76561197961667534
76561197961667535
76561197961667539
76561197961667541
76561197961667542
76561197961667544
76561197961667545
76561197961667546
76561197961667547
76561197961667550
76561197961667552
76561197961667553
76561197961667554
76561197961667558
76561197961667559
76561197961667564
76561197961667565
76561197961667567
76561197961667568
76561197961667573
76561197961667574
76561197961667578
76561197961667579
76561197961667582
76561197961667583
76561197961667584
76561197961667585
76561197961667593
76561197961667594
76561197961667596
76561197961667598
76561197961667601
76561197961667604
76561197961667606
76561197961667609
76561197961667610
76561197961667611
76561197961667613
76561197961667619
76561197961667623
76561197961667624
76561197961667628
76561197961667630
76561197961667631
76561197961667633
76561197961667642
76561197961667644
76561197961667645
76561197961667647
76561197961667650
76561197961667652
76561197961667653
76561197961667654
76561197961667656
76561197961667657
76561197961667659
76561197961667661
76561197961667662
76561197961667665
76561197961667666
76561197961667667
76561197961667669
76561197961667670
76561197961667677
76561197961667681
76561197961667682
76561197961667683
76561197961667684
76561197961667685
76561197961667686
76561197961667689
76561197961667690
76561197961667694
76561197961667695
76561197961667697
76561197961667698
76561197961667701
76561197961667702
76561197961667704
76561197961667705
76561197961667706
76561197961667709
76561197961667710
76561197961667712
76561197961667716
76561197961667717
76561197961667718
76561197961667721
76561197961667723
76561197961667726
76561197961667727
76561197961667734
76561197961667735
76561197961667736
76561197961667738
76561197961667739
76561197961667742
76561197961667744
76561197961667745
76561197961667749
76561197961667753
76561197961667757
76561197961667758
76561197961667759
76561197961667761
76561197961667764
76561197961667765
76561197961667766
76561197961667767
76561197961667770
76561197961667772
76561197961667773
76561197961667774
76561197961667775
76561197961667780
76561197961667781
76561197961667782
76561197961667783
76561197961667784
76561197961667786
76561197961667787
76561197961667790
76561197961667791
76561197961667793
76561197961667794
76561197961667796
76561197961667797
76561197961667801
76561197961667802
76561197961667803
76561197961667810
76561197961667813
76561197961667816
76561197961667820
76561197961667821
76561197961667822
76561197961667823
76561197961667825
76561197961667826
76561197961667827
76561197961667829
76561197961667830
76561197961667834
76561197961667836
76561197961667840
76561197961667841
76561197961667843
76561197961667848
76561197961667850
76561197961667851
76561197961667852
76561197961667854
76561197961667862
76561197961667863
76561197961667866
76561197961667869
76561197961667871
76561197961667873
76561197961667880
76561197961667882
76561197961667883
76561197961667885
76561197961667886
76561197961667887
76561197961667888
76561197961667889
76561197961667890
76561197961667891
76561197961667893
76561197961667896
76561197961667899
76561197961667900
76561197961667901
76561197961667902
76561197961667903
76561197961667904
76561197961667906
76561197961667908
76561197961667909
76561197961667915
76561197961667921
76561197961667922
76561197961667924
76561197961667925
76561197961667926
76561197961667928
76561197961667931
76561197961667934
76561197961667937
76561197961667943
76561197961667946
76561197961667947
76561197961667948
76561197961667951
76561197961667952
76561197961667953
76561197961667954
76561197961667955
76561197961667957
76561197961667959
76561197961667961
76561197961667964
76561197961667968
76561197961667970
76561197961667972
76561197961667973
76561197961667975
76561197961667976
76561197961667979
76561197961667982
76561197961667987
76561197961667988
76561197961667990
76561197961667995
76561197961667996
76561197961667998
76561197961668002
76561197961668004
76561197961668006
76561197961668007
76561197961668008
76561197961668010
76561197961668012
76561197961668014
76561197961668016
76561197961668017
76561197961668021
76561197961668022
76561197961668023
76561197961668025
76561197961668026
76561197961668027
76561197961668028
76561197961668034
76561197961668035
76561197961668036
76561197961668038
76561197961668039
76561197961668040
76561197961668042
76561197961668043
76561197961668045
76561197961668052
76561197961668053
76561197961668054
76561197961668055
76561197961668056
76561197961668057
76561197961668059
76561197961668065
76561197961668066
76561197961668067
76561197961668068
76561197961668073
76561197961668075
76561197961668077
76561197961668079
76561197961668080
76561197961668082
76561197961668083
76561197961668088
76561197961668090
76561197961668093
76561197961668094
76561197961668095
76561197961668096
76561197961668098
76561197961668100
76561197961668101
76561197961668104
76561197961668106
76561197961668107
76561197961668110
76561197961668116
76561197961668118
76561197961668119
76561197961668120
76561197961668125
76561197961668126
76561197961668127
76561197961668128
76561197961668130
76561197961668131
76561197961668132
76561197961668134
76561197961668135
76561197961668136
76561197961668138
76561197961668139
76561197961668142
76561197961668143
76561197961668144
76561197961668146
76561197961668148
76561197961668149
76561197961668151
76561197961668154
76561197961668155
76561197961668157
76561197961668158
76561197961668165
76561197961668166
76561197961668172
76561197961668175
76561197961668179
76561197961668180
76561197961668183
76561197961668186
76561197961668188
76561197961668189
76561197961668191
76561197961668192
76561197961668194
76561197961668195
76561197961668196
76561197961668197
76561197961668203
76561197961668205
76561197961668208
76561197961668209
76561197961668211
76561197961668213
76561197961668218
76561197961668219
76561197961668225
76561197961668228
76561197961668231
76561197961668235
76561197961668236
76561197961668237
76561197961668241
76561197961668242
76561197961668245
76561197961668246
76561197961668248
76561197961668251
76561197961668253
76561197961668255
76561197961668256
76561197961668257
76561197961668261
76561197961668266
76561197961668267
76561197961668271
76561197961668276
76561197961668277
76561197961668280
76561197961668281
76561197961668284
76561197961668287
76561197961668289
76561197961668293
76561197961668295
76561197961668298
76561197961668302
76561197961668303
76561197961668305
76561197961668307
76561197961668309
76561197961668311
76561197961668315
76561197961668316
76561197961668318
76561197961668319
76561197961668320
76561197961668322
76561197961668324
76561197961668325
76561197961668326
76561197961668330
76561197961668332
76561197961668333
76561197961668334
76561197961668337
76561197961668338
76561197961668340
76561197961668341
76561197961668343
76561197961668351
76561197961668352
76561197961668355
76561197961668356
76561197961668359
76561197961668363
76561197961668364
76561197961668366
76561197961668367
76561197961668372
76561197961668373
76561197961668374
76561197961668377
76561197961668382
76561197961668385
76561197961668389
76561197961668390
76561197961668393
76561197961668395
76561197961668397
76561197961668399
76561197961668402
76561197961668404
76561197961668405
76561197961668407
76561197961668408
76561197961668409
76561197961668411
76561197961668413
76561197961668416
76561197961668418
76561197961668421
76561197961668424
76561197961668425
76561197961668427
76561197961668428
76561197961668430
76561197961668431
76561197961668435
76561197961668438
76561197961668440
76561197961668443
76561197961668444
76561197961668445
76561197961668447
76561197961668451
76561197961668454
76561197961668455
76561197961668459
76561197961668460
76561197961668461
76561197961668466
76561197961668468
76561197961668470
76561197961668475
76561197961668476
76561197961668479
76561197961668482
76561197961668483
76561197961668485
76561197961668490
76561197961668491
76561197961668493
76561197961668496
76561197961668498
76561197961668500
76561197961668502
76561197961668503
76561197961668507
76561197961668513
76561197961668518
76561197961668519
76561197961668520
76561197961668521
76561197961668522
76561197961668524
76561197961668525
76561197961668526
76561197961668527
76561197961668528
76561197961668529
76561197961668530
76561197961668531
76561197961668533
76561197961668535
76561197961668536
76561197961668537
76561197961668543
76561197961668545
76561197961668548
76561197961668550
76561197961668557
76561197961668559
76561197961668560
76561197961668563
76561197961668564
76561197961668566
76561197961668567
76561197961668568
76561197961668569
76561197961668571
76561197961668572
76561197961668575
76561197961668578
76561197961668579
76561197961668581
76561197961668582
76561197961668583
76561197961668584
76561197961668587
76561197961668588
76561197961668590
76561197961668591
76561197961668592
76561197961668593
76561197961668597
76561197961668598
76561197961668599
76561197961668603
76561197961668605
76561197961668606
76561197961668607
76561197961668608
76561197961668609
76561197961668611
76561197961668612
76561197961668616
76561197961668619
76561197961668620
76561197961668621
76561197961668622
76561197961668623
76561197961668625
76561197961668627
76561197961668629
76561197961668630
76561197961668631
76561197961668632
76561197961668638
76561197961668639
76561197961668642
76561197961668646
76561197961668651
76561197961668658
76561197961668662
76561197961668664
76561197961668665
76561197961668668
76561197961668670
76561197961668673
76561197961668676
76561197961668677
76561197961668678
76561197961668680
76561197961668684
76561197961668689
76561197961668691
76561197961668695
76561197961668699
76561197961668701
76561197961668703
76561197961668704
76561197961668705
76561197961668706
76561197961668707
76561197961668708
76561197961668711
76561197961668712
76561197961668714
76561197961668715
76561197961668716
76561197961668717
76561197961668718
76561197961668719
76561197961668720
76561197961668721
76561197961668722
76561197961668723
76561197961668728
76561197961668729
76561197961668733
76561197961668736
76561197961668739
76561197961668742
76561197961668745
76561197961668747
76561197961668748
76561197961668749
76561197961668751
76561197961668752
76561197961668753
76561197961668754
76561197961668755
76561197961668758
76561197961668760
76561197961668762
76561197961668768
76561197961668769
76561197961668770
76561197961668773
76561197961668776
76561197961668780
76561197961668784
76561197961668786
76561197961668788
76561197961668790
76561197961668793
76561197961668794
76561197961668796
76561197961668797
76561197961668799
76561197961668801
76561197961668805
76561197961668806
76561197961668807
76561197961668811
76561197961668820
76561197961668821
76561197961668824
76561197961668825
76561197961668828
76561197961668829
76561197961668831
76561197961668833
76561197961668834
76561197961668835
76561197961668837
76561197961668838
76561197961668841
76561197961668843
76561197961668844
76561197961668845
76561197961668847
76561197961668848
76561197961668850
76561197961668852
76561197961668853
76561197961668859
76561197961668862
76561197961668863
76561197961668867
76561197961668868
76561197961668871
76561197961668872
76561197961668873
76561197961668875
76561197961668879
76561197961668880
76561197961668883
76561197961668884
76561197961668888
76561197961668891
76561197961668892
76561197961668897
76561197961668900
76561197961668903
76561197961668905
76561197961668906
76561197961668907
76561197961668908
76561197961668909
76561197961668912
76561197961668917
76561197961668919
76561197961668920
76561197961668921
76561197961668922
76561197961668927
76561197961668928
76561197961668929
76561197961668930
76561197961668931
76561197961668932
76561197961668933
76561197961668934
76561197961668935
76561197961668940
76561197961668943
76561197961668944
76561197961668945
76561197961668946
76561197961668947
76561197961668949
76561197961668952
76561197961668956
76561197961668958
76561197961668966
76561197961668967
76561197961668971
76561197961668975
76561197961668976
76561197961668979
76561197961668980
76561197961668981
76561197961668984
76561197961668986
76561197961668987
76561197961668988
76561197961668991
76561197961668992
76561197961668994
76561197961668996
76561197961668998
76561197961669001
76561197961669008
76561197961669013
76561197961669016
76561197961669017
76561197961669020
76561197961669022
76561197961669024
76561197961669025
76561197961669028
76561197961669031
76561197961669033
76561197961669037
76561197961669038
76561197961669042
76561197961669044
76561197961669046
76561197961669048
76561197961669052
76561197961669053
76561197961669056
76561197961669057
76561197961669061
76561197961669062
76561197961669068
76561197961669071
76561197961669072
76561197961669074
76561197961669079
76561197961669082
76561197961669083
76561197961669085
76561197961669086
76561197961669089
76561197961669090
76561197961669091
76561197961669094
76561197961669098
76561197961669100
76561197961669101
76561197961669102
76561197961669103
76561197961669107
76561197961669108
76561197961669109
76561197961669110
76561197961669112
76561197961669114
76561197961669115
76561197961669116
76561197961669117
76561197961669118
76561197961669119
76561197961669124
76561197961669126
76561197961669127
76561197961669128
76561197961669129
76561197961669130
76561197961669131
76561197961669136
76561197961669138
76561197961669140
76561197961669142
76561197961669143
76561197961669144
76561197961669147
76561197961669149
76561197961669156
76561197961669158
76561197961669164
76561197961669165
76561197961669166
76561197961669169
76561197961669170
76561197961669171
76561197961669172
76561197961669173
76561197961669176
76561197961669181
76561197961669184
76561197961669187
76561197961669189
76561197961669192
76561197961669193
76561197961669195
76561197961669196
76561197961669197
76561197961669198
76561197961669199
76561197961669202
76561197961669204
76561197961669206
76561197961669208
76561197961669209
76561197961669211
76561197961669212
76561197961669213
76561197961669215
76561197961669220
76561197961669222
76561197961669224
76561197961669230
76561197961669231
76561197961669232
76561197961669234
76561197961669235
76561197961669236
76561197961669240
76561197961669243
76561197961669245
76561197961669248
76561197961669249
76561197961669250
76561197961669252
76561197961669253
76561197961669254
76561197961669258
76561197961669259
76561197961669260
76561197961669264
76561197961669266
76561197961669269
76561197961669270
76561197961669271
76561197961669272
76561197961669274
76561197961669277
76561197961669278
76561197961669280
76561197961669281
76561197961669282
76561197961669283
76561197961669287
76561197961669288
76561197961669290
76561197961669291
76561197961669292
76561197961669293
76561197961669295
76561197961669297
76561197961669298
76561197961669300
76561197961669303
76561197961669306
76561197961669308
76561197961669310
76561197961669311
76561197961669313
76561197961669314
76561197961669317
76561197961669318
76561197961669320
76561197961669322
76561197961669327
76561197961669328
76561197961669329
76561197961669331
76561197961669334
76561197961669335
76561197961669336
76561197961669337
76561197961669338
76561197961669340
76561197961669341
76561197961669346
76561197961669347
76561197961669349
76561197961669350
76561197961669351
76561197961669354
76561197961669361
76561197961669362
76561197961669364
76561197961669366
76561197961669369
76561197961669371
76561197961669372
76561197961669374
76561197961669375
76561197961669376
76561197961669377
76561197961669384
76561197961669386
76561197961669392
76561197961669394
76561197961669395
76561197961669397
76561197961669402
76561197961669406
76561197961669407
76561197961669409
76561197961669411
