76561197960268716
76561197960268723
76561197960268724
76561197960268734
76561197960268735
76561197960268738
76561197960268740
76561197960268741
76561197960268746
76561197960268751
76561197960268757
76561197960268758
76561197960268765
76561197960268769
76561197960268770
76561197960268773
76561197960268775
76561197960268777
76561197960268784
76561197960268796
76561197960268797
76561197960268798
76561197960268802
76561197960268803
76561197960268805
76561197960268809
76561197960268812
76561197960268814
76561197960268815
76561197960268823
76561197960268824
76561197960268826
76561197960268828
76561197960268831
76561197960268835
76561197960268836
76561197960268838
76561197960268839
76561197960268841
76561197960268842
76561197960268844
76561197960268845
76561197960268847
76561197960268848
76561197960268849
76561197960268854
76561197960268856
76561197960268858
76561197960268859
76561197960268861
76561197960268863
76561197960268865
76561197960268869
76561197960268871
76561197960268873
76561197960268875
76561197960268878
76561197960268879
76561197960268880
76561197960268881
76561197960268882
76561197960268883
76561197960268886
76561197960268887
76561197960268889
76561197960268893
76561197960268895
76561197960268896
76561197960268897
76561197960268900
76561197960268906
76561197960268907
76561197960268908
76561197960268910
76561197960268912
76561197960268915
76561197960268917
76561197960268922
76561197960268923
76561197960268925
76561197960268927
76561197960268928
76561197960268929
76561197960268931
76561197960268933
76561197960268934
76561197960268935
76561197960268937
76561197960268941
76561197960268946
76561197960268948
76561197960268949
76561197960268950
76561197960268953
76561197960268955
76561197960268957
76561197960268962
76561197960268963
76561197960268964
76561197960268965
76561197960268967
76561197960268974
76561197960268975
76561197960268976
76561197960268978
76561197960268979
76561197960268981
76561197960268982
76561197960268984
76561197960268985
76561197960268986
76561197960268987
76561197960268988
76561197960268991
76561197960268993
76561197960268997
76561197960268998
76561197960269000
76561197960269002
76561197960269003
76561197960269005
76561197960269006
76561197960269010
76561197960269011
76561197960269012
76561197960269013
76561197960269014
76561197960269015
76561197960269016
76561197960269017
76561197960269018
76561197960269021
76561197960269022
76561197960269023
76561197960269024
76561197960269025
76561197960269026
76561197960269029
76561197960269031
76561197960269032
76561197960269033
76561197960269034
76561197960269035
76561197960269038
76561197960269039
76561197960269040
76561197960269041
76561197960269042
76561197960269044
76561197960269045
76561197960269046
76561197960269047
76561197960269048
76561197960269050
76561197960269051
76561197960269052
76561197960269053
76561197960269054
76561197960269055
76561197960269056
76561197960269057
76561197960269059
76561197960269060
76561197960269061
76561197960269062
76561197960269063
76561197960269064
76561197960269065
76561197960269066
76561197960269067
76561197960269068
76561197960269069
76561197960269070
76561197960269072
76561197960269073
76561197960269075
76561197960269077
76561197960269078
76561197960269079
76561197960269080
76561197960269081
76561197960269082
76561197960269083
76561197960269084
76561197960269086
76561197960269087
76561197960269088
76561197960269090
76561197960269091
76561197960269093
76561197960269094
76561197960269095
76561197960269096
76561197960269097
76561197960269098
76561197960269099
76561197960269100
76561197960269101
76561197960269102
76561197960269103
76561197960269104
76561197960269105
76561197960269106
76561197960269107
76561197960269108
76561197960269109
76561197960269110
76561197960269111
76561197960269112
76561197960269113
76561197960269114
76561197960269115
76561197960269116
76561197960269117
76561197960269119
76561197960269120
76561197960269121
76561197960269122
76561197960269123
76561197960269124
76561197960269126
76561197960269127
76561197960269129
76561197960269130
76561197960269131
76561197960269132
76561197960269134
76561197960269136
76561197960269137
76561197960269140
76561197960269141
76561197960269142
76561197960269143
76561197960269145
76561197960269146
76561197960269147
76561197960269148
76561197960269149
76561197960269150
76561197960269151
76561197960269152
76561197960269153
76561197960269154
76561197960269155
76561197960269156
76561197960269157
76561197960269158
76561197960269159
76561197960269160
76561197960269161
76561197960269162
76561197960269163
76561197960269164
76561197960269165
76561197960269166
76561197960269167
76561197960269169
76561197960269170
76561197960269172
76561197960269173
76561197960269174
76561197960269175
76561197960269177
76561197960269178
76561197960269179
76561197960269180
76561197960269181
76561197960269182
76561197960269183
76561197960269184
76561197960269185
76561197960269186
76561197960269187
76561197960269188
76561197960269189
76561197960269190
76561197960269191
76561197960269192
76561197960269193
76561197960269194
76561197960269196
76561197960269197
76561197960269198
76561197960269199
76561197960269200
76561197960269201
76561197960269202
76561197960269203
76561197960269205
76561197960269207
76561197960269208
76561197960269211
76561197960269212
76561197960269213
76561197960269214
76561197960269215
76561197960269216
76561197960269217
76561197960269218
76561197960269219
76561197960269220
76561197960269221
76561197960269222
76561197960269223
76561197960269224
76561197960269225
76561197960269227
76561197960269228
76561197960269229
76561197960269230
76561197960269231
76561197960269232
76561197960269233
76561197960269234
76561197960269235
76561197960269236
76561197960269237
76561197960269238
76561197960269239
76561197960269240
76561197960269241
76561197960269242
76561197960269243
76561197960269244
76561197960269245
76561197960269247
76561197960269248
76561197960269249
76561197960269250
76561197960269252
76561197960269253
76561197960269254
76561197960269255
76561197960269256
76561197960269257
76561197960269258
76561197960269259
76561197960269260
76561197960269261
76561197960269262
76561197960269263
76561197960269264
76561197960269265
76561197960269266
76561197960269268
76561197960269269
76561197960269270
76561197960269271
76561197960269272
76561197960269273
76561197960269274
76561197960269275
76561197960269276
76561197960269277
76561197960269278
76561197960269279
76561197960269280
76561197960269281
76561197960269282
76561197960269283
76561197960269284
76561197960269285
76561197960269286
76561197960269287
76561197960269288
76561197960269289
76561197960269290
76561197960269291
76561197960269293
76561197960269294
76561197960269295
76561197960269296
76561197960269297
76561197960269299
76561197960269300
76561197960269301
76561197960269302
76561197960269303
76561197960269304
76561197960269305
76561197960269307
76561197960269309
76561197960269310
76561197960269311
76561197960269312
76561197960269313
76561197960269314
76561197960269315
76561197960269316
76561197960269317
76561197960269319
76561197960269321
76561197960269322
76561197960269323
76561197960269324
76561197960269325
76561197960269326
76561197960269328
76561197960269329
76561197960269330
76561197960269331
76561197960269332
76561197960269333
76561197960269334
76561197960269336
76561197960269337
76561197960269338
76561197960269339
76561197960269340
76561197960269341
76561197960269342
76561197960269343
76561197960269344
76561197960269345
76561197960269346
76561197960269347
76561197960269348
76561197960269349
76561197960269350
76561197960269351
76561197960269352
76561197960269353
76561197960269354
76561197960269355
76561197960269356
76561197960269357
76561197960269358
76561197960269360
76561197960269361
76561197960269362
76561197960269363
76561197960269365
76561197960269367
76561197960269368
76561197960269369
76561197960269370
76561197960269371
76561197960269372
76561197960269373
76561197960269374
76561197960269375
76561197960269376
76561197960269377
76561197960269378
76561197960269379
76561197960269380
76561197960269381
76561197960269382
76561197960269383
76561197960269385
76561197960269386
76561197960269387
76561197960269388
76561197960269389
76561197960269390
76561197960269391
76561197960269392
76561197960269393
76561197960269394
76561197960269395
76561197960269396
76561197960269397
76561197960269398
76561197960269399
76561197960269400
76561197960269402
76561197960269403
76561197960269404
76561197960269405
76561197960269407
76561197960269408
76561197960269409
76561197960269410
76561197960269411
76561197960269412
76561197960269413
76561197960269414
76561197960269415
76561197960269416
76561197960269417
76561197960269418
76561197960269419
76561197960269420
76561197960269421
76561197960269422
76561197960269423
76561197960269424
76561197960269425
76561197960269426
76561197960269427
76561197960269428
76561197960269430
76561197960269431
76561197960269432
76561197960269433
76561197960269434
76561197960269435
76561197960269436
76561197960269437
76561197960269438
76561197960269439
76561197960269440
76561197960269441
76561197960269442
76561197960269443
76561197960269444
76561197960269445
76561197960269446
76561197960269447
76561197960269448
76561197960269449
76561197960269450
76561197960269451
76561197960269453
76561197960269454
76561197960269455
76561197960269456
76561197960269458
76561197960269459
76561197960269460
76561197960269461
76561197960269462
76561197960269463
76561197960269464
76561197960269465
76561197960269466
76561197960269467
76561197960269468
76561197960269469
76561197960269470
76561197960269471
76561197960269472
76561197960269473
76561197960269474
76561197960269475
76561197960269476
76561197960269477
76561197960269478
76561197960269479
76561197960269480
76561197960269481
76561197960269482
76561197960269483
76561197960269484
76561197960269485
76561197960269486
76561197960269487
76561197960269488
76561197960269489
76561197960269490
76561197960269491
76561197960269492
76561197960269493
76561197960269494
76561197960269495
76561197960269496
76561197960269497
76561197960269498
76561197960269499
76561197960269500
76561197960269501
76561197960269502
76561197960269503
76561197960269504
76561197960269505
76561197960269506
76561197960269507
76561197960269508
76561197960269509
76561197960269510
76561197960269511
76561197960269512
76561197960269514
76561197960269515
76561197960269516
76561197960269517
76561197960269518
76561197960269519
76561197960269520
76561197960269521
76561197960269522
76561197960269523
76561197960269524
76561197960269525
76561197960269526
76561197960269527
76561197960269528
76561197960269529
76561197960269530
76561197960269531
76561197960269532
76561197960269533
76561197960269534
76561197960269535
76561197960269536
76561197960269537
76561197960269538
76561197960269539
76561197960269540
76561197960269541
76561197960269542
76561197960269544
76561197960269546
76561197960269547
76561197960269548
76561197960269549
76561197960269550
76561197960269551
76561197960269552
76561197960269553
76561197960269554
76561197960269555
76561197960269556
76561197960269557
76561197960269558
76561197960269560
76561197960269561
76561197960269562
76561197960269563
76561197960269566
76561197960269567
76561197960269568
76561197960269569
76561197960269570
76561197960269571
76561197960269572
76561197960269573
76561197960269574
76561197960269575
76561197960269576
76561197960269578
76561197960269579
76561197960269580
76561197960269581
76561197960269582
76561197960269583
76561197960269584
76561197960269585
76561197960269586
76561197960269587
76561197960269588
76561197960269589
76561197960269590
76561197960269591
76561197960269592
76561197960269594
76561197960269595
76561197960269596
76561197960269597
76561197960269598
76561197960269599
76561197960269600
76561197960269601
76561197960269602
76561197960269603
76561197960269604
76561197960269605
76561197960269606
76561197960269607
76561197960269608
76561197960269609
76561197960269610
76561197960269611
76561197960269612
76561197960269613
76561197960269614
76561197960269615
76561197960269616
76561197960269617
76561197960269618
76561197960269619
76561197960269621
76561197960269622
76561197960269623
76561197960269624
76561197960269625
76561197960269626
76561197960269627
76561197960269628
76561197960269629
76561197960269630
76561197960269631
76561197960269632
76561197960269633
76561197960269634
76561197960269636
76561197960269637
76561197960269638
76561197960269639
76561197960269640
76561197960269641
76561197960269642
76561197960269643
76561197960269644
76561197960269645
76561197960269646
76561197960269647
76561197960269648
76561197960269649
76561197960269650
76561197960269651
76561197960269652
76561197960269653
76561197960269654
76561197960269655
76561197960269656
76561197960269657
76561197960269659
76561197960269660
76561197960269661
76561197960269662
76561197960269663
76561197960269664
76561197960269666
76561197960269667
76561197960269668
76561197960269669
76561197960269670
76561197960269671
76561197960269672
76561197960269673
76561197960269674
76561197960269675
76561197960269676
76561197960269677
76561197960269678
76561197960269679
76561197960269680
76561197960269681
76561197960269682
76561197960269683
76561197960269684
76561197960269685
76561197960269687
76561197960269688
76561197960269689
76561197960269690
76561197960269691
76561197960269692
76561197960269693
76561197960269694
76561197960269695
76561197960269696
76561197960269697
76561197960269698
76561197960269699
76561197960269700
76561197960269701
76561197960269702
76561197960269703
76561197960269704
76561197960269705
76561197960269706
76561197960269707
76561197960269708
76561197960269710
76561197960269711
76561197960269712
76561197960269713
76561197960269714
76561197960269715
76561197960269716
76561197960269717
76561197960269718
76561197960269719
76561197960269720
76561197960269721
76561197960269722
76561197960269723
76561197960269724
76561197960269725
76561197960269726
76561197960269727
76561197960269728
76561197960269730
76561197960269732
76561197960269733
76561197960269734
76561197960269736
76561197960269737
76561197960269738
76561197960269739
76561197960269740
76561197960269741
76561197960269742
76561197960269743
76561197960269744
76561197960269745
76561197960269746
76561197960269747
76561197960269748
76561197960269749
76561197960269750
76561197960269751
76561197960269752
76561197960269753
76561197960269754
76561197960269755
76561197960269756
76561197960269757
76561197960269758
76561197960269759
76561197960269760
76561197960269761
76561197960269762
76561197960269763
76561197960269765
76561197960269766
76561197960269767
76561197960269768
76561197960269769
76561197960269770
76561197960269771
76561197960269772
76561197960269773
76561197960269774
76561197960269775
76561197960269776
76561197960269777
76561197960269778
76561197960269779
76561197960269780
76561197960269781
76561197960269782
76561197960269783
76561197960269784
76561197960269785
76561197960269786
76561197960269787
76561197960269788
76561197960269789
76561197960269790
76561197960269791
76561197960269792
76561197960269793
76561197960269794
76561197960269795
76561197960269796
76561197960269797
76561197960269798
76561197960269799
76561197960269800
76561197960269801
76561197960269802
76561197960269803
76561197960269804
76561197960269805
76561197960269806
76561197960269807
76561197960269808
76561197960269809
76561197960269810
76561197960269811
76561197960269812
76561197960269813
76561197960269814
76561197960269815
76561197960269816
76561197960269817
76561197960269818
76561197960269819
76561197960269820
76561197960269821
76561197960269822
76561197960269823
76561197960269824
76561197960269825
76561197960269826
76561197960269827
76561197960269828
76561197960269829
76561197960269830
76561197960269831
76561197960269832
76561197960269833
76561197960269834
76561197960269836
76561197960269837
76561197960269838
76561197960269839
76561197960269840
76561197960269841
76561197960269842
76561197960269843
76561197960269847
76561197960269848
76561197960269849
76561197960269850
76561197960269851
76561197960269852
76561197960269853
76561197960269854
76561197960269855
76561197960269856
76561197960269857
76561197960269858
76561197960269859
76561197960269860
76561197960269861
76561197960269862
76561197960269863
76561197960269865
76561197960269866
76561197960269867
76561197960269868
76561197960269869
76561197960269870
76561197960269871
76561197960269872
76561197960269873
76561197960269874
76561197960269875
76561197960269877
76561197960269878
76561197960269879
76561197960269880
76561197960269881
76561197960269882
76561197960269883
76561197960269884
76561197960269885
76561197960269886
76561197960269887
76561197960269888
76561197960269889
76561197960269890
76561197960269891
76561197960269892
76561197960269893
76561197960269895
76561197960269896
76561197960269897
76561197960269898
76561197960269899
76561197960269900
76561197960269901
76561197960269902
76561197960269903
76561197960269904
76561197960269905
76561197960269906
76561197960269907
76561197960269908
76561197960269909
76561197960269910
76561197960269911
76561197960269912
76561197960269913
76561197960269914
76561197960269915
76561197960269916
76561197960269917
76561197960269918
76561197960269919
76561197960269920
76561197960269921
76561197960269922
76561197960269923
76561197960269924
76561197960269925
76561197960269926
76561197960269927
76561197960269928
76561197960269929
76561197960269930
76561197960269931
76561197960269932
76561197960269933
76561197960269934
76561197960269935
76561197960269936
76561197960269937
76561197960269938
76561197960269939
76561197960269940
76561197960269941
76561197960269942
76561197960269943
76561197960269945
76561197960269946
76561197960269947
76561197960269948
76561197960269949
76561197960269950
76561197960269951
76561197960269952
76561197960269953
76561197960269954
76561197960269955
76561197960269956
76561197960269957
76561197960269958
76561197960269959
76561197960269960
76561197960269961
76561197960269962
76561197960269963
76561197960269964
76561197960269965
76561197960269966
