76561197961135728
76561197961135734
76561197961135735
76561197961135736
76561197961135738
76561197961135739
76561197961135740
76561197961135742
76561197961135743
76561197961135744
76561197961135745
76561197961135746
76561197961135747
76561197961135748
76561197961135749
76561197961135750
76561197961135752
76561197961135753
76561197961135754
76561197961135755
76561197961135756
76561197961135757
76561197961135758
76561197961135759
76561197961135760
76561197961135761
76561197961135762
76561197961135763
76561197961135764
76561197961135765
76561197961135767
76561197961135768
76561197961135769
76561197961135771
76561197961135773
76561197961135775
76561197961135777
76561197961135779
76561197961135780
76561197961135781
76561197961135782
76561197961135783
76561197961135784
76561197961135785
76561197961135786
76561197961135787
76561197961135792
76561197961135794
76561197961135795
76561197961135796
76561197961135797
76561197961135800
76561197961135801
76561197961135803
76561197961135804
76561197961135805
76561197961135807
76561197961135810
76561197961135811
76561197961135812
76561197961135813
76561197961135815
76561197961135816
76561197961135822
76561197961135823
76561197961135824
76561197961135827
76561197961135828
76561197961135829
76561197961135834
76561197961135837
76561197961135839
76561197961135840
76561197961135841
76561197961135844
76561197961135845
76561197961135847
76561197961135849
76561197961135853
76561197961135855
76561197961135858
76561197961135859
76561197961135863
76561197961135864
76561197961135865
76561197961135866
76561197961135867
76561197961135869
76561197961135870
76561197961135872
76561197961135877
76561197961135878
76561197961135880
76561197961135881
76561197961135884
76561197961135885
76561197961135888
76561197961135889
76561197961135890
76561197961135891
76561197961135892
76561197961135894
76561197961135895
76561197961135896
76561197961135897
76561197961135899
76561197961135901
76561197961135902
76561197961135903
76561197961135906
76561197961135908
76561197961135909
76561197961135912
76561197961135913
76561197961135914
76561197961135916
76561197961135918
76561197961135920
76561197961135921
76561197961135922
76561197961135924
76561197961135925
76561197961135926
76561197961135927
76561197961135928
76561197961135930
76561197961135931
76561197961135932
76561197961135936
76561197961135937
76561197961135940
76561197961135942
76561197961135944
76561197961135945
76561197961135946
76561197961135949
76561197961135951
76561197961135953
76561197961135955
76561197961135957
76561197961135959
76561197961135960
76561197961135962
76561197961135964
76561197961135966
76561197961135967
76561197961135970
76561197961135972
76561197961135976
76561197961135979
76561197961135982
76561197961135984
76561197961135985
76561197961135989
76561197961135990
76561197961135992
76561197961135993
76561197961135995
76561197961135996
76561197961135997
76561197961135998
76561197961136001
76561197961136002
76561197961136004
76561197961136007
76561197961136008
76561197961136009
76561197961136010
76561197961136012
76561197961136015
76561197961136016
76561197961136017
76561197961136019
76561197961136023
76561197961136024
76561197961136025
76561197961136026
76561197961136028
76561197961136030
76561197961136032
76561197961136033
76561197961136035
76561197961136037
76561197961136038
76561197961136039
76561197961136041
76561197961136042
76561197961136043
76561197961136044
76561197961136047
76561197961136048
76561197961136049
76561197961136050
76561197961136051
76561197961136052
76561197961136054
76561197961136055
76561197961136058
76561197961136061
76561197961136062
76561197961136064
76561197961136065
76561197961136067
76561197961136069
76561197961136070
76561197961136072
76561197961136073
76561197961136074
76561197961136078
76561197961136080
76561197961136082
76561197961136083
76561197961136084
76561197961136086
76561197961136087
76561197961136089
76561197961136090
76561197961136091
76561197961136092
76561197961136094
76561197961136095
76561197961136097
76561197961136098
76561197961136100
76561197961136101
76561197961136102
76561197961136103
76561197961136105
76561197961136108
76561197961136109
76561197961136110
76561197961136112
76561197961136113
76561197961136118
76561197961136119
76561197961136120
76561197961136121
76561197961136122
76561197961136123
76561197961136124
76561197961136125
76561197961136126
76561197961136128
76561197961136129
76561197961136130
76561197961136132
76561197961136134
76561197961136137
76561197961136138
76561197961136141
76561197961136142
76561197961136144
76561197961136145
76561197961136147
76561197961136148
76561197961136149
76561197961136151
76561197961136153
76561197961136154
76561197961136155
76561197961136156
76561197961136157
76561197961136158
76561197961136159
76561197961136162
76561197961136163
76561197961136165
76561197961136166
76561197961136167
76561197961136168
76561197961136169
76561197961136171
76561197961136173
76561197961136174
76561197961136175
76561197961136177
76561197961136179
76561197961136180
76561197961136182
76561197961136183
76561197961136185
76561197961136186
76561197961136187
76561197961136188
76561197961136189
76561197961136192
76561197961136195
76561197961136196
76561197961136197
76561197961136200
76561197961136202
76561197961136203
76561197961136204
76561197961136205
76561197961136206
76561197961136207
76561197961136211
76561197961136214
76561197961136215
76561197961136217
76561197961136218
76561197961136219
76561197961136222
76561197961136226
76561197961136227
76561197961136228
76561197961136230
76561197961136231
76561197961136235
76561197961136238
76561197961136239
76561197961136240
76561197961136241
76561197961136242
76561197961136243
76561197961136245
76561197961136248
76561197961136249
76561197961136251
76561197961136254
76561197961136256
76561197961136257
76561197961136259
76561197961136260
76561197961136261
76561197961136262
76561197961136263
76561197961136266
76561197961136267
76561197961136268
76561197961136270
76561197961136272
76561197961136273
76561197961136277
76561197961136278
76561197961136279
76561197961136285
76561197961136288
76561197961136289
76561197961136290
76561197961136291
76561197961136292
76561197961136293
76561197961136294
76561197961136296
76561197961136298
76561197961136299
76561197961136300
76561197961136301
76561197961136302
76561197961136303
76561197961136304
76561197961136306
76561197961136308
76561197961136310
76561197961136312
76561197961136316
76561197961136318
76561197961136320
76561197961136321
76561197961136323
76561197961136324
76561197961136326
76561197961136327
76561197961136331
76561197961136333
76561197961136335
76561197961136336
76561197961136338
76561197961136340
76561197961136341
76561197961136342
76561197961136344
76561197961136345
76561197961136348
76561197961136349
76561197961136350
76561197961136351
76561197961136352
76561197961136356
76561197961136357
76561197961136358
76561197961136360
76561197961136362
76561197961136363
76561197961136364
76561197961136365
76561197961136367
76561197961136374
76561197961136376
76561197961136378
76561197961136379
76561197961136380
76561197961136382
76561197961136384
76561197961136385
76561197961136387
76561197961136392
76561197961136393
76561197961136396
76561197961136397
76561197961136399
76561197961136401
76561197961136403
76561197961136404
76561197961136405
76561197961136407
76561197961136408
76561197961136409
76561197961136410
76561197961136411
76561197961136412
76561197961136414
76561197961136415
76561197961136419
76561197961136420
76561197961136422
76561197961136424
76561197961136425
76561197961136427
76561197961136428
76561197961136430
76561197961136435
76561197961136438
76561197961136439
76561197961136440
76561197961136441
76561197961136442
76561197961136443
76561197961136445
76561197961136446
76561197961136448
76561197961136449
76561197961136450
76561197961136451
76561197961136453
76561197961136456
76561197961136460
76561197961136462
76561197961136463
76561197961136464
76561197961136465
76561197961136466
76561197961136467
76561197961136469
76561197961136470
76561197961136471
76561197961136472
76561197961136474
76561197961136477
76561197961136478
76561197961136482
76561197961136484
76561197961136486
76561197961136487
76561197961136488
76561197961136490
76561197961136492
76561197961136494
76561197961136495
76561197961136496
76561197961136497
76561197961136498
76561197961136500
76561197961136502
76561197961136508
76561197961136510
76561197961136513
76561197961136515
76561197961136516
76561197961136518
76561197961136519
76561197961136520
76561197961136526
76561197961136528
76561197961136530
76561197961136531
76561197961136532
76561197961136533
76561197961136537
76561197961136538
76561197961136539
76561197961136540
76561197961136541
76561197961136542
76561197961136545
76561197961136547
76561197961136548
76561197961136549
76561197961136550
76561197961136551
76561197961136552
76561197961136556
76561197961136557
76561197961136558
76561197961136560
76561197961136561
76561197961136562
76561197961136564
76561197961136565
76561197961136566
76561197961136571
76561197961136573
76561197961136574
76561197961136575
76561197961136576
76561197961136577
76561197961136578
76561197961136580
76561197961136581
76561197961136582
76561197961136584
76561197961136585
76561197961136587
76561197961136595
76561197961136596
76561197961136597
76561197961136600
76561197961136601
76561197961136602
76561197961136603
76561197961136605
76561197961136606
76561197961136607
76561197961136608
76561197961136610
76561197961136612
76561197961136613
76561197961136614
76561197961136615
76561197961136621
76561197961136622
76561197961136625
76561197961136628
76561197961136629
76561197961136631
76561197961136632
76561197961136633
76561197961136634
76561197961136635
76561197961136636
76561197961136638
76561197961136643
76561197961136645
76561197961136646
76561197961136647
76561197961136650
76561197961136651
76561197961136652
76561197961136654
76561197961136661
76561197961136663
76561197961136665
76561197961136667
76561197961136669
76561197961136670
76561197961136671
76561197961136672
76561197961136673
76561197961136674
76561197961136675
76561197961136678
76561197961136682
76561197961136684
76561197961136685
76561197961136686
76561197961136687
76561197961136689
76561197961136690
76561197961136692
76561197961136694
76561197961136696
76561197961136697
76561197961136698
76561197961136702
76561197961136703
76561197961136705
76561197961136706
76561197961136709
76561197961136710
76561197961136711
76561197961136712
76561197961136713
76561197961136716
76561197961136717
76561197961136718
76561197961136719
76561197961136720
76561197961136721
76561197961136723
76561197961136724
76561197961136725
76561197961136727
76561197961136728
76561197961136729
76561197961136730
76561197961136731
76561197961136732
76561197961136733
76561197961136736
76561197961136738
76561197961136739
76561197961136743
76561197961136745
76561197961136748
76561197961136749
76561197961136750
76561197961136751
76561197961136752
76561197961136754
76561197961136755
76561197961136756
76561197961136757
76561197961136758
76561197961136761
76561197961136763
76561197961136764
76561197961136765
76561197961136767
76561197961136769
76561197961136772
76561197961136773
76561197961136776
76561197961136778
76561197961136781
76561197961136782
76561197961136783
76561197961136785
76561197961136788
76561197961136790
76561197961136791
76561197961136793
76561197961136795
76561197961136796
76561197961136801
76561197961136802
76561197961136803
76561197961136804
76561197961136805
76561197961136806
76561197961136808
76561197961136809
76561197961136810
76561197961136812
76561197961136814
76561197961136816
76561197961136817
76561197961136819
76561197961136820
76561197961136821
76561197961136824
76561197961136825
76561197961136826
76561197961136828
76561197961136829
76561197961136832
76561197961136833
76561197961136834
76561197961136836
76561197961136837
76561197961136839
76561197961136840
76561197961136841
76561197961136844
76561197961136848
76561197961136849
76561197961136850
76561197961136853
76561197961136857
76561197961136860
76561197961136861
76561197961136863
76561197961136864
76561197961136865
76561197961136866
76561197961136867
76561197961136868
76561197961136869
76561197961136872
76561197961136874
76561197961136875
76561197961136878
76561197961136880
76561197961136881
76561197961136882
76561197961136884
76561197961136885
76561197961136888
76561197961136889
76561197961136890
76561197961136893
76561197961136895
76561197961136896
76561197961136897
76561197961136899
76561197961136901
76561197961136902
76561197961136907
76561197961136909
76561197961136910
76561197961136915
76561197961136917
76561197961136918
76561197961136919
76561197961136921
76561197961136924
76561197961136929
76561197961136932
76561197961136934
76561197961136935
76561197961136936
76561197961136937
76561197961136938
76561197961136939
76561197961136942
76561197961136946
76561197961136947
76561197961136949
76561197961136950
76561197961136951
76561197961136952
76561197961136953
76561197961136954
76561197961136957
76561197961136959
76561197961136960
76561197961136961
76561197961136962
76561197961136964
76561197961136967
76561197961136968
76561197961136969
76561197961136970
76561197961136971
76561197961136972
76561197961136973
76561197961136975
76561197961136976
76561197961136979
76561197961136980
76561197961136981
76561197961136983
76561197961136985
76561197961136986
76561197961136988
76561197961136990
76561197961136991
76561197961136992
76561197961136993
76561197961136995
76561197961136997
76561197961136999
76561197961137000
76561197961137001
76561197961137003
76561197961137005
76561197961137006
76561197961137007
76561197961137009
76561197961137010
76561197961137011
76561197961137013
76561197961137014
76561197961137017
76561197961137018
76561197961137020
76561197961137022
76561197961137024
76561197961137025
76561197961137028
76561197961137029
76561197961137030
76561197961137033
76561197961137034
76561197961137036
76561197961137037
76561197961137038
76561197961137039
76561197961137040
76561197961137047
76561197961137048
76561197961137052
76561197961137054
76561197961137057
76561197961137058
76561197961137059
76561197961137060
76561197961137061
76561197961137067
76561197961137068
76561197961137069
76561197961137071
76561197961137072
76561197961137074
76561197961137075
76561197961137077
76561197961137078
76561197961137080
76561197961137082
76561197961137083
76561197961137084
76561197961137085
76561197961137087
76561197961137088
76561197961137089
76561197961137090
76561197961137092
76561197961137093
76561197961137094
76561197961137095
76561197961137100
76561197961137101
76561197961137102
76561197961137104
76561197961137105
76561197961137107
76561197961137108
76561197961137111
76561197961137112
76561197961137114
76561197961137115
76561197961137116
76561197961137117
76561197961137120
76561197961137121
76561197961137123
76561197961137124
76561197961137125
76561197961137127
76561197961137128
76561197961137129
76561197961137130
76561197961137133
76561197961137141
76561197961137143
76561197961137144
76561197961137145
76561197961137146
76561197961137148
76561197961137151
76561197961137152
76561197961137153
76561197961137154
76561197961137156
76561197961137157
76561197961137159
76561197961137162
76561197961137163
76561197961137165
76561197961137166
76561197961137171
76561197961137173
76561197961137174
76561197961137175
76561197961137176
76561197961137177
76561197961137180
76561197961137181
76561197961137185
76561197961137186
76561197961137187
76561197961137189
76561197961137190
76561197961137191
76561197961137192
76561197961137199
76561197961137200
76561197961137202
76561197961137203
76561197961137204
76561197961137205
76561197961137207
76561197961137208
76561197961137213
76561197961137214
76561197961137216
76561197961137217
76561197961137219
76561197961137222
76561197961137225
76561197961137227
76561197961137228
76561197961137231
76561197961137232
76561197961137234
76561197961137235
76561197961137236
76561197961137237
76561197961137238
76561197961137239
76561197961137240
76561197961137243
76561197961137244
76561197961137246
76561197961137247
76561197961137248
76561197961137249
76561197961137250
76561197961137251
76561197961137254
76561197961137256
76561197961137257
76561197961137259
76561197961137263
76561197961137264
76561197961137266
76561197961137267
76561197961137268
76561197961137269
76561197961137270
76561197961137271
76561197961137272
76561197961137273
76561197961137274
76561197961137276
76561197961137281
76561197961137283
76561197961137284
76561197961137285
76561197961137286
76561197961137287
76561197961137288
76561197961137290
76561197961137291
76561197961137295
76561197961137296
76561197961137298
76561197961137299
76561197961137300
76561197961137301
76561197961137302
76561197961137304
76561197961137306
76561197961137307
76561197961137308
76561197961137309
76561197961137312
76561197961137313
76561197961137315
76561197961137316
76561197961137317
76561197961137321
76561197961137322
76561197961137326
76561197961137327
76561197961137328
76561197961137331
76561197961137332
76561197961137334
76561197961137335
76561197961137336
76561197961137337
76561197961137338
76561197961137339
76561197961137340
76561197961137342
76561197961137343
76561197961137344
76561197961137346
76561197961137347
76561197961137349
76561197961137351
76561197961137353
76561197961137354
76561197961137355
76561197961137356
76561197961137357
76561197961137358
76561197961137360
76561197961137366
76561197961137367
76561197961137369
76561197961137370
76561197961137372
76561197961137373
76561197961137375
76561197961137376
76561197961137377
76561197961137379
76561197961137381
76561197961137383
76561197961137384
76561197961137389
76561197961137391
76561197961137392
76561197961137394
76561197961137395
76561197961137398
76561197961137400
76561197961137401
76561197961137402
76561197961137405
76561197961137407
76561197961137408
76561197961137410
76561197961137412
76561197961137414
76561197961137415
76561197961137417
76561197961137419
