76561197961772641
76561197961772643
76561197961772645
76561197961772647
76561197961772649
76561197961772651
76561197961772652
76561197961772654
76561197961772656
76561197961772657
76561197961772658
76561197961772659
76561197961772660
76561197961772661
76561197961772662
76561197961772663
76561197961772664
76561197961772665
76561197961772668
76561197961772669
76561197961772670
76561197961772671
76561197961772672
76561197961772675
76561197961772677
76561197961772678
76561197961772680
76561197961772688
76561197961772689
76561197961772692
76561197961772693
76561197961772694
76561197961772699
76561197961772701
76561197961772702
76561197961772703
76561197961772704
76561197961772705
76561197961772706
76561197961772707
76561197961772709
76561197961772711
76561197961772712
76561197961772713
76561197961772714
76561197961772715
76561197961772716
76561197961772717
76561197961772718
76561197961772721
76561197961772722
76561197961772723
76561197961772724
76561197961772725
76561197961772726
76561197961772727
76561197961772728
76561197961772731
76561197961772735
76561197961772739
76561197961772742
76561197961772743
76561197961772745
76561197961772746
76561197961772748
76561197961772749
76561197961772751
76561197961772752
76561197961772754
76561197961772755
76561197961772757
76561197961772758
76561197961772760
76561197961772761
76561197961772762
76561197961772766
76561197961772772
76561197961772773
76561197961772774
76561197961772775
76561197961772776
76561197961772778
76561197961772779
76561197961772780
76561197961772781
76561197961772783
76561197961772784
76561197961772785
76561197961772787
76561197961772789
76561197961772791
76561197961772794
76561197961772795
76561197961772796
76561197961772797
76561197961772798
76561197961772801
76561197961772802
76561197961772803
76561197961772805
76561197961772807
76561197961772808
76561197961772811
76561197961772812
76561197961772813
76561197961772815
76561197961772816
76561197961772818
76561197961772820
76561197961772821
76561197961772824
76561197961772825
76561197961772826
76561197961772827
76561197961772830
76561197961772834
76561197961772836
76561197961772840
76561197961772841
76561197961772842
76561197961772843
76561197961772848
76561197961772849
76561197961772851
76561197961772852
76561197961772853
76561197961772854
76561197961772855
76561197961772856
76561197961772858
76561197961772859
76561197961772861
76561197961772862
76561197961772864
76561197961772866
76561197961772868
76561197961772874
76561197961772876
76561197961772877
76561197961772878
76561197961772879
76561197961772880
76561197961772881
76561197961772882
76561197961772883
76561197961772884
76561197961772885
76561197961772887
76561197961772889
76561197961772890
76561197961772892
76561197961772893
76561197961772894
76561197961772895
76561197961772896
76561197961772897
76561197961772898
76561197961772900
76561197961772907
76561197961772909
76561197961772911
76561197961772912
76561197961772913
76561197961772915
76561197961772916
76561197961772917
76561197961772918
76561197961772920
76561197961772922
76561197961772923
76561197961772924
76561197961772925
76561197961772926
76561197961772927
76561197961772928
76561197961772929
76561197961772930
76561197961772931
76561197961772933
76561197961772938
76561197961772941
76561197961772942
76561197961772943
76561197961772945
76561197961772946
76561197961772947
76561197961772948
76561197961772949
76561197961772950
76561197961772951
76561197961772954
76561197961772956
76561197961772958
76561197961772961
76561197961772962
76561197961772964
76561197961772965
76561197961772968
76561197961772970
76561197961772971
76561197961772972
76561197961772974
76561197961772975
76561197961772977
76561197961772978
76561197961772982
76561197961772983
76561197961772985
76561197961772986
76561197961772987
76561197961772988
76561197961772989
76561197961772991
76561197961772992
76561197961772993
76561197961772994
76561197961772995
76561197961772996
76561197961772998
76561197961772999
76561197961773001
76561197961773002
76561197961773003
76561197961773004
76561197961773005
76561197961773006
76561197961773007
76561197961773009
76561197961773010
76561197961773011
76561197961773012
76561197961773014
76561197961773015
76561197961773016
76561197961773017
76561197961773018
76561197961773019
76561197961773021
76561197961773022
76561197961773023
76561197961773027
76561197961773028
76561197961773029
76561197961773033
76561197961773035
76561197961773036
76561197961773038
76561197961773039
76561197961773041
76561197961773044
76561197961773046
76561197961773047
76561197961773048
76561197961773049
76561197961773050
76561197961773052
76561197961773053
76561197961773055
76561197961773057
76561197961773059
76561197961773064
76561197961773065
76561197961773066
76561197961773070
76561197961773072
76561197961773073
76561197961773074
76561197961773075
76561197961773076
76561197961773078
76561197961773079
76561197961773080
76561197961773082
76561197961773083
76561197961773085
76561197961773086
76561197961773087
76561197961773088
76561197961773089
76561197961773091
76561197961773092
76561197961773093
76561197961773094
76561197961773095
76561197961773097
76561197961773098
76561197961773100
76561197961773101
76561197961773102
76561197961773103
76561197961773104
76561197961773105
76561197961773106
76561197961773107
76561197961773108
76561197961773111
76561197961773112
76561197961773116
76561197961773117
76561197961773118
76561197961773120
76561197961773122
76561197961773124
76561197961773126
76561197961773128
76561197961773129
76561197961773130
76561197961773131
76561197961773133
76561197961773137
76561197961773138
76561197961773141
76561197961773142
76561197961773146
76561197961773147
76561197961773148
76561197961773149
76561197961773151
76561197961773152
76561197961773153
76561197961773154
76561197961773155
76561197961773156
76561197961773159
76561197961773160
76561197961773161
76561197961773162
76561197961773164
76561197961773165
76561197961773167
76561197961773168
76561197961773170
76561197961773171
76561197961773173
76561197961773176
76561197961773177
76561197961773178
76561197961773180
76561197961773181
76561197961773184
76561197961773185
76561197961773186
76561197961773187
76561197961773189
76561197961773190
76561197961773191
76561197961773192
76561197961773194
76561197961773195
76561197961773196
76561197961773198
76561197961773200
76561197961773202
76561197961773203
76561197961773204
76561197961773205
76561197961773206
76561197961773208
76561197961773209
76561197961773211
76561197961773212
76561197961773213
76561197961773215
76561197961773216
76561197961773217
76561197961773218
76561197961773221
76561197961773222
76561197961773224
76561197961773227
76561197961773229
76561197961773230
76561197961773232
76561197961773233
76561197961773234
76561197961773236
76561197961773237
76561197961773238
76561197961773242
76561197961773243
76561197961773244
76561197961773245
76561197961773250
76561197961773252
76561197961773253
76561197961773254
76561197961773255
76561197961773258
76561197961773260
76561197961773261
76561197961773266
76561197961773267
76561197961773272
76561197961773276
76561197961773277
76561197961773278
76561197961773279
76561197961773281
76561197961773282
76561197961773283
76561197961773286
76561197961773288
76561197961773290
76561197961773294
76561197961773295
76561197961773296
76561197961773297
76561197961773298
76561197961773300
76561197961773301
76561197961773302
76561197961773303
76561197961773304
76561197961773305
76561197961773306
76561197961773307
76561197961773308
76561197961773309
76561197961773311
76561197961773313
76561197961773315
76561197961773316
76561197961773317
76561197961773319
76561197961773320
76561197961773321
76561197961773322
76561197961773324
76561197961773325
76561197961773326
76561197961773327
76561197961773328
76561197961773329
76561197961773330
76561197961773333
76561197961773338
76561197961773339
76561197961773341
76561197961773342
76561197961773343
76561197961773344
76561197961773345
76561197961773346
76561197961773347
76561197961773348
76561197961773350
76561197961773351
76561197961773354
76561197961773355
76561197961773358
76561197961773359
76561197961773360
76561197961773364
76561197961773369
76561197961773371
76561197961773373
76561197961773375
76561197961773380
76561197961773383
76561197961773384
76561197961773388
76561197961773389
76561197961773394
76561197961773396
76561197961773399
76561197961773401
76561197961773402
76561197961773404
76561197961773405
76561197961773412
76561197961773413
76561197961773414
76561197961773415
76561197961773417
76561197961773418
76561197961773420
76561197961773423
76561197961773425
76561197961773426
76561197961773427
76561197961773432
76561197961773433
76561197961773435
76561197961773437
76561197961773438
76561197961773439
76561197961773440
76561197961773441
76561197961773442
76561197961773449
76561197961773450
76561197961773451
76561197961773453
76561197961773455
76561197961773459
76561197961773460
76561197961773461
76561197961773464
76561197961773467
76561197961773470
76561197961773471
76561197961773472
76561197961773474
76561197961773475
76561197961773476
76561197961773478
76561197961773479
76561197961773480
76561197961773482
76561197961773484
76561197961773485
76561197961773486
76561197961773487
76561197961773489
76561197961773491
76561197961773492
76561197961773494
76561197961773498
76561197961773499
76561197961773503
76561197961773505
76561197961773508
76561197961773510
76561197961773512
76561197961773514
76561197961773515
76561197961773516
76561197961773517
76561197961773518
76561197961773519
76561197961773520
76561197961773522
76561197961773524
76561197961773527
76561197961773532
76561197961773534
76561197961773535
76561197961773536
76561197961773537
76561197961773538
76561197961773540
76561197961773541
76561197961773542
76561197961773543
76561197961773544
76561197961773547
76561197961773551
76561197961773552
76561197961773554
76561197961773557
76561197961773558
76561197961773560
76561197961773561
76561197961773563
76561197961773565
76561197961773568
76561197961773570
76561197961773571
76561197961773574
76561197961773575
76561197961773577
76561197961773578
76561197961773580
76561197961773581
76561197961773582
76561197961773583
76561197961773584
76561197961773587
76561197961773589
76561197961773590
76561197961773591
76561197961773594
76561197961773595
76561197961773596
76561197961773599
76561197961773600
76561197961773602
76561197961773603
76561197961773604
76561197961773605
76561197961773607
76561197961773608
76561197961773610
76561197961773611
76561197961773612
76561197961773614
76561197961773617
76561197961773618
76561197961773619
76561197961773621
76561197961773622
76561197961773623
76561197961773624
76561197961773625
76561197961773626
76561197961773629
76561197961773631
76561197961773632
76561197961773634
76561197961773639
76561197961773640
76561197961773641
76561197961773645
76561197961773646
76561197961773648
76561197961773650
76561197961773652
76561197961773655
76561197961773656
76561197961773658
76561197961773659
76561197961773663
76561197961773664
76561197961773665
76561197961773667
76561197961773668
76561197961773672
76561197961773673
76561197961773674
76561197961773676
76561197961773677
76561197961773678
76561197961773679
76561197961773680
76561197961773682
76561197961773685
76561197961773686
76561197961773687
76561197961773688
76561197961773690
76561197961773692
76561197961773695
76561197961773696
76561197961773699
76561197961773700
76561197961773702
76561197961773705
76561197961773707
76561197961773709
76561197961773711
76561197961773713
76561197961773716
76561197961773717
76561197961773718
76561197961773720
76561197961773723
76561197961773724
76561197961773725
76561197961773726
76561197961773727
76561197961773728
76561197961773729
76561197961773730
76561197961773732
76561197961773733
76561197961773734
76561197961773735
76561197961773736
76561197961773737
76561197961773738
76561197961773740
76561197961773741
76561197961773743
76561197961773745
76561197961773746
76561197961773748
76561197961773749
76561197961773750
76561197961773752
76561197961773755
76561197961773756
76561197961773757
76561197961773759
76561197961773760
76561197961773763
76561197961773764
76561197961773766
76561197961773767
76561197961773769
76561197961773770
76561197961773771
76561197961773772
76561197961773773
76561197961773774
76561197961773775
76561197961773777
76561197961773780
76561197961773781
76561197961773782
76561197961773783
76561197961773785
76561197961773787
76561197961773790
76561197961773791
76561197961773792
76561197961773795
76561197961773796
76561197961773798
76561197961773799
76561197961773801
76561197961773802
76561197961773804
76561197961773806
76561197961773807
76561197961773811
76561197961773812
76561197961773814
76561197961773817
76561197961773818
76561197961773823
76561197961773824
76561197961773827
76561197961773829
76561197961773830
76561197961773831
76561197961773836
76561197961773837
76561197961773840
76561197961773841
76561197961773843
76561197961773844
76561197961773845
76561197961773847
76561197961773849
76561197961773851
76561197961773855
76561197961773859
76561197961773863
76561197961773865
76561197961773866
76561197961773869
76561197961773870
76561197961773871
76561197961773874
76561197961773876
76561197961773882
76561197961773884
76561197961773885
76561197961773886
76561197961773888
76561197961773889
76561197961773890
76561197961773891
76561197961773893
76561197961773894
76561197961773898
76561197961773900
76561197961773902
76561197961773906
76561197961773908
76561197961773909
76561197961773912
76561197961773915
76561197961773916
76561197961773917
76561197961773918
76561197961773920
76561197961773922
76561197961773924
76561197961773925
76561197961773927
76561197961773930
76561197961773935
76561197961773938
76561197961773939
76561197961773940
76561197961773941
76561197961773942
76561197961773943
76561197961773945
76561197961773946
76561197961773947
76561197961773949
76561197961773952
76561197961773953
76561197961773954
76561197961773955
76561197961773957
76561197961773960
76561197961773961
76561197961773962
76561197961773963
76561197961773966
76561197961773967
76561197961773968
76561197961773969
76561197961773970
76561197961773971
76561197961773972
76561197961773973
76561197961773974
76561197961773975
76561197961773976
76561197961773978
76561197961773979
76561197961773980
76561197961773981
76561197961773985
76561197961773989
76561197961773990
76561197961773991
76561197961773992
76561197961773993
76561197961773995
76561197961773996
76561197961773998
76561197961773999
76561197961774005
76561197961774006
76561197961774007
76561197961774009
76561197961774011
76561197961774016
76561197961774018
76561197961774019
76561197961774020
76561197961774022
76561197961774023
76561197961774026
76561197961774028
76561197961774032
76561197961774033
76561197961774038
76561197961774039
76561197961774040
76561197961774041
76561197961774042
76561197961774043
76561197961774045
76561197961774048
76561197961774050
76561197961774051
76561197961774052
76561197961774054
76561197961774056
76561197961774057
76561197961774058
76561197961774059
76561197961774060
76561197961774062
76561197961774065
76561197961774066
76561197961774067
76561197961774068
76561197961774071
76561197961774072
76561197961774075
76561197961774078
76561197961774079
76561197961774081
76561197961774082
76561197961774084
76561197961774085
76561197961774088
76561197961774090
76561197961774091
76561197961774092
76561197961774095
76561197961774096
76561197961774097
76561197961774098
76561197961774099
76561197961774101
76561197961774103
76561197961774104
76561197961774107
76561197961774108
76561197961774109
76561197961774110
76561197961774111
76561197961774113
76561197961774115
76561197961774118
76561197961774119
76561197961774120
76561197961774121
76561197961774123
76561197961774124
76561197961774125
76561197961774127
76561197961774128
76561197961774129
76561197961774130
76561197961774132
76561197961774133
76561197961774135
76561197961774141
76561197961774143
76561197961774144
76561197961774145
76561197961774146
76561197961774147
76561197961774149
76561197961774150
76561197961774151
76561197961774153
76561197961774155
76561197961774157
76561197961774161
76561197961774163
76561197961774164
76561197961774169
76561197961774170
76561197961774171
76561197961774173
76561197961774176
76561197961774177
76561197961774179
76561197961774180
76561197961774181
76561197961774183
76561197961774185
76561197961774186
76561197961774189
76561197961774192
76561197961774193
76561197961774194
76561197961774195
76561197961774196
76561197961774198
76561197961774199
76561197961774201
76561197961774203
76561197961774204
76561197961774205
76561197961774206
76561197961774207
76561197961774208
76561197961774209
76561197961774210
76561197961774211
76561197961774212
76561197961774213
76561197961774214
76561197961774215
76561197961774216
76561197961774217
76561197961774218
76561197961774219
76561197961774220
76561197961774221
76561197961774223
76561197961774224
76561197961774225
76561197961774226
76561197961774227
76561197961774228
76561197961774229
76561197961774230
76561197961774231
76561197961774232
76561197961774234
76561197961774237
76561197961774238
76561197961774239
76561197961774240
76561197961774241
76561197961774242
76561197961774243
76561197961774248
76561197961774249
76561197961774251
76561197961774252
76561197961774253
76561197961774254
76561197961774256
76561197961774257
76561197961774258
76561197961774260
76561197961774262
76561197961774263
76561197961774264
76561197961774265
76561197961774266
76561197961774269
76561197961774270
76561197961774271
76561197961774273
76561197961774274
76561197961774275
76561197961774276
76561197961774277
76561197961774278
76561197961774279
76561197961774280
76561197961774283
76561197961774284
76561197961774287
76561197961774288
76561197961774289
76561197961774290
76561197961774291
76561197961774292
76561197961774293
76561197961774295
76561197961774297
76561197961774298
76561197961774299
76561197961774301
76561197961774307
