76561197960507460
76561197960507463
76561197960507465
76561197960507466
76561197960507467
76561197960507469
76561197960507471
76561197960507472
76561197960507475
76561197960507476
76561197960507477
76561197960507478
76561197960507480
76561197960507481
76561197960507482
76561197960507483
76561197960507484
76561197960507485
76561197960507487
76561197960507489
76561197960507490
76561197960507492
76561197960507493
76561197960507494
76561197960507496
76561197960507498
76561197960507499
76561197960507500
76561197960507501
76561197960507502
76561197960507503
76561197960507505
76561197960507506
76561197960507507
76561197960507512
76561197960507513
76561197960507514
76561197960507515
76561197960507517
76561197960507518
76561197960507519
76561197960507520
76561197960507521
76561197960507523
76561197960507525
76561197960507526
76561197960507528
76561197960507531
76561197960507532
76561197960507533
76561197960507534
76561197960507535
76561197960507536
76561197960507537
76561197960507538
76561197960507539
76561197960507540
76561197960507542
76561197960507543
76561197960507544
76561197960507545
76561197960507546
76561197960507547
76561197960507548
76561197960507549
76561197960507550
76561197960507551
76561197960507552
76561197960507553
76561197960507554
76561197960507559
76561197960507560
76561197960507562
76561197960507564
76561197960507565
76561197960507566
76561197960507567
76561197960507569
76561197960507570
76561197960507571
76561197960507572
76561197960507573
76561197960507574
76561197960507576
76561197960507577
76561197960507578
76561197960507582
76561197960507583
76561197960507585
76561197960507586
76561197960507588
76561197960507592
76561197960507595
76561197960507596
76561197960507597
76561197960507601
76561197960507603
76561197960507604
76561197960507605
76561197960507606
76561197960507608
76561197960507609
76561197960507610
76561197960507611
76561197960507612
76561197960507613
76561197960507614
76561197960507615
76561197960507616
76561197960507618
76561197960507619
76561197960507620
76561197960507621
76561197960507622
76561197960507623
76561197960507624
76561197960507625
76561197960507626
76561197960507627
76561197960507628
76561197960507630
76561197960507631
76561197960507632
76561197960507633
76561197960507634
76561197960507635
76561197960507637
76561197960507638
76561197960507639
76561197960507643
76561197960507644
76561197960507645
76561197960507646
76561197960507647
76561197960507648
76561197960507649
76561197960507650
76561197960507652
76561197960507653
76561197960507654
76561197960507655
76561197960507656
76561197960507657
76561197960507658
76561197960507659
76561197960507662
76561197960507663
76561197960507664
76561197960507665
76561197960507666
76561197960507667
76561197960507668
76561197960507671
76561197960507672
76561197960507673
76561197960507674
76561197960507675
76561197960507677
76561197960507682
76561197960507683
76561197960507686
76561197960507689
76561197960507690
76561197960507691
76561197960507692
76561197960507693
76561197960507694
76561197960507695
76561197960507696
76561197960507700
76561197960507701
76561197960507703
76561197960507704
76561197960507705
76561197960507708
76561197960507710
76561197960507711
76561197960507712
76561197960507713
76561197960507715
76561197960507717
76561197960507718
76561197960507721
76561197960507722
76561197960507723
76561197960507724
76561197960507725
76561197960507726
76561197960507727
76561197960507728
76561197960507730
76561197960507731
76561197960507732
76561197960507733
76561197960507734
76561197960507735
76561197960507736
76561197960507737
76561197960507740
76561197960507741
76561197960507742
76561197960507743
76561197960507744
76561197960507745
76561197960507746
76561197960507747
76561197960507748
76561197960507749
76561197960507750
76561197960507751
76561197960507752
76561197960507753
76561197960507754
76561197960507755
76561197960507756
76561197960507757
76561197960507759
76561197960507761
76561197960507765
76561197960507766
76561197960507767
76561197960507768
76561197960507770
76561197960507771
76561197960507772
76561197960507773
76561197960507774
76561197960507775
76561197960507776
76561197960507777
76561197960507778
76561197960507779
76561197960507782
76561197960507784
76561197960507785
76561197960507786
76561197960507787
76561197960507788
76561197960507790
76561197960507791
76561197960507792
76561197960507793
76561197960507795
76561197960507797
76561197960507798
76561197960507802
76561197960507803
76561197960507805
76561197960507808
76561197960507809
76561197960507810
76561197960507811
76561197960507812
76561197960507813
76561197960507814
76561197960507816
76561197960507817
76561197960507818
76561197960507819
76561197960507820
76561197960507821
76561197960507822
76561197960507823
76561197960507826
76561197960507827
76561197960507831
76561197960507832
76561197960507833
76561197960507834
76561197960507836
76561197960507842
76561197960507846
76561197960507847
76561197960507848
76561197960507849
76561197960507852
76561197960507853
76561197960507857
76561197960507858
76561197960507860
76561197960507861
76561197960507863
76561197960507865
76561197960507866
76561197960507867
76561197960507868
76561197960507869
76561197960507870
76561197960507872
76561197960507873
76561197960507875
76561197960507876
76561197960507877
76561197960507879
76561197960507881
76561197960507882
76561197960507883
76561197960507884
76561197960507885
76561197960507886
76561197960507887
76561197960507888
76561197960507889
76561197960507890
76561197960507891
76561197960507892
76561197960507893
76561197960507894
76561197960507895
76561197960507897
76561197960507898
76561197960507901
76561197960507902
76561197960507905
76561197960507906
76561197960507908
76561197960507909
76561197960507910
76561197960507911
76561197960507912
76561197960507915
76561197960507916
76561197960507917
76561197960507921
76561197960507922
76561197960507923
76561197960507928
76561197960507930
76561197960507931
76561197960507933
76561197960507935
76561197960507936
76561197960507938
76561197960507939
76561197960507941
76561197960507942
76561197960507943
76561197960507945
76561197960507946
76561197960507949
76561197960507950
76561197960507953
76561197960507954
76561197960507955
76561197960507957
76561197960507958
76561197960507959
76561197960507961
76561197960507962
76561197960507963
76561197960507964
76561197960507966
76561197960507967
76561197960507968
76561197960507971
76561197960507972
76561197960507978
76561197960507979
76561197960507980
76561197960507981
76561197960507982
76561197960507983
76561197960507984
76561197960507985
76561197960507986
76561197960507987
76561197960507988
76561197960507989
76561197960507992
76561197960507993
76561197960507994
76561197960507995
76561197960507996
76561197960507997
76561197960507998
76561197960507999
76561197960508001
76561197960508002
76561197960508003
76561197960508004
76561197960508006
76561197960508008
76561197960508011
76561197960508013
76561197960508016
76561197960508017
76561197960508018
76561197960508019
76561197960508020
76561197960508021
76561197960508023
76561197960508024
76561197960508025
76561197960508028
76561197960508030
76561197960508031
76561197960508032
76561197960508034
76561197960508035
76561197960508037
76561197960508038
76561197960508041
76561197960508044
76561197960508046
76561197960508049
76561197960508051
76561197960508053
76561197960508054
76561197960508055
76561197960508056
76561197960508057
76561197960508058
76561197960508059
76561197960508060
76561197960508061
76561197960508062
76561197960508063
76561197960508064
76561197960508066
76561197960508067
76561197960508068
76561197960508069
76561197960508071
76561197960508072
76561197960508073
76561197960508074
76561197960508075
76561197960508076
76561197960508077
76561197960508078
76561197960508079
76561197960508080
76561197960508081
76561197960508082
76561197960508084
76561197960508085
76561197960508088
76561197960508091
76561197960508092
76561197960508093
76561197960508094
76561197960508096
76561197960508097
76561197960508098
76561197960508099
76561197960508101
76561197960508103
76561197960508106
76561197960508107
76561197960508108
76561197960508109
76561197960508111
76561197960508113
76561197960508117
76561197960508118
76561197960508120
76561197960508121
76561197960508122
76561197960508124
76561197960508125
76561197960508126
76561197960508127
76561197960508128
76561197960508129
76561197960508130
76561197960508131
76561197960508132
76561197960508133
76561197960508135
76561197960508136
76561197960508139
76561197960508140
76561197960508141
76561197960508142
76561197960508143
76561197960508144
76561197960508147
76561197960508148
76561197960508150
76561197960508152
76561197960508153
76561197960508154
76561197960508155
76561197960508156
76561197960508158
76561197960508159
76561197960508162
76561197960508164
76561197960508166
76561197960508167
76561197960508168
76561197960508169
76561197960508170
76561197960508172
76561197960508176
76561197960508177
76561197960508178
76561197960508181
76561197960508182
76561197960508183
76561197960508184
76561197960508185
76561197960508186
76561197960508187
76561197960508188
76561197960508189
76561197960508190
76561197960508191
76561197960508193
76561197960508195
76561197960508197
76561197960508198
76561197960508201
76561197960508202
76561197960508205
76561197960508206
76561197960508209
76561197960508210
76561197960508212
76561197960508213
76561197960508214
76561197960508217
76561197960508219
76561197960508220
76561197960508222
76561197960508225
76561197960508227
76561197960508228
76561197960508229
76561197960508230
76561197960508231
76561197960508232
76561197960508233
76561197960508234
76561197960508235
76561197960508236
76561197960508237
76561197960508238
76561197960508243
76561197960508244
76561197960508245
76561197960508246
76561197960508247
76561197960508248
76561197960508249
76561197960508252
76561197960508253
76561197960508254
76561197960508255
76561197960508256
76561197960508257
76561197960508258
76561197960508259
76561197960508260
76561197960508261
76561197960508263
76561197960508264
76561197960508265
76561197960508266
76561197960508267
76561197960508268
76561197960508269
76561197960508270
76561197960508271
76561197960508273
76561197960508274
76561197960508275
76561197960508276
76561197960508280
76561197960508282
76561197960508283
76561197960508285
76561197960508286
76561197960508287
76561197960508290
76561197960508291
76561197960508293
76561197960508294
76561197960508295
76561197960508297
76561197960508299
76561197960508300
76561197960508301
76561197960508303
76561197960508304
76561197960508306
76561197960508307
76561197960508309
76561197960508310
76561197960508311
76561197960508312
76561197960508313
76561197960508314
76561197960508315
76561197960508316
76561197960508318
76561197960508319
76561197960508320
76561197960508321
76561197960508322
76561197960508323
76561197960508324
76561197960508325
76561197960508326
76561197960508327
76561197960508328
76561197960508329
76561197960508330
76561197960508331
76561197960508334
76561197960508335
76561197960508338
76561197960508339
76561197960508340
76561197960508341
76561197960508342
76561197960508343
76561197960508346
76561197960508347
76561197960508348
76561197960508349
76561197960508350
76561197960508351
76561197960508352
76561197960508353
76561197960508354
76561197960508355
76561197960508356
76561197960508357
76561197960508358
76561197960508361
76561197960508362
76561197960508363
76561197960508364
76561197960508365
76561197960508366
76561197960508369
76561197960508370
76561197960508371
76561197960508372
76561197960508373
76561197960508374
76561197960508376
76561197960508377
76561197960508378
76561197960508379
76561197960508380
76561197960508381
76561197960508382
76561197960508383
76561197960508386
76561197960508387
76561197960508388
76561197960508389
76561197960508391
76561197960508393
76561197960508394
76561197960508395
76561197960508396
76561197960508397
76561197960508400
76561197960508401
76561197960508402
76561197960508403
76561197960508404
76561197960508406
76561197960508407
76561197960508410
76561197960508414
76561197960508415
76561197960508416
76561197960508417
76561197960508419
76561197960508420
76561197960508421
76561197960508422
76561197960508423
76561197960508424
76561197960508425
76561197960508427
76561197960508428
76561197960508429
76561197960508430
76561197960508433
76561197960508435
76561197960508437
76561197960508440
76561197960508441
76561197960508442
76561197960508443
76561197960508445
76561197960508446
76561197960508447
76561197960508449
76561197960508450
76561197960508451
76561197960508452
76561197960508453
76561197960508454
76561197960508455
76561197960508457
76561197960508458
76561197960508459
76561197960508460
76561197960508461
76561197960508463
76561197960508464
76561197960508466
76561197960508467
76561197960508468
76561197960508469
76561197960508471
76561197960508472
76561197960508474
76561197960508475
76561197960508477
76561197960508478
76561197960508480
76561197960508484
76561197960508486
76561197960508488
76561197960508489
76561197960508493
76561197960508494
76561197960508496
76561197960508497
76561197960508498
76561197960508502
76561197960508503
76561197960508504
76561197960508505
76561197960508507
76561197960508508
76561197960508509
76561197960508510
76561197960508512
76561197960508513
76561197960508515
76561197960508516
76561197960508517
76561197960508519
76561197960508520
76561197960508521
76561197960508522
76561197960508523
76561197960508525
76561197960508526
76561197960508527
76561197960508531
76561197960508532
76561197960508533
76561197960508535
76561197960508537
76561197960508539
76561197960508540
76561197960508542
76561197960508543
76561197960508545
76561197960508547
76561197960508548
76561197960508549
76561197960508551
76561197960508553
76561197960508554
76561197960508558
76561197960508559
76561197960508560
76561197960508561
76561197960508563
76561197960508564
76561197960508565
76561197960508566
76561197960508567
76561197960508570
76561197960508571
76561197960508574
76561197960508575
76561197960508577
76561197960508578
76561197960508580
76561197960508581
76561197960508582
76561197960508583
76561197960508586
76561197960508587
76561197960508589
76561197960508590
76561197960508593
76561197960508594
76561197960508595
76561197960508596
76561197960508600
76561197960508601
76561197960508603
76561197960508605
76561197960508606
76561197960508607
76561197960508608
76561197960508610
76561197960508612
76561197960508613
76561197960508614
76561197960508615
76561197960508616
76561197960508617
76561197960508618
76561197960508619
76561197960508623
76561197960508624
76561197960508625
76561197960508626
76561197960508630
76561197960508631
76561197960508632
76561197960508633
76561197960508634
76561197960508635
76561197960508636
76561197960508637
76561197960508638
76561197960508640
76561197960508642
76561197960508643
76561197960508644
76561197960508647
76561197960508649
76561197960508650
76561197960508651
76561197960508653
76561197960508654
76561197960508655
76561197960508656
76561197960508657
76561197960508658
76561197960508659
76561197960508661
76561197960508662
76561197960508663
76561197960508664
76561197960508667
76561197960508668
76561197960508669
76561197960508671
76561197960508672
76561197960508674
76561197960508676
76561197960508677
76561197960508678
76561197960508680
76561197960508681
76561197960508682
76561197960508683
76561197960508684
76561197960508685
76561197960508686
76561197960508687
76561197960508688
76561197960508689
76561197960508690
76561197960508691
76561197960508694
76561197960508695
76561197960508697
76561197960508698
76561197960508699
76561197960508700
76561197960508702
76561197960508703
76561197960508705
76561197960508708
76561197960508709
76561197960508710
76561197960508712
76561197960508713
76561197960508714
76561197960508715
76561197960508716
76561197960508717
76561197960508719
76561197960508721
76561197960508722
76561197960508723
76561197960508725
76561197960508726
76561197960508727
76561197960508728
76561197960508729
76561197960508730
76561197960508731
76561197960508733
76561197960508734
76561197960508738
76561197960508739
76561197960508742
76561197960508743
76561197960508744
76561197960508747
76561197960508748
76561197960508749
76561197960508750
76561197960508751
76561197960508753
76561197960508755
76561197960508756
76561197960508758
76561197960508759
76561197960508761
76561197960508762
76561197960508764
76561197960508766
76561197960508768
76561197960508769
76561197960508770
76561197960508771
76561197960508772
76561197960508773
76561197960508774
76561197960508775
76561197960508776
76561197960508777
76561197960508778
76561197960508779
76561197960508781
76561197960508782
76561197960508783
76561197960508785
76561197960508787
76561197960508789
76561197960508791
76561197960508792
76561197960508794
76561197960508795
76561197960508797
76561197960508798
76561197960508799
76561197960508801
76561197960508802
76561197960508803
76561197960508806
76561197960508807
76561197960508808
76561197960508809
76561197960508810
76561197960508811
76561197960508812
76561197960508813
76561197960508814
76561197960508815
76561197960508816
76561197960508817
76561197960508818
76561197960508819
76561197960508822
76561197960508824
76561197960508825
76561197960508826
76561197960508828
76561197960508829
76561197960508830
76561197960508831
76561197960508833
76561197960508834
76561197960508836
76561197960508837
76561197960508838
76561197960508839
76561197960508840
76561197960508841
76561197960508842
76561197960508843
76561197960508844
76561197960508845
76561197960508846
76561197960508847
76561197960508849
76561197960508850
76561197960508852
76561197960508854
76561197960508855
76561197960508857
76561197960508859
76561197960508860
76561197960508861
76561197960508862
76561197960508864
76561197960508868
76561197960508869
76561197960508870
76561197960508872
76561197960508873
76561197960508874
76561197960508875
76561197960508876
76561197960508877
76561197960508878
76561197960508880
76561197960508881
76561197960508882
76561197960508886
76561197960508887
