76561197960287442
76561197960287443
76561197960287444
76561197960287445
76561197960287446
76561197960287447
76561197960287448
76561197960287449
76561197960287451
76561197960287452
76561197960287453
76561197960287454
76561197960287455
76561197960287456
76561197960287457
76561197960287460
76561197960287461
76561197960287462
76561197960287463
76561197960287464
76561197960287466
76561197960287467
76561197960287468
76561197960287469
76561197960287470
76561197960287471
76561197960287473
76561197960287474
76561197960287475
76561197960287478
76561197960287479
76561197960287480
76561197960287481
76561197960287482
76561197960287483
76561197960287484
76561197960287485
76561197960287486
76561197960287487
76561197960287488
76561197960287489
76561197960287490
76561197960287491
76561197960287492
76561197960287493
76561197960287494
76561197960287495
76561197960287496
76561197960287497
76561197960287499
76561197960287500
76561197960287501
76561197960287502
76561197960287503
76561197960287504
76561197960287505
76561197960287506
76561197960287507
76561197960287508
76561197960287509
76561197960287510
76561197960287511
76561197960287512
76561197960287513
76561197960287514
76561197960287517
76561197960287518
76561197960287520
76561197960287521
76561197960287522
76561197960287523
76561197960287524
76561197960287525
76561197960287526
76561197960287527
76561197960287528
76561197960287529
76561197960287530
76561197960287531
76561197960287532
76561197960287533
76561197960287534
76561197960287535
76561197960287536
76561197960287538
76561197960287539
76561197960287540
76561197960287541
76561197960287542
76561197960287543
76561197960287544
76561197960287545
76561197960287547
76561197960287548
76561197960287549
76561197960287551
76561197960287552
76561197960287553
76561197960287554
76561197960287556
76561197960287557
76561197960287558
76561197960287559
76561197960287560
76561197960287561
76561197960287562
76561197960287564
76561197960287565
76561197960287566
76561197960287567
76561197960287568
76561197960287570
76561197960287571
76561197960287572
76561197960287573
76561197960287574
76561197960287576
76561197960287577
76561197960287578
76561197960287579
76561197960287580
76561197960287581
76561197960287582
76561197960287583
76561197960287584
76561197960287585
76561197960287586
76561197960287587
76561197960287588
76561197960287589
76561197960287590
76561197960287591
76561197960287592
76561197960287593
76561197960287594
76561197960287595
76561197960287596
76561197960287597
76561197960287598
76561197960287599
76561197960287600
76561197960287601
76561197960287602
76561197960287603
76561197960287604
76561197960287605
76561197960287606
76561197960287609
76561197960287610
76561197960287611
76561197960287612
76561197960287614
76561197960287615
76561197960287616
76561197960287617
76561197960287618
76561197960287619
76561197960287620
76561197960287621
76561197960287622
76561197960287623
76561197960287624
76561197960287625
76561197960287626
76561197960287627
76561197960287628
76561197960287629
76561197960287630
76561197960287631
76561197960287632
76561197960287633
76561197960287634
76561197960287635
76561197960287636
76561197960287637
76561197960287639
76561197960287640
76561197960287641
76561197960287642
76561197960287643
76561197960287644
76561197960287645
76561197960287646
76561197960287647
76561197960287648
76561197960287649
76561197960287650
76561197960287651
76561197960287652
76561197960287653
76561197960287654
76561197960287655
76561197960287656
76561197960287657
76561197960287658
76561197960287659
76561197960287660
76561197960287661
76561197960287662
76561197960287663
76561197960287664
76561197960287665
76561197960287666
76561197960287667
76561197960287668
76561197960287669
76561197960287670
76561197960287671
76561197960287673
76561197960287675
76561197960287676
76561197960287677
76561197960287679
76561197960287680
76561197960287681
76561197960287682
76561197960287683
76561197960287684
76561197960287685
76561197960287686
76561197960287687
76561197960287688
76561197960287689
76561197960287690
76561197960287691
76561197960287692
76561197960287693
76561197960287694
76561197960287695
76561197960287696
76561197960287697
76561197960287698
76561197960287699
76561197960287700
76561197960287701
76561197960287702
76561197960287703
76561197960287704
76561197960287705
76561197960287706
76561197960287707
76561197960287709
76561197960287710
76561197960287711
76561197960287712
76561197960287713
76561197960287714
76561197960287715
76561197960287716
76561197960287717
76561197960287718
76561197960287719
76561197960287721
76561197960287722
76561197960287723
76561197960287724
76561197960287725
76561197960287726
76561197960287727
76561197960287728
76561197960287729
76561197960287730
76561197960287733
76561197960287734
76561197960287735
76561197960287736
76561197960287737
76561197960287738
76561197960287739
76561197960287741
76561197960287743
76561197960287745
76561197960287746
76561197960287747
76561197960287748
76561197960287749
76561197960287750
76561197960287752
76561197960287753
76561197960287754
76561197960287756
76561197960287758
76561197960287759
76561197960287760
76561197960287761
76561197960287762
76561197960287763
76561197960287764
76561197960287765
76561197960287766
76561197960287767
76561197960287768
76561197960287769
76561197960287770
76561197960287771
76561197960287772
76561197960287773
76561197960287774
76561197960287775
76561197960287777
76561197960287778
76561197960287779
76561197960287780
76561197960287781
76561197960287782
76561197960287784
76561197960287785
76561197960287786
76561197960287787
76561197960287789
76561197960287790
76561197960287791
76561197960287792
76561197960287793
76561197960287794
76561197960287795
76561197960287796
76561197960287797
76561197960287798
76561197960287799
76561197960287800
76561197960287801
76561197960287802
76561197960287803
76561197960287804
76561197960287805
76561197960287806
76561197960287808
76561197960287809
76561197960287810
76561197960287811
76561197960287812
76561197960287813
76561197960287814
76561197960287815
76561197960287816
76561197960287817
76561197960287818
76561197960287819
76561197960287820
76561197960287822
76561197960287823
76561197960287825
76561197960287826
76561197960287827
76561197960287828
76561197960287830
76561197960287831
76561197960287832
76561197960287833
76561197960287834
76561197960287835
76561197960287836
76561197960287837
76561197960287838
76561197960287839
76561197960287841
76561197960287842
76561197960287843
76561197960287844
76561197960287845
76561197960287847
76561197960287848
76561197960287849
76561197960287850
76561197960287851
76561197960287852
76561197960287853
76561197960287854
76561197960287855
76561197960287856
76561197960287857
76561197960287858
76561197960287859
76561197960287860
76561197960287861
76561197960287862
76561197960287863
76561197960287864
76561197960287866
76561197960287867
76561197960287868
76561197960287869
76561197960287870
76561197960287871
76561197960287872
76561197960287873
76561197960287874
76561197960287875
76561197960287876
76561197960287878
76561197960287879
76561197960287880
76561197960287881
76561197960287882
76561197960287883
76561197960287884
76561197960287885
76561197960287887
76561197960287889
76561197960287890
76561197960287891
76561197960287892
76561197960287893
76561197960287894
76561197960287895
76561197960287896
76561197960287897
76561197960287898
76561197960287899
76561197960287900
76561197960287901
76561197960287904
76561197960287905
76561197960287906
76561197960287907
76561197960287908
76561197960287909
76561197960287910
76561197960287911
76561197960287912
76561197960287913
76561197960287914
76561197960287915
76561197960287916
76561197960287917
76561197960287919
76561197960287920
76561197960287921
76561197960287922
76561197960287923
76561197960287924
76561197960287925
76561197960287926
76561197960287928
76561197960287929
76561197960287930
76561197960287931
76561197960287933
76561197960287934
76561197960287935
76561197960287936
76561197960287938
76561197960287939
76561197960287940
76561197960287941
76561197960287942
76561197960287943
76561197960287944
76561197960287945
76561197960287947
76561197960287948
76561197960287949
76561197960287950
76561197960287951
76561197960287952
76561197960287954
76561197960287955
76561197960287956
76561197960287957
76561197960287958
76561197960287959
76561197960287960
76561197960287962
76561197960287963
76561197960287964
76561197960287965
76561197960287966
76561197960287967
76561197960287969
76561197960287970
76561197960287971
76561197960287972
76561197960287973
76561197960287974
76561197960287975
76561197960287976
76561197960287977
76561197960287978
76561197960287980
76561197960287981
76561197960287982
76561197960287983
76561197960287984
76561197960287985
76561197960287987
76561197960287988
76561197960287989
76561197960287992
76561197960287993
76561197960287994
76561197960287995
76561197960287996
76561197960287997
76561197960287999
76561197960288000
76561197960288001
76561197960288003
76561197960288004
76561197960288006
76561197960288007
76561197960288008
76561197960288010
76561197960288011
76561197960288013
76561197960288014
76561197960288015
76561197960288016
76561197960288017
76561197960288018
76561197960288020
76561197960288021
76561197960288022
76561197960288023
76561197960288024
76561197960288025
76561197960288026
76561197960288027
76561197960288028
76561197960288030
76561197960288031
76561197960288032
76561197960288033
76561197960288034
76561197960288035
76561197960288038
76561197960288039
76561197960288040
76561197960288041
76561197960288042
76561197960288043
76561197960288044
76561197960288046
76561197960288047
76561197960288048
76561197960288049
76561197960288050
76561197960288051
76561197960288052
76561197960288053
76561197960288055
76561197960288056
76561197960288057
76561197960288058
76561197960288059
76561197960288060
76561197960288061
76561197960288062
76561197960288064
76561197960288065
76561197960288066
76561197960288067
76561197960288068
76561197960288069
76561197960288070
76561197960288071
76561197960288072
76561197960288073
76561197960288074
76561197960288075
76561197960288077
76561197960288078
76561197960288080
76561197960288081
76561197960288082
76561197960288084
76561197960288085
76561197960288086
76561197960288087
76561197960288088
76561197960288089
76561197960288091
76561197960288092
76561197960288093
76561197960288094
76561197960288095
76561197960288096
76561197960288097
76561197960288098
76561197960288099
76561197960288101
76561197960288102
76561197960288103
76561197960288104
76561197960288105
76561197960288106
76561197960288107
76561197960288108
76561197960288110
76561197960288111
76561197960288112
76561197960288113
76561197960288114
76561197960288115
76561197960288116
76561197960288117
76561197960288118
76561197960288119
76561197960288120
76561197960288121
76561197960288122
76561197960288123
76561197960288124
76561197960288125
76561197960288126
76561197960288127
76561197960288128
76561197960288130
76561197960288131
76561197960288132
76561197960288133
76561197960288134
76561197960288135
76561197960288136
76561197960288137
76561197960288138
76561197960288139
76561197960288140
76561197960288141
76561197960288142
76561197960288143
76561197960288144
76561197960288145
76561197960288146
76561197960288147
76561197960288148
76561197960288149
76561197960288150
76561197960288151
76561197960288152
76561197960288153
76561197960288154
76561197960288156
76561197960288158
76561197960288159
76561197960288160
76561197960288161
76561197960288162
76561197960288163
76561197960288164
76561197960288165
76561197960288166
76561197960288167
76561197960288168
76561197960288169
76561197960288170
76561197960288171
76561197960288172
76561197960288173
76561197960288174
76561197960288175
76561197960288176
76561197960288177
76561197960288178
76561197960288179
76561197960288180
76561197960288181
76561197960288183
76561197960288184
76561197960288185
76561197960288186
76561197960288187
76561197960288188
76561197960288189
76561197960288190
76561197960288191
76561197960288192
76561197960288193
76561197960288194
76561197960288195
76561197960288196
76561197960288197
76561197960288198
76561197960288199
76561197960288200
76561197960288202
76561197960288203
76561197960288204
76561197960288205
76561197960288206
76561197960288207
76561197960288208
76561197960288209
76561197960288210
76561197960288211
76561197960288215
76561197960288216
76561197960288217
76561197960288218
76561197960288219
76561197960288220
76561197960288221
76561197960288222
76561197960288223
76561197960288224
76561197960288225
76561197960288226
76561197960288227
76561197960288228
76561197960288229
76561197960288230
76561197960288231
76561197960288232
76561197960288233
76561197960288235
76561197960288236
76561197960288237
76561197960288238
76561197960288239
76561197960288240
76561197960288241
76561197960288242
76561197960288243
76561197960288244
76561197960288245
76561197960288246
76561197960288247
76561197960288248
76561197960288249
76561197960288250
76561197960288251
76561197960288252
76561197960288253
76561197960288254
76561197960288255
76561197960288256
76561197960288257
76561197960288258
76561197960288259
76561197960288260
76561197960288261
76561197960288262
76561197960288263
76561197960288264
76561197960288265
76561197960288266
76561197960288267
76561197960288268
76561197960288269
76561197960288270
76561197960288271
76561197960288272
76561197960288273
76561197960288274
76561197960288275
76561197960288276
76561197960288277
76561197960288278
76561197960288279
76561197960288280
76561197960288281
76561197960288282
76561197960288283
76561197960288284
76561197960288285
76561197960288286
76561197960288287
76561197960288288
76561197960288289
76561197960288290
76561197960288292
76561197960288293
76561197960288294
76561197960288295
76561197960288296
76561197960288297
76561197960288301
76561197960288302
76561197960288303
76561197960288304
76561197960288305
76561197960288306
76561197960288307
76561197960288308
76561197960288309
76561197960288310
76561197960288311
76561197960288312
76561197960288314
76561197960288315
76561197960288316
76561197960288317
76561197960288318
76561197960288319
76561197960288320
76561197960288321
76561197960288322
76561197960288323
76561197960288325
76561197960288326
76561197960288327
76561197960288328
76561197960288329
76561197960288330
76561197960288331
76561197960288332
76561197960288333
76561197960288334
76561197960288335
76561197960288336
76561197960288337
76561197960288338
76561197960288339
76561197960288340
76561197960288341
76561197960288342
76561197960288343
76561197960288344
76561197960288345
76561197960288346
76561197960288347
76561197960288348
76561197960288349
76561197960288350
76561197960288351
76561197960288352
76561197960288353
76561197960288354
76561197960288355
76561197960288356
76561197960288357
76561197960288358
76561197960288359
76561197960288360
76561197960288362
76561197960288363
76561197960288364
76561197960288366
76561197960288367
76561197960288368
76561197960288369
76561197960288370
76561197960288371
76561197960288372
76561197960288373
76561197960288374
76561197960288375
76561197960288376
76561197960288377
76561197960288379
76561197960288382
76561197960288383
76561197960288384
76561197960288386
76561197960288387
76561197960288388
76561197960288389
76561197960288390
76561197960288391
76561197960288392
76561197960288393
76561197960288394
76561197960288395
76561197960288396
76561197960288397
76561197960288398
76561197960288399
76561197960288401
76561197960288402
76561197960288403
76561197960288404
76561197960288405
76561197960288406
76561197960288407
76561197960288408
76561197960288410
76561197960288412
76561197960288413
76561197960288414
76561197960288415
76561197960288416
76561197960288417
76561197960288418
76561197960288419
76561197960288420
76561197960288421
76561197960288422
76561197960288423
76561197960288424
76561197960288426
76561197960288427
76561197960288428
76561197960288429
76561197960288431
76561197960288432
76561197960288433
76561197960288434
76561197960288435
76561197960288436
76561197960288437
76561197960288438
76561197960288439
76561197960288440
76561197960288441
76561197960288442
76561197960288443
76561197960288444
76561197960288446
76561197960288447
76561197960288448
76561197960288449
76561197960288450
76561197960288451
76561197960288452
76561197960288453
76561197960288454
76561197960288455
76561197960288456
76561197960288458
76561197960288459
76561197960288460
76561197960288461
76561197960288462
76561197960288463
76561197960288464
76561197960288465
76561197960288466
76561197960288467
76561197960288469
76561197960288470
76561197960288472
76561197960288473
76561197960288474
76561197960288475
76561197960288476
76561197960288477
76561197960288479
76561197960288481
76561197960288482
76561197960288483
76561197960288484
76561197960288485
76561197960288486
76561197960288487
76561197960288488
76561197960288489
76561197960288490
76561197960288491
76561197960288492
76561197960288493
76561197960288494
76561197960288495
76561197960288496
76561197960288497
76561197960288498
76561197960288499
76561197960288500
76561197960288501
76561197960288502
76561197960288503
76561197960288504
76561197960288505
76561197960288506
76561197960288507
76561197960288508
76561197960288509
76561197960288510
76561197960288511
76561197960288512
76561197960288514
76561197960288516
76561197960288517
76561197960288518
76561197960288519
76561197960288520
76561197960288521
76561197960288522
76561197960288523
76561197960288524
76561197960288525
76561197960288526
76561197960288527
76561197960288528
76561197960288529
76561197960288530
76561197960288531
76561197960288532
76561197960288533
76561197960288534
76561197960288535
76561197960288536
76561197960288537
76561197960288538
76561197960288539
76561197960288540
76561197960288541
76561197960288542
76561197960288546
76561197960288548
76561197960288549
76561197960288550
76561197960288551
76561197960288552
76561197960288553
76561197960288554
76561197960288555
76561197960288556
76561197960288557
76561197960288558
76561197960288559
