76561197960277450
76561197960277451
76561197960277452
76561197960277453
76561197960277454
76561197960277455
76561197960277456
76561197960277457
76561197960277458
76561197960277459
76561197960277460
76561197960277461
76561197960277462
76561197960277463
76561197960277464
76561197960277466
76561197960277468
76561197960277469
76561197960277470
76561197960277471
76561197960277472
76561197960277473
76561197960277474
76561197960277475
76561197960277476
76561197960277477
76561197960277478
76561197960277479
76561197960277480
76561197960277481
76561197960277482
76561197960277483
76561197960277484
76561197960277486
76561197960277487
76561197960277488
76561197960277489
76561197960277490
76561197960277492
76561197960277493
76561197960277495
76561197960277496
76561197960277497
76561197960277498
76561197960277499
76561197960277500
76561197960277501
76561197960277502
76561197960277503
76561197960277504
76561197960277505
76561197960277506
76561197960277507
76561197960277509
76561197960277510
76561197960277511
76561197960277512
76561197960277513
76561197960277514
76561197960277515
76561197960277516
76561197960277518
76561197960277519
76561197960277521
76561197960277522
76561197960277523
76561197960277524
76561197960277526
76561197960277527
76561197960277528
76561197960277529
76561197960277530
76561197960277531
76561197960277532
76561197960277533
76561197960277534
76561197960277535
76561197960277536
76561197960277537
76561197960277538
76561197960277539
76561197960277540
76561197960277541
76561197960277542
76561197960277543
76561197960277544
76561197960277545
76561197960277546
76561197960277547
76561197960277548
76561197960277549
76561197960277550
76561197960277551
76561197960277552
76561197960277553
76561197960277555
76561197960277556
76561197960277558
76561197960277559
76561197960277560
76561197960277561
76561197960277562
76561197960277563
76561197960277564
76561197960277565
76561197960277566
76561197960277567
76561197960277570
76561197960277571
76561197960277572
76561197960277573
76561197960277574
76561197960277575
76561197960277576
76561197960277577
76561197960277578
76561197960277579
76561197960277580
76561197960277581
76561197960277582
76561197960277583
76561197960277584
76561197960277585
76561197960277586
76561197960277587
76561197960277588
76561197960277589
76561197960277590
76561197960277591
76561197960277592
76561197960277593
76561197960277594
76561197960277595
76561197960277597
76561197960277598
76561197960277600
76561197960277601
76561197960277602
76561197960277603
76561197960277604
76561197960277605
76561197960277606
76561197960277607
76561197960277608
76561197960277609
76561197960277610
76561197960277612
76561197960277613
76561197960277614
76561197960277615
76561197960277616
76561197960277617
76561197960277618
76561197960277619
76561197960277620
76561197960277621
76561197960277622
76561197960277623
76561197960277625
76561197960277626
76561197960277627
76561197960277628
76561197960277629
76561197960277630
76561197960277631
76561197960277633
76561197960277634
76561197960277635
76561197960277636
76561197960277637
76561197960277638
76561197960277639
76561197960277640
76561197960277642
76561197960277643
76561197960277644
76561197960277646
76561197960277647
76561197960277648
76561197960277649
76561197960277650
76561197960277651
76561197960277652
76561197960277653
76561197960277654
76561197960277655
76561197960277656
76561197960277657
76561197960277658
76561197960277659
76561197960277660
76561197960277661
76561197960277662
76561197960277663
76561197960277664
76561197960277665
76561197960277666
76561197960277667
76561197960277668
76561197960277669
76561197960277670
76561197960277671
76561197960277672
76561197960277673
76561197960277674
76561197960277675
76561197960277676
76561197960277677
76561197960277678
76561197960277679
76561197960277681
76561197960277682
76561197960277683
76561197960277684
76561197960277685
76561197960277686
76561197960277687
76561197960277688
76561197960277689
76561197960277690
76561197960277691
76561197960277692
76561197960277693
76561197960277694
76561197960277695
76561197960277697
76561197960277698
76561197960277699
76561197960277700
76561197960277701
76561197960277702
76561197960277703
76561197960277704
76561197960277706
76561197960277707
76561197960277709
76561197960277710
76561197960277711
76561197960277712
76561197960277713
76561197960277714
76561197960277715
76561197960277716
76561197960277717
76561197960277718
76561197960277720
76561197960277721
76561197960277723
76561197960277724
76561197960277725
76561197960277726
76561197960277727
76561197960277729
76561197960277730
76561197960277731
76561197960277732
76561197960277733
76561197960277734
76561197960277735
76561197960277736
76561197960277737
76561197960277738
76561197960277739
76561197960277740
76561197960277741
76561197960277743
76561197960277744
76561197960277745
76561197960277746
76561197960277747
76561197960277748
76561197960277749
76561197960277750
76561197960277752
76561197960277753
76561197960277754
76561197960277755
76561197960277756
76561197960277757
76561197960277758
76561197960277759
76561197960277760
76561197960277761
76561197960277762
76561197960277763
76561197960277764
76561197960277765
76561197960277766
76561197960277767
76561197960277768
76561197960277769
76561197960277770
76561197960277771
76561197960277772
76561197960277773
76561197960277774
76561197960277775
76561197960277776
76561197960277777
76561197960277778
76561197960277779
76561197960277780
76561197960277781
76561197960277782
76561197960277783
76561197960277784
76561197960277785
76561197960277786
76561197960277787
76561197960277788
76561197960277789
76561197960277790
76561197960277791
76561197960277792
76561197960277793
76561197960277794
76561197960277795
76561197960277796
76561197960277797
76561197960277798
76561197960277799
76561197960277800
76561197960277801
76561197960277802
76561197960277803
76561197960277804
76561197960277806
76561197960277807
76561197960277808
76561197960277809
76561197960277810
76561197960277811
76561197960277812
76561197960277813
76561197960277814
76561197960277815
76561197960277816
76561197960277817
76561197960277818
76561197960277819
76561197960277820
76561197960277821
76561197960277822
76561197960277823
76561197960277824
76561197960277825
76561197960277826
76561197960277827
76561197960277828
76561197960277829
76561197960277830
76561197960277831
76561197960277832
76561197960277833
76561197960277834
76561197960277835
76561197960277836
76561197960277837
76561197960277838
76561197960277839
76561197960277840
76561197960277841
76561197960277842
76561197960277843
76561197960277844
76561197960277846
76561197960277847
76561197960277848
76561197960277849
76561197960277850
76561197960277851
76561197960277852
76561197960277853
76561197960277854
76561197960277855
76561197960277856
76561197960277857
76561197960277858
76561197960277859
76561197960277860
76561197960277861
76561197960277862
76561197960277863
76561197960277864
76561197960277865
76561197960277866
76561197960277867
76561197960277868
76561197960277869
76561197960277870
76561197960277871
76561197960277872
76561197960277873
76561197960277874
76561197960277875
76561197960277876
76561197960277877
76561197960277878
76561197960277880
76561197960277881
76561197960277882
76561197960277883
76561197960277885
76561197960277886
76561197960277887
76561197960277888
76561197960277889
76561197960277890
76561197960277891
76561197960277892
76561197960277893
76561197960277894
76561197960277895
76561197960277896
76561197960277897
76561197960277898
76561197960277899
76561197960277900
76561197960277901
76561197960277902
76561197960277903
76561197960277904
76561197960277905
76561197960277906
76561197960277907
76561197960277908
76561197960277909
76561197960277910
76561197960277911
76561197960277912
76561197960277913
76561197960277915
76561197960277916
76561197960277917
76561197960277918
76561197960277919
76561197960277920
76561197960277921
76561197960277922
76561197960277923
76561197960277924
76561197960277925
76561197960277926
76561197960277927
76561197960277928
76561197960277929
76561197960277930
76561197960277931
76561197960277932
76561197960277933
76561197960277934
76561197960277935
76561197960277936
76561197960277937
76561197960277938
76561197960277939
76561197960277940
76561197960277942
76561197960277944
76561197960277945
76561197960277946
76561197960277947
76561197960277948
76561197960277949
76561197960277951
76561197960277952
76561197960277953
76561197960277954
76561197960277955
76561197960277956
76561197960277957
76561197960277958
76561197960277959
76561197960277960
76561197960277961
76561197960277962
76561197960277963
76561197960277964
76561197960277965
76561197960277966
76561197960277967
76561197960277968
76561197960277969
76561197960277970
76561197960277971
76561197960277973
76561197960277975
76561197960277976
76561197960277977
76561197960277978
76561197960277979
76561197960277980
76561197960277981
76561197960277982
76561197960277983
76561197960277984
76561197960277985
76561197960277986
76561197960277988
76561197960277989
76561197960277990
76561197960277991
76561197960277992
76561197960277993
76561197960277995
76561197960277996
76561197960277997
76561197960277998
76561197960277999
76561197960278000
76561197960278001
76561197960278002
76561197960278003
76561197960278004
76561197960278005
76561197960278006
76561197960278008
76561197960278009
76561197960278010
76561197960278011
76561197960278013
76561197960278014
76561197960278015
76561197960278016
76561197960278017
76561197960278018
76561197960278019
76561197960278020
76561197960278021
76561197960278022
76561197960278023
76561197960278024
76561197960278025
76561197960278026
76561197960278027
76561197960278028
76561197960278029
76561197960278030
76561197960278031
76561197960278032
76561197960278033
76561197960278034
76561197960278035
76561197960278036
76561197960278037
76561197960278038
76561197960278039
76561197960278040
76561197960278041
76561197960278042
76561197960278043
76561197960278044
76561197960278046
76561197960278047
76561197960278048
76561197960278049
76561197960278051
76561197960278052
76561197960278053
76561197960278054
76561197960278055
76561197960278056
76561197960278057
76561197960278058
76561197960278059
76561197960278060
76561197960278061
76561197960278062
76561197960278063
76561197960278064
76561197960278065
76561197960278066
76561197960278067
76561197960278068
76561197960278069
76561197960278070
76561197960278071
76561197960278072
76561197960278073
76561197960278074
76561197960278075
76561197960278076
76561197960278078
76561197960278079
76561197960278080
76561197960278081
76561197960278082
76561197960278083
76561197960278084
76561197960278085
76561197960278086
76561197960278087
76561197960278088
76561197960278089
76561197960278090
76561197960278091
76561197960278092
76561197960278093
76561197960278094
76561197960278095
76561197960278096
76561197960278097
76561197960278098
76561197960278099
76561197960278100
76561197960278101
76561197960278102
76561197960278103
76561197960278104
76561197960278105
76561197960278106
76561197960278107
76561197960278109
76561197960278110
76561197960278111
76561197960278112
76561197960278113
76561197960278114
76561197960278115
76561197960278116
76561197960278117
76561197960278118
76561197960278120
76561197960278121
76561197960278122
76561197960278123
76561197960278124
76561197960278126
76561197960278127
76561197960278128
76561197960278129
76561197960278130
76561197960278131
76561197960278132
76561197960278133
76561197960278134
76561197960278135
76561197960278136
76561197960278137
76561197960278138
76561197960278139
76561197960278140
76561197960278141
76561197960278142
76561197960278143
76561197960278144
76561197960278145
76561197960278146
76561197960278147
76561197960278149
76561197960278150
76561197960278151
76561197960278152
76561197960278153
76561197960278154
76561197960278155
76561197960278156
76561197960278159
76561197960278160
76561197960278161
76561197960278162
76561197960278163
76561197960278164
76561197960278165
76561197960278166
76561197960278167
76561197960278168
76561197960278169
76561197960278170
76561197960278171
76561197960278173
76561197960278174
76561197960278175
76561197960278176
76561197960278178
76561197960278179
76561197960278180
76561197960278181
76561197960278182
76561197960278184
76561197960278185
76561197960278186
76561197960278187
76561197960278188
76561197960278189
76561197960278190
76561197960278191
76561197960278192
76561197960278193
76561197960278194
76561197960278195
76561197960278196
76561197960278197
76561197960278198
76561197960278199
76561197960278200
76561197960278201
76561197960278202
76561197960278203
76561197960278204
76561197960278205
76561197960278206
76561197960278207
76561197960278208
76561197960278209
76561197960278210
76561197960278211
76561197960278212
76561197960278213
76561197960278214
76561197960278215
76561197960278216
76561197960278217
76561197960278218
76561197960278219
76561197960278220
76561197960278221
76561197960278222
76561197960278223
76561197960278224
76561197960278225
76561197960278226
76561197960278227
76561197960278228
76561197960278229
76561197960278230
76561197960278231
76561197960278232
76561197960278233
76561197960278234
76561197960278235
76561197960278236
76561197960278237
76561197960278239
76561197960278240
76561197960278242
76561197960278243
76561197960278244
76561197960278245
76561197960278246
76561197960278248
76561197960278249
76561197960278250
76561197960278251
76561197960278252
76561197960278253
76561197960278254
76561197960278255
76561197960278256
76561197960278257
76561197960278258
76561197960278259
76561197960278260
76561197960278261
76561197960278262
76561197960278263
76561197960278264
76561197960278265
76561197960278266
76561197960278267
76561197960278268
76561197960278269
76561197960278270
76561197960278271
76561197960278272
76561197960278273
76561197960278274
76561197960278275
76561197960278276
76561197960278277
76561197960278278
76561197960278279
76561197960278280
76561197960278281
76561197960278282
76561197960278283
76561197960278284
76561197960278285
76561197960278286
76561197960278287
76561197960278288
76561197960278289
76561197960278290
76561197960278291
76561197960278292
76561197960278294
76561197960278295
76561197960278296
76561197960278297
76561197960278298
76561197960278299
76561197960278300
76561197960278301
76561197960278302
76561197960278303
76561197960278304
76561197960278305
76561197960278306
76561197960278307
76561197960278308
76561197960278309
76561197960278310
76561197960278311
76561197960278312
76561197960278313
76561197960278314
76561197960278315
76561197960278317
76561197960278318
76561197960278319
76561197960278320
76561197960278321
76561197960278322
76561197960278323
76561197960278325
76561197960278326
76561197960278327
76561197960278328
76561197960278329
76561197960278330
76561197960278331
76561197960278333
76561197960278334
76561197960278336
76561197960278337
76561197960278338
76561197960278339
76561197960278340
76561197960278341
76561197960278343
76561197960278344
76561197960278345
76561197960278347
76561197960278348
76561197960278349
76561197960278350
76561197960278351
76561197960278352
76561197960278353
76561197960278354
76561197960278355
76561197960278356
76561197960278357
76561197960278358
76561197960278359
76561197960278360
76561197960278361
76561197960278362
76561197960278363
76561197960278364
76561197960278365
76561197960278366
76561197960278367
76561197960278368
76561197960278369
76561197960278370
76561197960278371
76561197960278372
76561197960278373
76561197960278374
76561197960278375
76561197960278376
76561197960278377
76561197960278378
76561197960278379
76561197960278380
76561197960278381
76561197960278382
76561197960278383
76561197960278384
76561197960278385
76561197960278386
76561197960278387
76561197960278388
76561197960278389
76561197960278390
76561197960278391
76561197960278393
76561197960278394
76561197960278395
76561197960278396
76561197960278397
76561197960278398
76561197960278399
76561197960278400
76561197960278402
76561197960278403
76561197960278404
76561197960278405
76561197960278406
76561197960278407
76561197960278408
76561197960278409
76561197960278410
76561197960278411
76561197960278412
76561197960278413
76561197960278414
76561197960278415
76561197960278416
76561197960278417
76561197960278418
76561197960278419
76561197960278420
76561197960278421
76561197960278422
76561197960278423
76561197960278424
76561197960278425
76561197960278426
76561197960278427
76561197960278428
76561197960278429
76561197960278430
76561197960278431
76561197960278433
76561197960278434
76561197960278435
76561197960278436
76561197960278437
76561197960278438
76561197960278439
76561197960278440
76561197960278441
76561197960278442
76561197960278443
76561197960278444
76561197960278445
76561197960278446
76561197960278447
76561197960278448
76561197960278449
76561197960278450
76561197960278451
76561197960278452
76561197960278453
76561197960278454
76561197960278455
76561197960278456
76561197960278457
76561197960278458
76561197960278459
76561197960278460
76561197960278461
76561197960278462
76561197960278463
76561197960278464
76561197960278466
76561197960278467
76561197960278468
76561197960278469
76561197960278470
76561197960278471
76561197960278472
76561197960278473
76561197960278474
76561197960278475
76561197960278476
76561197960278477
76561197960278478
76561197960278479
76561197960278480
76561197960278481
76561197960278482
76561197960278483
76561197960278484
76561197960278485
76561197960278486
76561197960278487
76561197960278488
76561197960278489
76561197960278490
76561197960278491
76561197960278492
76561197960278493
76561197960278494
76561197960278495
76561197960278496
76561197960278497
76561197960278498
76561197960278499
76561197960278500
76561197960278501
76561197960278502
76561197960278503
76561197960278504
76561197960278505
76561197960278506
76561197960278507
76561197960278508
76561197960278509
76561197960278510
76561197960278511
76561197960278512
76561197960278513
76561197960278514
76561197960278516
76561197960278518
76561197960278519
76561197960278520
