76561197961140960
76561197961140963
76561197961140964
76561197961140966
76561197961140967
76561197961140968
76561197961140969
76561197961140970
76561197961140972
76561197961140973
76561197961140975
76561197961140976
76561197961140977
76561197961140978
76561197961140979
76561197961140980
76561197961140981
76561197961140982
76561197961140984
76561197961140986
76561197961140987
76561197961140988
76561197961140989
76561197961140991
76561197961140992
76561197961140993
76561197961140994
76561197961140995
76561197961140999
76561197961141000
76561197961141002
76561197961141004
76561197961141006
76561197961141007
76561197961141009
76561197961141010
76561197961141014
76561197961141015
76561197961141017
76561197961141018
76561197961141019
76561197961141020
76561197961141024
76561197961141027
76561197961141028
76561197961141029
76561197961141031
76561197961141032
76561197961141033
76561197961141034
76561197961141035
76561197961141036
76561197961141038
76561197961141040
76561197961141044
76561197961141045
76561197961141046
76561197961141047
76561197961141048
76561197961141049
76561197961141050
76561197961141051
76561197961141056
76561197961141058
76561197961141059
76561197961141060
76561197961141061
76561197961141062
76561197961141064
76561197961141066
76561197961141067
76561197961141068
76561197961141071
76561197961141072
76561197961141074
76561197961141076
76561197961141077
76561197961141079
76561197961141080
76561197961141081
76561197961141082
76561197961141083
76561197961141084
76561197961141085
76561197961141086
76561197961141087
76561197961141088
76561197961141089
76561197961141090
76561197961141091
76561197961141092
76561197961141097
76561197961141098
76561197961141101
76561197961141102
76561197961141104
76561197961141105
76561197961141106
76561197961141107
76561197961141108
76561197961141110
76561197961141113
76561197961141115
76561197961141116
76561197961141118
76561197961141120
76561197961141121
76561197961141123
76561197961141124
76561197961141125
76561197961141127
76561197961141128
76561197961141129
76561197961141130
76561197961141132
76561197961141133
76561197961141134
76561197961141136
76561197961141138
76561197961141141
76561197961141142
76561197961141145
76561197961141150
76561197961141152
76561197961141153
76561197961141154
76561197961141155
76561197961141156
76561197961141157
76561197961141158
76561197961141159
76561197961141160
76561197961141161
76561197961141162
76561197961141164
76561197961141167
76561197961141168
76561197961141169
76561197961141172
76561197961141174
76561197961141175
76561197961141176
76561197961141178
76561197961141179
76561197961141180
76561197961141181
76561197961141184
76561197961141185
76561197961141186
76561197961141187
76561197961141188
76561197961141191
76561197961141192
76561197961141194
76561197961141195
76561197961141197
76561197961141199
76561197961141200
76561197961141201
76561197961141203
76561197961141205
76561197961141206
76561197961141208
76561197961141209
76561197961141210
76561197961141211
76561197961141212
76561197961141213
76561197961141214
76561197961141215
76561197961141217
76561197961141218
76561197961141219
76561197961141220
76561197961141221
76561197961141222
76561197961141225
76561197961141226
76561197961141227
76561197961141228
76561197961141229
76561197961141230
76561197961141233
76561197961141235
76561197961141236
76561197961141238
76561197961141240
76561197961141241
76561197961141243
76561197961141245
76561197961141247
76561197961141249
76561197961141251
76561197961141252
76561197961141254
76561197961141255
76561197961141257
76561197961141258
76561197961141263
76561197961141264
76561197961141265
76561197961141266
76561197961141267
76561197961141268
76561197961141269
76561197961141270
76561197961141271
76561197961141272
76561197961141273
76561197961141274
76561197961141278
76561197961141280
76561197961141281
76561197961141282
76561197961141283
76561197961141286
76561197961141287
76561197961141289
76561197961141290
76561197961141292
76561197961141294
76561197961141296
76561197961141297
76561197961141299
76561197961141300
76561197961141301
76561197961141304
76561197961141305
76561197961141306
76561197961141308
76561197961141310
76561197961141312
76561197961141313
76561197961141315
76561197961141316
76561197961141317
76561197961141318
76561197961141319
76561197961141320
76561197961141321
76561197961141322
76561197961141323
76561197961141324
76561197961141327
76561197961141328
76561197961141330
76561197961141331
76561197961141332
76561197961141333
76561197961141334
76561197961141337
76561197961141338
76561197961141339
76561197961141344
76561197961141345
76561197961141347
76561197961141349
76561197961141351
76561197961141353
76561197961141354
76561197961141355
76561197961141356
76561197961141358
76561197961141360
76561197961141363
76561197961141364
76561197961141365
76561197961141367
76561197961141368
76561197961141369
76561197961141371
76561197961141372
76561197961141373
76561197961141375
76561197961141376
76561197961141378
76561197961141379
76561197961141380
76561197961141382
76561197961141383
76561197961141384
76561197961141388
76561197961141389
76561197961141391
76561197961141392
76561197961141393
76561197961141394
76561197961141395
76561197961141397
76561197961141398
76561197961141400
76561197961141402
76561197961141404
76561197961141405
76561197961141406
76561197961141409
76561197961141415
76561197961141417
76561197961141418
76561197961141419
76561197961141420
76561197961141421
76561197961141422
76561197961141424
76561197961141425
76561197961141426
76561197961141428
76561197961141432
76561197961141433
76561197961141434
76561197961141436
76561197961141438
76561197961141439
76561197961141440
76561197961141441
76561197961141443
76561197961141444
76561197961141445
76561197961141446
76561197961141448
76561197961141449
76561197961141450
76561197961141452
76561197961141454
76561197961141455
76561197961141460
76561197961141461
76561197961141462
76561197961141463
76561197961141464
76561197961141467
76561197961141469
76561197961141470
76561197961141473
76561197961141474
76561197961141477
76561197961141478
76561197961141479
76561197961141480
76561197961141482
76561197961141484
76561197961141485
76561197961141486
76561197961141487
76561197961141488
76561197961141490
76561197961141492
76561197961141493
76561197961141494
76561197961141495
76561197961141500
76561197961141501
76561197961141502
76561197961141503
76561197961141504
76561197961141505
76561197961141510
76561197961141511
76561197961141515
76561197961141516
76561197961141517
76561197961141518
76561197961141520
76561197961141521
76561197961141522
76561197961141523
76561197961141524
76561197961141528
76561197961141530
76561197961141531
76561197961141534
76561197961141537
76561197961141538
76561197961141541
76561197961141542
76561197961141544
76561197961141545
76561197961141546
76561197961141547
76561197961141548
76561197961141549
76561197961141550
76561197961141551
76561197961141552
76561197961141553
76561197961141556
76561197961141557
76561197961141558
76561197961141559
76561197961141560
76561197961141561
76561197961141563
76561197961141565
76561197961141566
76561197961141567
76561197961141568
76561197961141569
76561197961141576
76561197961141577
76561197961141578
76561197961141579
76561197961141580
76561197961141581
76561197961141583
76561197961141584
76561197961141585
76561197961141587
76561197961141590
76561197961141591
76561197961141592
76561197961141594
76561197961141595
76561197961141596
76561197961141597
76561197961141599
76561197961141601
76561197961141602
76561197961141603
76561197961141604
76561197961141606
76561197961141609
76561197961141611
76561197961141612
76561197961141614
76561197961141615
76561197961141620
76561197961141621
76561197961141622
76561197961141623
76561197961141624
76561197961141625
76561197961141626
76561197961141629
76561197961141634
76561197961141635
76561197961141639
76561197961141640
76561197961141641
76561197961141642
76561197961141643
76561197961141644
76561197961141645
76561197961141646
76561197961141647
76561197961141651
76561197961141653
76561197961141654
76561197961141658
76561197961141659
76561197961141660
76561197961141663
76561197961141666
76561197961141668
76561197961141671
76561197961141673
76561197961141676
76561197961141677
76561197961141678
76561197961141679
76561197961141680
76561197961141682
76561197961141683
76561197961141684
76561197961141685
76561197961141686
76561197961141687
76561197961141688
76561197961141690
76561197961141691
76561197961141692
76561197961141693
76561197961141697
76561197961141698
76561197961141699
76561197961141701
76561197961141702
76561197961141705
76561197961141706
76561197961141708
76561197961141710
76561197961141711
76561197961141712
76561197961141714
76561197961141717
76561197961141719
76561197961141721
76561197961141723
76561197961141724
76561197961141725
76561197961141726
76561197961141727
76561197961141728
76561197961141729
76561197961141730
76561197961141731
76561197961141732
76561197961141735
76561197961141736
76561197961141737
76561197961141739
76561197961141742
76561197961141743
76561197961141746
76561197961141747
76561197961141749
76561197961141751
76561197961141752
76561197961141753
76561197961141754
76561197961141755
76561197961141756
76561197961141760
76561197961141761
76561197961141762
76561197961141766
76561197961141767
76561197961141768
76561197961141771
76561197961141774
76561197961141777
76561197961141778
76561197961141779
76561197961141780
76561197961141782
76561197961141785
76561197961141786
76561197961141787
76561197961141788
76561197961141789
76561197961141792
76561197961141793
76561197961141796
76561197961141797
76561197961141799
76561197961141800
76561197961141801
76561197961141803
76561197961141805
76561197961141806
76561197961141807
76561197961141808
76561197961141809
76561197961141811
76561197961141813
76561197961141817
76561197961141819
76561197961141820
76561197961141821
76561197961141825
76561197961141828
76561197961141829
76561197961141830
76561197961141832
76561197961141833
76561197961141834
76561197961141837
76561197961141839
76561197961141840
76561197961141841
76561197961141843
76561197961141846
76561197961141847
76561197961141849
76561197961141851
76561197961141852
76561197961141853
76561197961141855
76561197961141859
76561197961141860
76561197961141861
76561197961141862
76561197961141863
76561197961141864
76561197961141865
76561197961141867
76561197961141868
76561197961141869
76561197961141874
76561197961141876
76561197961141877
76561197961141878
76561197961141879
76561197961141880
76561197961141882
76561197961141884
76561197961141885
76561197961141886
76561197961141888
76561197961141889
76561197961141891
76561197961141892
76561197961141894
76561197961141895
76561197961141896
76561197961141901
76561197961141902
76561197961141906
76561197961141908
76561197961141910
76561197961141911
76561197961141912
76561197961141913
76561197961141914
76561197961141919
76561197961141920
76561197961141921
76561197961141923
76561197961141926
76561197961141927
76561197961141929
76561197961141932
76561197961141937
76561197961141938
76561197961141939
76561197961141940
76561197961141942
76561197961141943
76561197961141945
76561197961141946
76561197961141947
76561197961141948
76561197961141949
76561197961141950
76561197961141952
76561197961141955
76561197961141956
76561197961141957
76561197961141960
76561197961141965
76561197961141967
76561197961141968
76561197961141969
76561197961141972
76561197961141975
76561197961141977
76561197961141979
76561197961141980
76561197961141982
76561197961141983
76561197961141985
76561197961141986
76561197961141988
76561197961141989
76561197961141994
76561197961141995
76561197961141996
76561197961141997
76561197961142000
76561197961142001
76561197961142002
76561197961142003
76561197961142004
76561197961142006
76561197961142007
76561197961142008
76561197961142009
76561197961142010
76561197961142011
76561197961142012
76561197961142014
76561197961142016
76561197961142018
76561197961142020
76561197961142027
76561197961142028
76561197961142029
76561197961142031
76561197961142033
76561197961142034
76561197961142036
76561197961142038
76561197961142039
76561197961142040
76561197961142041
76561197961142043
76561197961142045
76561197961142047
76561197961142048
76561197961142050
76561197961142052
76561197961142054
76561197961142057
76561197961142058
76561197961142059
76561197961142060
76561197961142061
76561197961142062
76561197961142067
76561197961142069
76561197961142070
76561197961142071
76561197961142072
76561197961142073
76561197961142076
76561197961142078
76561197961142079
76561197961142080
76561197961142086
76561197961142087
76561197961142088
76561197961142089
76561197961142090
76561197961142091
76561197961142092
76561197961142094
76561197961142095
76561197961142096
76561197961142097
76561197961142099
76561197961142100
76561197961142101
76561197961142104
76561197961142106
76561197961142107
76561197961142108
76561197961142109
76561197961142110
76561197961142112
76561197961142113
76561197961142114
76561197961142115
76561197961142116
76561197961142117
76561197961142120
76561197961142121
76561197961142124
76561197961142125
76561197961142127
76561197961142128
76561197961142130
76561197961142133
76561197961142136
76561197961142137
76561197961142139
76561197961142143
76561197961142144
76561197961142145
76561197961142148
76561197961142149
76561197961142150
76561197961142151
76561197961142152
76561197961142154
76561197961142156
76561197961142159
76561197961142160
76561197961142161
76561197961142162
76561197961142163
76561197961142164
76561197961142167
76561197961142168
76561197961142169
76561197961142170
76561197961142172
76561197961142173
76561197961142174
76561197961142175
76561197961142181
76561197961142182
76561197961142183
76561197961142186
76561197961142187
76561197961142188
76561197961142191
76561197961142193
76561197961142194
76561197961142195
76561197961142198
76561197961142199
76561197961142201
76561197961142202
76561197961142204
76561197961142205
76561197961142206
76561197961142207
76561197961142210
76561197961142211
76561197961142212
76561197961142214
76561197961142216
76561197961142217
76561197961142220
76561197961142222
76561197961142223
76561197961142224
76561197961142225
76561197961142226
76561197961142227
76561197961142228
76561197961142229
76561197961142231
76561197961142234
76561197961142235
76561197961142236
76561197961142237
76561197961142239
76561197961142240
76561197961142243
76561197961142248
76561197961142250
76561197961142253
76561197961142255
76561197961142256
76561197961142257
76561197961142258
76561197961142259
76561197961142260
76561197961142261
76561197961142262
76561197961142265
76561197961142266
76561197961142267
76561197961142268
76561197961142269
76561197961142272
76561197961142273
76561197961142274
76561197961142275
76561197961142276
76561197961142277
76561197961142278
76561197961142280
76561197961142281
76561197961142282
76561197961142286
76561197961142289
76561197961142291
76561197961142293
76561197961142295
76561197961142296
76561197961142297
76561197961142298
76561197961142299
76561197961142300
76561197961142302
76561197961142303
76561197961142304
76561197961142305
76561197961142307
76561197961142308
76561197961142311
76561197961142312
76561197961142313
76561197961142314
76561197961142315
76561197961142316
76561197961142317
76561197961142320
76561197961142321
76561197961142322
76561197961142324
76561197961142325
76561197961142326
76561197961142329
76561197961142330
76561197961142332
76561197961142333
76561197961142334
76561197961142337
76561197961142338
76561197961142340
76561197961142341
76561197961142342
76561197961142343
76561197961142344
76561197961142345
76561197961142347
76561197961142348
76561197961142349
76561197961142350
76561197961142351
76561197961142353
76561197961142355
76561197961142356
76561197961142358
76561197961142359
76561197961142360
76561197961142362
76561197961142365
76561197961142366
76561197961142367
76561197961142368
76561197961142369
76561197961142370
76561197961142371
76561197961142372
76561197961142373
76561197961142374
76561197961142376
76561197961142377
76561197961142379
76561197961142381
76561197961142382
76561197961142383
76561197961142384
76561197961142385
76561197961142386
76561197961142390
76561197961142391
76561197961142393
76561197961142394
76561197961142395
76561197961142397
76561197961142398
76561197961142400
76561197961142401
76561197961142404
76561197961142405
76561197961142406
76561197961142407
76561197961142408
76561197961142409
76561197961142410
76561197961142412
76561197961142414
76561197961142415
76561197961142420
76561197961142421
76561197961142423
76561197961142425
76561197961142427
76561197961142428
76561197961142429
76561197961142430
76561197961142432
76561197961142433
76561197961142434
76561197961142439
76561197961142440
76561197961142441
76561197961142442
76561197961142444
76561197961142445
76561197961142447
76561197961142448
76561197961142449
76561197961142450
76561197961142451
76561197961142453
76561197961142454
76561197961142458
76561197961142460
76561197961142461
76561197961142463
76561197961142464
76561197961142465
76561197961142467
76561197961142468
76561197961142469
76561197961142470
76561197961142473
76561197961142474
76561197961142475
76561197961142476
76561197961142477
76561197961142478
76561197961142481
76561197961142482
76561197961142483
76561197961142484
76561197961142485
76561197961142489
76561197961142491
76561197961142492
76561197961142494
76561197961142496
76561197961142497
76561197961142498
76561197961142500
76561197961142501
76561197961142504
76561197961142505
76561197961142506
76561197961142507
76561197961142508
76561197961142509
76561197961142511
76561197961142513
76561197961142514
76561197961142515
76561197961142518
76561197961142521
76561197961142524
76561197961142525
76561197961142526
76561197961142528
76561197961142532
76561197961142533
76561197961142534
76561197961142536
76561197961142537
76561197961142540
76561197961142541
76561197961142542
76561197961142545
76561197961142546
76561197961142547
76561197961142551
76561197961142552
