76561197961311316
76561197961311317
76561197961311318
76561197961311319
76561197961311320
76561197961311321
76561197961311323
76561197961311324
76561197961311326
76561197961311328
76561197961311329
76561197961311330
76561197961311332
76561197961311333
76561197961311334
76561197961311335
76561197961311336
76561197961311337
76561197961311338
76561197961311340
76561197961311345
76561197961311346
76561197961311349
76561197961311351
76561197961311353
76561197961311355
76561197961311356
76561197961311357
76561197961311358
76561197961311359
76561197961311360
76561197961311361
76561197961311362
76561197961311363
76561197961311365
76561197961311367
76561197961311368
76561197961311370
76561197961311371
76561197961311372
76561197961311374
76561197961311375
76561197961311376
76561197961311378
76561197961311379
76561197961311380
76561197961311381
76561197961311385
76561197961311387
76561197961311388
76561197961311389
76561197961311390
76561197961311393
76561197961311394
76561197961311396
76561197961311397
76561197961311398
76561197961311399
76561197961311400
76561197961311401
76561197961311403
76561197961311404
76561197961311405
76561197961311406
76561197961311407
76561197961311408
76561197961311409
76561197961311411
76561197961311412
76561197961311413
76561197961311414
76561197961311415
76561197961311416
76561197961311417
76561197961311419
76561197961311420
76561197961311422
76561197961311424
76561197961311427
76561197961311429
76561197961311431
76561197961311432
76561197961311433
76561197961311434
76561197961311435
76561197961311438
76561197961311440
76561197961311441
76561197961311442
76561197961311444
76561197961311446
76561197961311447
76561197961311448
76561197961311449
76561197961311454
76561197961311458
76561197961311459
76561197961311461
76561197961311462
76561197961311463
76561197961311464
76561197961311465
76561197961311466
76561197961311467
76561197961311468
76561197961311469
76561197961311471
76561197961311472
76561197961311473
76561197961311475
76561197961311476
76561197961311480
76561197961311483
76561197961311484
76561197961311485
76561197961311486
76561197961311487
76561197961311488
76561197961311491
76561197961311493
76561197961311496
76561197961311497
76561197961311498
76561197961311499
76561197961311500
76561197961311502
76561197961311503
76561197961311504
76561197961311505
76561197961311507
76561197961311508
76561197961311509
76561197961311510
76561197961311511
76561197961311512
76561197961311515
76561197961311516
76561197961311517
76561197961311518
76561197961311519
76561197961311520
76561197961311523
76561197961311525
76561197961311526
76561197961311528
76561197961311529
76561197961311531
76561197961311533
76561197961311534
76561197961311537
76561197961311538
76561197961311539
76561197961311542
76561197961311545
76561197961311546
76561197961311547
76561197961311548
76561197961311549
76561197961311552
76561197961311554
76561197961311555
76561197961311558
76561197961311559
76561197961311560
76561197961311561
76561197961311562
76561197961311563
76561197961311564
76561197961311565
76561197961311566
76561197961311567
76561197961311568
76561197961311570
76561197961311572
76561197961311574
76561197961311576
76561197961311577
76561197961311578
76561197961311585
76561197961311587
76561197961311588
76561197961311589
76561197961311590
76561197961311593
76561197961311596
76561197961311597
76561197961311598
76561197961311599
76561197961311601
76561197961311602
76561197961311603
76561197961311606
76561197961311607
76561197961311609
76561197961311611
76561197961311612
76561197961311613
76561197961311614
76561197961311615
76561197961311616
76561197961311617
76561197961311619
76561197961311620
76561197961311621
76561197961311623
76561197961311624
76561197961311625
76561197961311626
76561197961311627
76561197961311628
76561197961311630
76561197961311631
76561197961311635
76561197961311639
76561197961311640
76561197961311642
76561197961311644
76561197961311649
76561197961311650
76561197961311651
76561197961311653
76561197961311654
76561197961311656
76561197961311657
76561197961311659
76561197961311663
76561197961311667
76561197961311668
76561197961311669
76561197961311671
76561197961311672
76561197961311675
76561197961311676
76561197961311678
76561197961311679
76561197961311680
76561197961311681
76561197961311682
76561197961311683
76561197961311689
76561197961311691
76561197961311693
76561197961311694
76561197961311695
76561197961311696
76561197961311698
76561197961311699
76561197961311700
76561197961311702
76561197961311704
76561197961311705
76561197961311706
76561197961311707
76561197961311708
76561197961311710
76561197961311711
76561197961311712
76561197961311713
76561197961311716
76561197961311717
76561197961311718
76561197961311720
76561197961311721
76561197961311725
76561197961311727
76561197961311729
76561197961311730
76561197961311731
76561197961311732
76561197961311734
76561197961311735
76561197961311737
76561197961311738
76561197961311739
76561197961311741
76561197961311742
76561197961311743
76561197961311744
76561197961311745
76561197961311746
76561197961311748
76561197961311749
76561197961311752
76561197961311754
76561197961311756
76561197961311758
76561197961311760
76561197961311761
76561197961311763
76561197961311764
76561197961311765
76561197961311766
76561197961311767
76561197961311768
76561197961311771
76561197961311772
76561197961311776
76561197961311777
76561197961311780
76561197961311782
76561197961311783
76561197961311784
76561197961311785
76561197961311791
76561197961311792
76561197961311795
76561197961311798
76561197961311799
76561197961311801
76561197961311803
76561197961311804
76561197961311805
76561197961311807
76561197961311809
76561197961311811
76561197961311812
76561197961311813
76561197961311814
76561197961311817
76561197961311818
76561197961311819
76561197961311820
76561197961311821
76561197961311822
76561197961311823
76561197961311825
76561197961311826
76561197961311827
76561197961311828
76561197961311829
76561197961311831
76561197961311834
76561197961311836
76561197961311840
76561197961311841
76561197961311845
76561197961311846
76561197961311847
76561197961311848
76561197961311849
76561197961311851
76561197961311856
76561197961311857
76561197961311858
76561197961311859
76561197961311861
76561197961311862
76561197961311863
76561197961311865
76561197961311866
76561197961311868
76561197961311870
76561197961311873
76561197961311874
76561197961311875
76561197961311876
76561197961311877
76561197961311878
76561197961311879
76561197961311881
76561197961311882
76561197961311883
76561197961311884
76561197961311885
76561197961311886
76561197961311887
76561197961311888
76561197961311889
76561197961311892
76561197961311894
76561197961311896
76561197961311897
76561197961311899
76561197961311900
76561197961311901
76561197961311902
76561197961311903
76561197961311904
76561197961311906
76561197961311908
76561197961311909
76561197961311911
76561197961311912
76561197961311913
76561197961311914
76561197961311915
76561197961311917
76561197961311919
76561197961311920
76561197961311921
76561197961311922
76561197961311924
76561197961311925
76561197961311926
76561197961311927
76561197961311929
76561197961311930
76561197961311932
76561197961311934
76561197961311935
76561197961311938
76561197961311939
76561197961311940
76561197961311942
76561197961311944
76561197961311945
76561197961311949
76561197961311950
76561197961311951
76561197961311953
76561197961311954
76561197961311955
76561197961311956
76561197961311959
76561197961311960
76561197961311961
76561197961311962
76561197961311964
76561197961311965
76561197961311966
76561197961311967
76561197961311968
76561197961311969
76561197961311970
76561197961311975
76561197961311978
76561197961311981
76561197961311982
76561197961311984
76561197961311985
76561197961311986
76561197961311988
76561197961311991
76561197961311993
76561197961311994
76561197961311995
76561197961311999
76561197961312000
76561197961312001
76561197961312003
76561197961312005
76561197961312007
76561197961312011
76561197961312013
76561197961312014
76561197961312015
76561197961312016
76561197961312018
76561197961312019
76561197961312020
76561197961312022
76561197961312023
76561197961312026
76561197961312027
76561197961312028
76561197961312029
76561197961312030
76561197961312032
76561197961312033
76561197961312036
76561197961312038
76561197961312040
76561197961312041
76561197961312042
76561197961312043
76561197961312044
76561197961312045
76561197961312048
76561197961312051
76561197961312053
76561197961312054
76561197961312055
76561197961312056
76561197961312057
76561197961312058
76561197961312060
76561197961312061
76561197961312062
76561197961312064
76561197961312065
76561197961312066
76561197961312069
76561197961312070
76561197961312071
76561197961312072
76561197961312073
76561197961312075
76561197961312079
76561197961312081
76561197961312082
76561197961312083
76561197961312085
76561197961312087
76561197961312089
76561197961312090
76561197961312091
76561197961312093
76561197961312094
76561197961312095
76561197961312097
76561197961312099
76561197961312100
76561197961312101
76561197961312105
76561197961312106
76561197961312109
76561197961312110
76561197961312112
76561197961312114
76561197961312115
76561197961312116
76561197961312117
76561197961312118
76561197961312121
76561197961312122
76561197961312123
76561197961312124
76561197961312125
76561197961312126
76561197961312128
76561197961312129
76561197961312133
76561197961312135
76561197961312137
76561197961312138
76561197961312139
76561197961312140
76561197961312142
76561197961312143
76561197961312144
76561197961312145
76561197961312148
76561197961312149
76561197961312150
76561197961312151
76561197961312153
76561197961312155
76561197961312156
76561197961312159
76561197961312160
76561197961312161
76561197961312162
76561197961312163
76561197961312167
76561197961312168
76561197961312169
76561197961312171
76561197961312173
76561197961312176
76561197961312177
76561197961312180
76561197961312181
76561197961312182
76561197961312183
76561197961312184
76561197961312186
76561197961312188
76561197961312190
76561197961312191
76561197961312193
76561197961312194
76561197961312195
76561197961312196
76561197961312197
76561197961312199
76561197961312202
76561197961312204
76561197961312205
76561197961312206
76561197961312207
76561197961312209
76561197961312211
76561197961312212
76561197961312213
76561197961312214
76561197961312216
76561197961312217
76561197961312218
76561197961312219
76561197961312223
76561197961312225
76561197961312227
76561197961312228
76561197961312230
76561197961312232
76561197961312235
76561197961312238
76561197961312241
76561197961312242
76561197961312243
76561197961312244
76561197961312246
76561197961312247
76561197961312248
76561197961312250
76561197961312252
76561197961312253
76561197961312254
76561197961312255
76561197961312256
76561197961312257
76561197961312259
76561197961312260
76561197961312261
76561197961312262
76561197961312263
76561197961312266
76561197961312268
76561197961312273
76561197961312274
76561197961312275
76561197961312276
76561197961312277
76561197961312279
76561197961312280
76561197961312281
76561197961312282
76561197961312283
76561197961312284
76561197961312285
76561197961312286
76561197961312287
76561197961312288
76561197961312289
76561197961312290
76561197961312291
76561197961312292
76561197961312294
76561197961312296
76561197961312298
76561197961312300
76561197961312302
76561197961312303
76561197961312306
76561197961312307
76561197961312308
76561197961312310
76561197961312311
76561197961312312
76561197961312313
76561197961312314
76561197961312315
76561197961312316
76561197961312317
76561197961312318
76561197961312320
76561197961312321
76561197961312322
76561197961312323
76561197961312324
76561197961312325
76561197961312326
76561197961312327
76561197961312328
76561197961312329
76561197961312331
76561197961312332
76561197961312334
76561197961312340
76561197961312341
76561197961312342
76561197961312343
76561197961312345
76561197961312346
76561197961312347
76561197961312348
76561197961312350
76561197961312351
76561197961312352
76561197961312355
76561197961312356
76561197961312357
76561197961312358
76561197961312359
76561197961312361
76561197961312363
76561197961312364
76561197961312366
76561197961312367
76561197961312368
76561197961312369
76561197961312370
76561197961312371
76561197961312373
76561197961312375
76561197961312376
76561197961312378
76561197961312379
76561197961312381
76561197961312385
76561197961312386
76561197961312387
76561197961312389
76561197961312390
76561197961312391
76561197961312392
76561197961312393
76561197961312394
76561197961312396
76561197961312397
76561197961312401
76561197961312403
76561197961312404
76561197961312405
76561197961312407
76561197961312409
76561197961312410
76561197961312411
76561197961312413
76561197961312414
76561197961312415
76561197961312416
76561197961312417
76561197961312418
76561197961312419
76561197961312421
76561197961312422
76561197961312423
76561197961312424
76561197961312425
76561197961312426
76561197961312427
76561197961312430
76561197961312434
76561197961312435
76561197961312436
76561197961312438
76561197961312439
76561197961312443
76561197961312444
76561197961312445
76561197961312446
76561197961312447
76561197961312448
76561197961312449
76561197961312450
76561197961312451
76561197961312452
76561197961312453
76561197961312454
76561197961312455
76561197961312458
76561197961312459
76561197961312460
76561197961312461
76561197961312462
76561197961312463
76561197961312464
76561197961312465
76561197961312466
76561197961312468
76561197961312470
76561197961312471
76561197961312473
76561197961312474
76561197961312476
76561197961312477
76561197961312478
76561197961312479
76561197961312480
76561197961312481
76561197961312482
76561197961312484
76561197961312485
76561197961312486
76561197961312487
76561197961312488
76561197961312489
76561197961312491
76561197961312493
76561197961312494
76561197961312495
76561197961312496
76561197961312498
76561197961312499
76561197961312501
76561197961312502
76561197961312504
76561197961312505
76561197961312506
76561197961312507
76561197961312508
76561197961312509
76561197961312511
76561197961312512
76561197961312514
76561197961312516
76561197961312517
76561197961312518
76561197961312519
76561197961312520
76561197961312522
76561197961312524
76561197961312526
76561197961312528
76561197961312529
76561197961312530
76561197961312531
76561197961312532
76561197961312534
76561197961312535
76561197961312537
76561197961312538
76561197961312539
76561197961312541
76561197961312542
76561197961312543
76561197961312544
76561197961312545
76561197961312552
76561197961312553
76561197961312554
76561197961312555
76561197961312556
76561197961312557
76561197961312558
76561197961312559
76561197961312561
76561197961312563
76561197961312565
76561197961312567
76561197961312569
76561197961312571
76561197961312572
76561197961312573
76561197961312574
76561197961312575
76561197961312576
76561197961312577
76561197961312578
76561197961312581
76561197961312583
76561197961312585
76561197961312587
76561197961312589
76561197961312590
76561197961312595
76561197961312596
76561197961312597
76561197961312598
76561197961312600
76561197961312602
76561197961312603
76561197961312604
76561197961312605
76561197961312606
76561197961312608
76561197961312609
76561197961312610
76561197961312612
76561197961312613
76561197961312615
76561197961312616
76561197961312618
76561197961312619
76561197961312621
76561197961312622
76561197961312624
76561197961312626
76561197961312627
76561197961312631
76561197961312632
76561197961312634
76561197961312636
76561197961312637
76561197961312638
76561197961312639
76561197961312641
76561197961312643
76561197961312644
76561197961312646
76561197961312647
76561197961312648
76561197961312651
76561197961312653
76561197961312654
76561197961312655
76561197961312656
76561197961312660
76561197961312664
76561197961312665
76561197961312666
76561197961312667
76561197961312669
76561197961312670
76561197961312673
76561197961312674
76561197961312676
76561197961312677
76561197961312678
76561197961312680
76561197961312681
76561197961312683
76561197961312684
76561197961312688
76561197961312691
76561197961312692
76561197961312693
76561197961312694
76561197961312695
76561197961312696
76561197961312700
76561197961312701
76561197961312702
76561197961312703
76561197961312705
76561197961312707
76561197961312709
76561197961312710
76561197961312711
76561197961312715
76561197961312717
76561197961312718
76561197961312719
76561197961312721
76561197961312722
76561197961312723
76561197961312724
76561197961312725
76561197961312728
76561197961312729
76561197961312730
76561197961312733
76561197961312734
76561197961312736
76561197961312737
76561197961312738
76561197961312741
76561197961312742
76561197961312743
76561197961312744
76561197961312745
76561197961312746
76561197961312747
76561197961312749
76561197961312752
76561197961312753
76561197961312756
76561197961312757
76561197961312758
76561197961312759
76561197961312760
76561197961312762
76561197961312763
76561197961312764
76561197961312765
76561197961312766
76561197961312768
76561197961312769
76561197961312772
76561197961312774
76561197961312775
76561197961312776
76561197961312778
76561197961312779
76561197961312780
76561197961312781
76561197961312784
76561197961312786
76561197961312789
76561197961312790
76561197961312791
76561197961312794
76561197961312795
76561197961312797
76561197961312798
76561197961312800
76561197961312802
76561197961312805
76561197961312806
76561197961312807
76561197961312809
76561197961312810
76561197961312812
76561197961312813
76561197961312814
76561197961312815
76561197961312819
76561197961312822
76561197961312824
76561197961312825
76561197961312826
76561197961312827
76561197961312830
76561197961312832
76561197961312836
76561197961312838
76561197961312839
76561197961312840
76561197961312841
76561197961312843
76561197961312844
76561197961312845
76561197961312846
76561197961312849
76561197961312851
76561197961312853
76561197961312854
76561197961312858
76561197961312860
