76561197961931321
76561197961931324
76561197961931326
76561197961931327
76561197961931329
76561197961931330
76561197961931332
76561197961931333
76561197961931335
76561197961931339
76561197961931346
76561197961931347
76561197961931348
76561197961931351
76561197961931352
76561197961931353
76561197961931357
76561197961931358
76561197961931359
76561197961931361
76561197961931366
76561197961931367
76561197961931368
76561197961931371
76561197961931372
76561197961931378
76561197961931380
76561197961931381
76561197961931382
76561197961931383
76561197961931387
76561197961931390
76561197961931391
76561197961931392
76561197961931393
76561197961931394
76561197961931395
76561197961931397
76561197961931398
76561197961931399
76561197961931402
76561197961931407
76561197961931417
76561197961931419
76561197961931422
76561197961931423
76561197961931424
76561197961931425
76561197961931426
76561197961931427
76561197961931435
76561197961931437
76561197961931440
76561197961931441
76561197961931445
76561197961931447
76561197961931450
76561197961931452
76561197961931453
76561197961931454
76561197961931456
76561197961931457
76561197961931460
76561197961931461
76561197961931463
76561197961931465
76561197961931469
76561197961931470
76561197961931471
76561197961931473
76561197961931474
76561197961931475
76561197961931478
76561197961931480
76561197961931481
76561197961931482
76561197961931483
76561197961931486
76561197961931488
76561197961931490
76561197961931491
76561197961931492
76561197961931493
76561197961931495
76561197961931496
76561197961931497
76561197961931498
76561197961931500
76561197961931501
76561197961931502
76561197961931503
76561197961931504
76561197961931505
76561197961931507
76561197961931510
76561197961931515
76561197961931516
76561197961931517
76561197961931518
76561197961931519
76561197961931520
76561197961931525
76561197961931530
76561197961931532
76561197961931534
76561197961931541
76561197961931543
76561197961931545
76561197961931548
76561197961931549
76561197961931550
76561197961931553
76561197961931555
76561197961931558
76561197961931559
76561197961931561
76561197961931562
76561197961931563
76561197961931564
76561197961931567
76561197961931571
76561197961931574
76561197961931575
76561197961931577
76561197961931578
76561197961931581
76561197961931583
76561197961931584
76561197961931585
76561197961931589
76561197961931590
76561197961931593
76561197961931595
76561197961931597
76561197961931598
76561197961931602
76561197961931605
76561197961931608
76561197961931614
76561197961931618
76561197961931620
76561197961931621
76561197961931625
76561197961931627
76561197961931631
76561197961931635
76561197961931637
76561197961931639
76561197961931640
76561197961931642
76561197961931644
76561197961931647
76561197961931648
76561197961931653
76561197961931665
76561197961931668
76561197961931670
76561197961931673
76561197961931674
76561197961931675
76561197961931676
76561197961931678
76561197961931680
76561197961931682
76561197961931683
76561197961931685
76561197961931686
76561197961931687
76561197961931689
76561197961931691
76561197961931692
76561197961931694
76561197961931696
76561197961931698
76561197961931701
76561197961931702
76561197961931705
76561197961931706
76561197961931707
76561197961931709
76561197961931710
76561197961931711
76561197961931713
76561197961931714
76561197961931715
76561197961931719
76561197961931725
76561197961931727
76561197961931729
76561197961931730
76561197961931734
76561197961931735
76561197961931736
76561197961931737
76561197961931739
76561197961931741
76561197961931744
76561197961931748
76561197961931750
76561197961931751
76561197961931752
76561197961931754
76561197961931755
76561197961931756
76561197961931757
76561197961931758
76561197961931759
76561197961931760
76561197961931761
76561197961931766
76561197961931767
76561197961931768
76561197961931770
76561197961931771
76561197961931776
76561197961931778
76561197961931779
76561197961931782
76561197961931784
76561197961931785
76561197961931787
76561197961931791
76561197961931792
76561197961931793
76561197961931794
76561197961931795
76561197961931799
76561197961931801
76561197961931807
76561197961931809
76561197961931810
76561197961931812
76561197961931815
76561197961931817
76561197961931819
76561197961931821
76561197961931822
76561197961931824
76561197961931826
76561197961931831
76561197961931832
76561197961931834
76561197961931835
76561197961931839
76561197961931842
76561197961931845
76561197961931849
76561197961931855
76561197961931857
76561197961931862
76561197961931863
76561197961931864
76561197961931866
76561197961931867
76561197961931869
76561197961931876
76561197961931879
76561197961931880
76561197961931881
76561197961931882
76561197961931883
76561197961931886
76561197961931890
76561197961931892
76561197961931893
76561197961931894
76561197961931896
76561197961931897
76561197961931898
76561197961931899
76561197961931905
76561197961931906
76561197961931909
76561197961931913
76561197961931914
76561197961931920
76561197961931925
76561197961931928
76561197961931929
76561197961931931
76561197961931932
76561197961931933
76561197961931938
76561197961931939
76561197961931941
76561197961931945
76561197961931947
76561197961931951
76561197961931954
76561197961931955
76561197961931957
76561197961931958
76561197961931961
76561197961931968
76561197961931969
76561197961931971
76561197961931972
76561197961931976
76561197961931979
76561197961931983
76561197961931984
76561197961931986
76561197961931987
76561197961931988
76561197961931990
76561197961931992
76561197961931994
76561197961931995
76561197961931998
76561197961931999
76561197961932000
76561197961932003
76561197961932005
76561197961932006
76561197961932007
76561197961932008
76561197961932009
76561197961932010
76561197961932011
76561197961932013
76561197961932014
76561197961932016
76561197961932018
76561197961932019
76561197961932020
76561197961932021
76561197961932025
76561197961932027
76561197961932028
76561197961932029
76561197961932030
76561197961932031
76561197961932034
76561197961932035
76561197961932036
76561197961932037
76561197961932038
76561197961932041
76561197961932042
76561197961932043
76561197961932046
76561197961932047
76561197961932050
76561197961932051
76561197961932053
76561197961932054
76561197961932059
76561197961932060
76561197961932061
76561197961932065
76561197961932069
76561197961932071
76561197961932073
76561197961932074
76561197961932076
76561197961932077
76561197961932080
76561197961932081
76561197961932082
76561197961932083
76561197961932086
76561197961932088
76561197961932089
76561197961932092
76561197961932096
76561197961932098
76561197961932101
76561197961932103
76561197961932104
76561197961932108
76561197961932111
76561197961932112
76561197961932114
76561197961932115
76561197961932116
76561197961932117
76561197961932119
76561197961932122
76561197961932123
76561197961932127
76561197961932129
76561197961932130
76561197961932131
76561197961932134
76561197961932135
76561197961932136
76561197961932138
76561197961932139
76561197961932140
76561197961932142
76561197961932143
76561197961932146
76561197961932150
76561197961932152
76561197961932160
76561197961932161
76561197961932162
76561197961932165
76561197961932166
76561197961932168
76561197961932169
76561197961932174
76561197961932176
76561197961932179
76561197961932185
76561197961932188
76561197961932190
76561197961932191
76561197961932193
76561197961932197
76561197961932200
76561197961932202
76561197961932203
76561197961932204
76561197961932205
76561197961932208
76561197961932210
76561197961932211
76561197961932213
76561197961932215
76561197961932220
76561197961932221
76561197961932227
76561197961932231
76561197961932234
76561197961932235
76561197961932237
76561197961932239
76561197961932240
76561197961932242
76561197961932243
76561197961932245
76561197961932246
76561197961932248
76561197961932250
76561197961932253
76561197961932256
76561197961932258
76561197961932262
76561197961932265
76561197961932268
76561197961932271
76561197961932276
76561197961932278
76561197961932280
76561197961932281
76561197961932282
76561197961932283
76561197961932284
76561197961932289
76561197961932290
76561197961932293
76561197961932295
76561197961932298
76561197961932299
76561197961932300
76561197961932304
76561197961932305
76561197961932306
76561197961932307
76561197961932310
76561197961932318
76561197961932319
76561197961932322
76561197961932326
76561197961932327
76561197961932328
76561197961932330
76561197961932334
76561197961932335
76561197961932336
76561197961932338
76561197961932341
76561197961932342
76561197961932350
76561197961932355
76561197961932358
76561197961932359
76561197961932361
76561197961932363
76561197961932364
76561197961932366
76561197961932369
76561197961932372
76561197961932375
76561197961932376
76561197961932377
76561197961932378
76561197961932379
76561197961932383
76561197961932385
76561197961932386
76561197961932387
76561197961932388
76561197961932389
76561197961932393
76561197961932394
76561197961932395
76561197961932396
76561197961932397
76561197961932403
76561197961932405
76561197961932410
76561197961932412
76561197961932413
76561197961932414
76561197961932415
76561197961932416
76561197961932418
76561197961932420
76561197961932423
76561197961932425
76561197961932427
76561197961932429
76561197961932431
76561197961932435
76561197961932438
76561197961932439
76561197961932441
76561197961932445
76561197961932447
76561197961932449
76561197961932450
76561197961932458
76561197961932462
76561197961932466
76561197961932474
76561197961932475
76561197961932476
76561197961932482
76561197961932486
76561197961932492
76561197961932495
76561197961932496
76561197961932498
76561197961932504
76561197961932506
76561197961932507
76561197961932509
76561197961932511
76561197961932513
76561197961932517
76561197961932521
76561197961932525
76561197961932529
76561197961932530
76561197961932531
76561197961932532
76561197961932534
76561197961932536
76561197961932537
76561197961932538
76561197961932540
76561197961932541
76561197961932543
76561197961932544
76561197961932545
76561197961932547
76561197961932549
76561197961932550
76561197961932551
76561197961932552
76561197961932555
76561197961932556
76561197961932559
76561197961932560
76561197961932561
76561197961932563
76561197961932565
76561197961932567
76561197961932570
76561197961932571
76561197961932573
76561197961932575
76561197961932580
76561197961932581
76561197961932583
76561197961932585
76561197961932589
76561197961932590
76561197961932592
76561197961932593
76561197961932594
76561197961932598
76561197961932599
76561197961932600
76561197961932601
76561197961932602
76561197961932603
76561197961932606
76561197961932607
76561197961932609
76561197961932613
76561197961932618
76561197961932623
76561197961932624
76561197961932626
76561197961932627
76561197961932628
76561197961932629
76561197961932630
76561197961932632
76561197961932634
76561197961932637
76561197961932638
76561197961932639
76561197961932641
76561197961932644
76561197961932645
76561197961932647
76561197961932649
76561197961932651
76561197961932652
76561197961932655
76561197961932657
76561197961932659
76561197961932660
76561197961932661
76561197961932664
76561197961932666
76561197961932667
76561197961932668
76561197961932669
76561197961932670
76561197961932671
76561197961932672
76561197961932674
76561197961932677
76561197961932682
76561197961932683
76561197961932690
76561197961932692
76561197961932694
76561197961932695
76561197961932699
76561197961932703
76561197961932704
76561197961932705
76561197961932706
76561197961932707
76561197961932708
76561197961932710
76561197961932712
76561197961932713
76561197961932715
76561197961932717
76561197961932718
76561197961932722
76561197961932727
76561197961932731
76561197961932733
76561197961932736
76561197961932738
76561197961932740
76561197961932741
76561197961932745
76561197961932755
76561197961932758
76561197961932761
76561197961932762
76561197961932767
76561197961932769
76561197961932771
76561197961932775
76561197961932776
76561197961932777
76561197961932778
76561197961932779
76561197961932780
76561197961932784
76561197961932785
76561197961932789
76561197961932790
76561197961932793
76561197961932796
76561197961932799
76561197961932801
76561197961932804
76561197961932807
76561197961932808
76561197961932809
76561197961932814
76561197961932815
76561197961932817
76561197961932818
76561197961932820
76561197961932822
76561197961932823
76561197961932825
76561197961932828
76561197961932833
76561197961932838
76561197961932839
76561197961932841
76561197961932842
76561197961932845
76561197961932846
76561197961932848
76561197961932849
76561197961932853
76561197961932854
76561197961932858
76561197961932860
76561197961932862
76561197961932863
76561197961932864
76561197961932866
76561197961932867
76561197961932868
76561197961932869
76561197961932870
76561197961932871
76561197961932873
76561197961932874
76561197961932875
76561197961932876
76561197961932878
76561197961932879
76561197961932881
76561197961932882
76561197961932885
76561197961932892
76561197961932893
76561197961932896
76561197961932898
76561197961932899
76561197961932900
76561197961932903
76561197961932907
76561197961932909
76561197961932911
76561197961932913
76561197961932914
76561197961932915
76561197961932920
76561197961932921
76561197961932922
76561197961932925
76561197961932935
76561197961932942
76561197961932944
76561197961932946
76561197961932952
76561197961932953
76561197961932954
76561197961932955
76561197961932956
76561197961932957
76561197961932958
76561197961932961
76561197961932963
76561197961932965
76561197961932966
76561197961932967
76561197961932968
76561197961932972
76561197961932973
76561197961932975
76561197961932977
76561197961932978
76561197961932979
76561197961932981
76561197961932983
76561197961932986
76561197961932988
76561197961932992
76561197961932993
76561197961932994
76561197961932997
76561197961933003
76561197961933012
76561197961933013
76561197961933015
76561197961933017
76561197961933020
76561197961933021
76561197961933022
76561197961933023
76561197961933024
76561197961933026
76561197961933029
76561197961933033
76561197961933034
76561197961933035
76561197961933036
76561197961933038
76561197961933039
76561197961933044
76561197961933045
76561197961933046
76561197961933047
76561197961933048
76561197961933051
76561197961933053
76561197961933054
76561197961933056
76561197961933058
76561197961933061
76561197961933063
76561197961933064
76561197961933066
76561197961933067
76561197961933068
76561197961933070
76561197961933073
76561197961933074
76561197961933077
76561197961933078
76561197961933081
76561197961933084
76561197961933087
76561197961933092
76561197961933095
76561197961933097
76561197961933101
76561197961933105
76561197961933107
76561197961933109
76561197961933111
76561197961933114
76561197961933116
76561197961933118
76561197961933121
76561197961933128
76561197961933129
76561197961933132
76561197961933142
76561197961933143
76561197961933144
76561197961933146
76561197961933147
76561197961933148
76561197961933149
76561197961933150
76561197961933151
76561197961933156
76561197961933157
76561197961933161
76561197961933164
76561197961933167
76561197961933168
76561197961933169
76561197961933170
76561197961933173
76561197961933175
76561197961933179
76561197961933181
76561197961933185
76561197961933187
76561197961933188
76561197961933189
76561197961933191
76561197961933193
76561197961933199
76561197961933200
76561197961933202
76561197961933205
76561197961933209
76561197961933210
76561197961933211
76561197961933217
76561197961933221
76561197961933222
76561197961933224
76561197961933227
76561197961933229
76561197961933239
76561197961933241
76561197961933243
76561197961933249
76561197961933251
76561197961933252
76561197961933253
76561197961933254
76561197961933255
76561197961933258
76561197961933259
76561197961933264
76561197961933265
76561197961933267
76561197961933270
76561197961933272
76561197961933274
76561197961933276
76561197961933283
76561197961933284
76561197961933285
76561197961933286
76561197961933290
76561197961933291
76561197961933293
76561197961933295
76561197961933296
76561197961933302
76561197961933304
76561197961933307
76561197961933308
76561197961933310
76561197961933312
76561197961933314
76561197961933315
76561197961933316
76561197961933319
76561197961933320
76561197961933321
76561197961933323
76561197961933326
76561197961933327
76561197961933328
76561197961933329
76561197961933335
76561197961933336
76561197961933337
76561197961933340
76561197961933342
76561197961933343
76561197961933344
76561197961933345
76561197961933348
76561197961933355
76561197961933357
76561197961933368
76561197961933369
76561197961933372
76561197961933380
76561197961933381
76561197961933382
76561197961933384
76561197961933386
76561197961933390
76561197961933392
76561197961933396
76561197961933397
76561197961933398
76561197961933401
76561197961933402
76561197961933406
76561197961933411
76561197961933412
76561197961933413
76561197961933415
76561197961933416
76561197961933418
76561197961933421
76561197961933423
76561197961933426
76561197961933430
76561197961933431
76561197961933432
76561197961933435
76561197961933437
76561197961933439
76561197961933447
76561197961933448
76561197961933449
76561197961933451
76561197961933452
76561197961933454
76561197961933464
76561197961933469
76561197961933475
76561197961933488
76561197961933489
76561197961933490
76561197961933494
76561197961933496
76561197961933497
76561197961933501
76561197961933503
76561197961933504
76561197961933507
76561197961933509
76561197961933511
76561197961933514
76561197961933515
76561197961933520
76561197961933521
76561197961933522
76561197961933523
76561197961933529
76561197961933530
76561197961933531
76561197961933532
76561197961933533
76561197961933535
76561197961933536
76561197961933537
76561197961933542
76561197961933543
76561197961933544
76561197961933545
76561197961933546
76561197961933548
76561197961933552
76561197961933555
76561197961933556
76561197961933562
76561197961933565
76561197961933570
76561197961933571
