76561197961875876
76561197961875877
76561197961875878
76561197961875880
76561197961875882
76561197961875884
76561197961875886
76561197961875887
76561197961875889
76561197961875892
76561197961875893
76561197961875894
76561197961875896
76561197961875898
76561197961875900
76561197961875906
76561197961875907
76561197961875908
76561197961875911
76561197961875912
76561197961875914
76561197961875916
76561197961875918
76561197961875919
76561197961875920
76561197961875921
76561197961875922
76561197961875923
76561197961875926
76561197961875927
76561197961875929
76561197961875930
76561197961875932
76561197961875933
76561197961875934
76561197961875937
76561197961875938
76561197961875940
76561197961875942
76561197961875943
76561197961875944
76561197961875945
76561197961875946
76561197961875948
76561197961875949
76561197961875951
76561197961875953
76561197961875954
76561197961875956
76561197961875961
76561197961875962
76561197961875963
76561197961875966
76561197961875968
76561197961875971
76561197961875972
76561197961875973
76561197961875974
76561197961875975
76561197961875977
76561197961875978
76561197961875982
76561197961875984
76561197961875986
76561197961875991
76561197961875992
76561197961875993
76561197961875994
76561197961875995
76561197961875998
76561197961876001
76561197961876004
76561197961876005
76561197961876006
76561197961876008
76561197961876009
76561197961876012
76561197961876014
76561197961876015
76561197961876016
76561197961876021
76561197961876022
76561197961876025
76561197961876029
76561197961876030
76561197961876031
76561197961876032
76561197961876033
76561197961876034
76561197961876036
76561197961876037
76561197961876038
76561197961876039
76561197961876040
76561197961876042
76561197961876050
76561197961876054
76561197961876059
76561197961876060
76561197961876064
76561197961876068
76561197961876071
76561197961876072
76561197961876074
76561197961876077
76561197961876078
76561197961876079
76561197961876080
76561197961876081
76561197961876083
76561197961876084
76561197961876085
76561197961876088
76561197961876092
76561197961876095
76561197961876096
76561197961876106
76561197961876108
76561197961876113
76561197961876116
76561197961876117
76561197961876120
76561197961876121
76561197961876122
76561197961876124
76561197961876125
76561197961876126
76561197961876128
76561197961876131
76561197961876135
76561197961876136
76561197961876137
76561197961876138
76561197961876142
76561197961876143
76561197961876144
76561197961876145
76561197961876147
76561197961876150
76561197961876151
76561197961876157
76561197961876159
76561197961876161
76561197961876163
76561197961876166
76561197961876167
76561197961876168
76561197961876171
76561197961876174
76561197961876176
76561197961876178
76561197961876181
76561197961876184
76561197961876188
76561197961876190
76561197961876194
76561197961876197
76561197961876198
76561197961876199
76561197961876200
76561197961876202
76561197961876206
76561197961876209
76561197961876211
76561197961876214
76561197961876216
76561197961876218
76561197961876219
76561197961876220
76561197961876230
76561197961876231
76561197961876232
76561197961876238
76561197961876239
76561197961876240
76561197961876241
76561197961876242
76561197961876245
76561197961876248
76561197961876251
76561197961876254
76561197961876255
76561197961876256
76561197961876258
76561197961876260
76561197961876262
76561197961876263
76561197961876264
76561197961876265
76561197961876266
76561197961876267
76561197961876269
76561197961876270
76561197961876272
76561197961876276
76561197961876279
76561197961876282
76561197961876284
76561197961876285
76561197961876286
76561197961876288
76561197961876290
76561197961876291
76561197961876295
76561197961876296
76561197961876297
76561197961876303
76561197961876304
76561197961876306
76561197961876309
76561197961876310
76561197961876313
76561197961876314
76561197961876316
76561197961876318
76561197961876320
76561197961876326
76561197961876327
76561197961876329
76561197961876330
76561197961876332
76561197961876333
76561197961876334
76561197961876337
76561197961876341
76561197961876343
76561197961876346
76561197961876350
76561197961876355
76561197961876356
76561197961876360
76561197961876362
76561197961876363
76561197961876368
76561197961876369
76561197961876370
76561197961876372
76561197961876374
76561197961876376
76561197961876378
76561197961876381
76561197961876383
76561197961876386
76561197961876387
76561197961876388
76561197961876390
76561197961876393
76561197961876395
76561197961876396
76561197961876399
76561197961876401
76561197961876402
76561197961876404
76561197961876407
76561197961876410
76561197961876411
76561197961876414
76561197961876415
76561197961876416
76561197961876417
76561197961876418
76561197961876420
76561197961876422
76561197961876425
76561197961876427
76561197961876428
76561197961876430
76561197961876432
76561197961876434
76561197961876435
76561197961876436
76561197961876438
76561197961876440
76561197961876445
76561197961876447
76561197961876448
76561197961876449
76561197961876451
76561197961876452
76561197961876453
76561197961876454
76561197961876456
76561197961876457
76561197961876458
76561197961876460
76561197961876461
76561197961876462
76561197961876465
76561197961876468
76561197961876469
76561197961876473
76561197961876474
76561197961876476
76561197961876478
76561197961876480
76561197961876481
76561197961876485
76561197961876487
76561197961876488
76561197961876489
76561197961876491
76561197961876492
76561197961876495
76561197961876497
76561197961876503
76561197961876505
76561197961876507
76561197961876509
76561197961876510
76561197961876512
76561197961876513
76561197961876516
76561197961876518
76561197961876522
76561197961876526
76561197961876528
76561197961876529
76561197961876530
76561197961876531
76561197961876532
76561197961876533
76561197961876534
76561197961876537
76561197961876539
76561197961876540
76561197961876546
76561197961876547
76561197961876550
76561197961876551
76561197961876552
76561197961876554
76561197961876558
76561197961876559
76561197961876561
76561197961876562
76561197961876563
76561197961876564
76561197961876565
76561197961876567
76561197961876569
76561197961876572
76561197961876573
76561197961876574
76561197961876579
76561197961876580
76561197961876581
76561197961876582
76561197961876583
76561197961876584
76561197961876585
76561197961876589
76561197961876591
76561197961876592
76561197961876593
76561197961876595
76561197961876596
76561197961876598
76561197961876600
76561197961876601
76561197961876604
76561197961876608
76561197961876609
76561197961876610
76561197961876612
76561197961876614
76561197961876615
76561197961876616
76561197961876617
76561197961876618
76561197961876622
76561197961876626
76561197961876628
76561197961876635
76561197961876636
76561197961876638
76561197961876639
76561197961876640
76561197961876642
76561197961876643
76561197961876644
76561197961876646
76561197961876647
76561197961876648
76561197961876649
76561197961876652
76561197961876653
76561197961876654
76561197961876656
76561197961876660
76561197961876661
76561197961876662
76561197961876664
76561197961876666
76561197961876667
76561197961876668
76561197961876670
76561197961876673
76561197961876674
76561197961876676
76561197961876677
76561197961876682
76561197961876683
76561197961876684
76561197961876686
76561197961876687
76561197961876689
76561197961876691
76561197961876692
76561197961876693
76561197961876694
76561197961876696
76561197961876697
76561197961876698
76561197961876699
76561197961876700
76561197961876702
76561197961876706
76561197961876707
76561197961876708
76561197961876709
76561197961876710
76561197961876711
76561197961876712
76561197961876713
76561197961876714
76561197961876716
76561197961876719
76561197961876720
76561197961876722
76561197961876723
76561197961876724
76561197961876727
76561197961876728
76561197961876730
76561197961876732
76561197961876740
76561197961876742
76561197961876744
76561197961876745
76561197961876746
76561197961876749
76561197961876750
76561197961876751
76561197961876754
76561197961876757
76561197961876758
76561197961876763
76561197961876765
76561197961876766
76561197961876768
76561197961876771
76561197961876772
76561197961876773
76561197961876774
76561197961876776
76561197961876778
76561197961876779
76561197961876780
76561197961876781
76561197961876782
76561197961876784
76561197961876785
76561197961876787
76561197961876791
76561197961876794
76561197961876795
76561197961876796
76561197961876797
76561197961876799
76561197961876800
76561197961876802
76561197961876804
76561197961876806
76561197961876809
76561197961876814
76561197961876816
76561197961876819
76561197961876820
76561197961876821
76561197961876823
76561197961876825
76561197961876828
76561197961876830
76561197961876839
76561197961876841
76561197961876845
76561197961876846
76561197961876848
76561197961876851
76561197961876852
76561197961876854
76561197961876857
76561197961876859
76561197961876861
76561197961876863
76561197961876864
76561197961876865
76561197961876866
76561197961876867
76561197961876870
76561197961876871
76561197961876872
76561197961876874
76561197961876876
76561197961876877
76561197961876879
76561197961876880
76561197961876882
76561197961876884
76561197961876885
76561197961876887
76561197961876888
76561197961876889
76561197961876890
76561197961876892
76561197961876894
76561197961876895
76561197961876896
76561197961876897
76561197961876898
76561197961876899
76561197961876900
76561197961876901
76561197961876910
76561197961876911
76561197961876913
76561197961876914
76561197961876915
76561197961876916
76561197961876918
76561197961876919
76561197961876924
76561197961876926
76561197961876928
76561197961876931
76561197961876934
76561197961876937
76561197961876938
76561197961876939
76561197961876944
76561197961876946
76561197961876948
76561197961876950
76561197961876951
76561197961876952
76561197961876955
76561197961876956
76561197961876958
76561197961876960
76561197961876963
76561197961876964
76561197961876965
76561197961876968
76561197961876970
76561197961876974
76561197961876975
76561197961876976
76561197961876977
76561197961876978
76561197961876982
76561197961876983
76561197961876985
76561197961876988
76561197961876989
76561197961876990
76561197961876992
76561197961876996
76561197961876997
76561197961876998
76561197961876999
76561197961877002
76561197961877003
76561197961877005
76561197961877008
76561197961877013
76561197961877016
76561197961877017
76561197961877020
76561197961877022
76561197961877026
76561197961877028
76561197961877029
76561197961877030
76561197961877031
76561197961877033
76561197961877034
76561197961877036
76561197961877038
76561197961877039
76561197961877040
76561197961877043
76561197961877045
76561197961877048
76561197961877051
76561197961877052
76561197961877054
76561197961877055
76561197961877056
76561197961877059
76561197961877061
76561197961877063
76561197961877066
76561197961877067
76561197961877068
76561197961877071
76561197961877072
76561197961877073
76561197961877075
76561197961877076
76561197961877078
76561197961877079
76561197961877080
76561197961877084
76561197961877088
76561197961877091
76561197961877097
76561197961877099
76561197961877102
76561197961877104
76561197961877106
76561197961877107
76561197961877115
76561197961877116
76561197961877118
76561197961877119
76561197961877120
76561197961877124
76561197961877129
76561197961877130
76561197961877132
76561197961877137
76561197961877138
76561197961877139
76561197961877140
76561197961877142
76561197961877144
76561197961877148
76561197961877150
76561197961877151
76561197961877152
76561197961877154
76561197961877155
76561197961877158
76561197961877159
76561197961877160
76561197961877162
76561197961877163
76561197961877164
76561197961877167
76561197961877168
76561197961877169
76561197961877170
76561197961877174
76561197961877175
76561197961877179
76561197961877180
76561197961877181
76561197961877185
76561197961877186
76561197961877187
76561197961877188
76561197961877190
76561197961877196
76561197961877197
76561197961877198
76561197961877200
76561197961877201
76561197961877202
76561197961877204
76561197961877206
76561197961877208
76561197961877210
76561197961877211
76561197961877212
76561197961877216
76561197961877218
76561197961877219
76561197961877220
76561197961877222
76561197961877223
76561197961877224
76561197961877225
76561197961877226
76561197961877228
76561197961877229
76561197961877231
76561197961877232
76561197961877237
76561197961877238
76561197961877240
76561197961877242
76561197961877243
76561197961877244
76561197961877246
76561197961877247
76561197961877250
76561197961877253
76561197961877254
76561197961877256
76561197961877259
76561197961877265
76561197961877269
76561197961877270
76561197961877271
76561197961877273
76561197961877274
76561197961877275
76561197961877276
76561197961877277
76561197961877279
76561197961877280
76561197961877282
76561197961877289
76561197961877291
76561197961877292
76561197961877296
76561197961877298
76561197961877302
76561197961877304
76561197961877306
76561197961877307
76561197961877310
76561197961877311
76561197961877312
76561197961877314
76561197961877315
76561197961877316
76561197961877318
76561197961877320
76561197961877321
76561197961877322
76561197961877323
76561197961877331
76561197961877332
76561197961877337
76561197961877338
76561197961877341
76561197961877348
76561197961877349
76561197961877351
76561197961877352
76561197961877353
76561197961877354
76561197961877355
76561197961877356
76561197961877357
76561197961877358
76561197961877363
76561197961877364
76561197961877366
76561197961877368
76561197961877370
76561197961877371
76561197961877375
76561197961877376
76561197961877380
76561197961877381
76561197961877382
76561197961877384
76561197961877387
76561197961877388
76561197961877392
76561197961877393
76561197961877394
76561197961877398
76561197961877403
76561197961877404
76561197961877407
76561197961877408
76561197961877409
76561197961877410
76561197961877411
76561197961877412
76561197961877413
76561197961877414
76561197961877418
76561197961877420
76561197961877422
76561197961877426
76561197961877427
76561197961877428
76561197961877429
76561197961877432
76561197961877433
76561197961877434
76561197961877436
76561197961877437
76561197961877440
76561197961877442
76561197961877446
76561197961877448
76561197961877449
76561197961877453
76561197961877457
76561197961877458
76561197961877460
76561197961877463
76561197961877464
76561197961877466
76561197961877469
76561197961877470
76561197961877471
76561197961877474
76561197961877475
76561197961877477
76561197961877478
76561197961877484
76561197961877485
76561197961877486
76561197961877491
76561197961877492
76561197961877493
76561197961877496
76561197961877497
76561197961877504
76561197961877507
76561197961877508
76561197961877510
76561197961877511
76561197961877512
76561197961877518
76561197961877520
76561197961877525
76561197961877527
76561197961877528
76561197961877530
76561197961877534
76561197961877537
76561197961877540
76561197961877546
76561197961877548
76561197961877550
76561197961877553
76561197961877555
76561197961877556
76561197961877557
76561197961877559
76561197961877562
76561197961877563
76561197961877564
76561197961877566
76561197961877567
76561197961877573
76561197961877575
76561197961877576
76561197961877577
76561197961877578
76561197961877581
76561197961877582
76561197961877586
76561197961877587
76561197961877588
76561197961877591
76561197961877592
76561197961877593
76561197961877595
76561197961877596
76561197961877601
76561197961877602
76561197961877604
76561197961877605
76561197961877606
76561197961877608
76561197961877609
76561197961877612
76561197961877615
76561197961877616
76561197961877617
76561197961877618
76561197961877619
76561197961877622
76561197961877623
76561197961877625
76561197961877626
76561197961877628
76561197961877629
76561197961877631
76561197961877633
76561197961877634
76561197961877635
76561197961877636
76561197961877637
76561197961877638
76561197961877639
76561197961877640
76561197961877641
76561197961877642
76561197961877643
76561197961877647
76561197961877648
76561197961877649
76561197961877650
76561197961877651
76561197961877655
76561197961877656
76561197961877661
76561197961877662
76561197961877664
76561197961877666
76561197961877667
76561197961877668
76561197961877672
76561197961877674
76561197961877677
76561197961877686
76561197961877688
76561197961877690
76561197961877692
76561197961877693
76561197961877694
76561197961877695
76561197961877696
76561197961877697
76561197961877698
76561197961877702
76561197961877707
76561197961877708
76561197961877711
76561197961877712
76561197961877714
76561197961877715
76561197961877716
76561197961877717
76561197961877718
76561197961877719
76561197961877720
76561197961877721
76561197961877723
76561197961877726
76561197961877728
76561197961877731
76561197961877733
76561197961877735
76561197961877736
76561197961877740
76561197961877741
76561197961877742
76561197961877744
76561197961877747
76561197961877748
76561197961877749
76561197961877750
76561197961877751
76561197961877754
76561197961877755
76561197961877758
76561197961877759
76561197961877762
76561197961877763
76561197961877765
76561197961877766
76561197961877767
76561197961877768
76561197961877769
76561197961877770
76561197961877774
76561197961877779
76561197961877780
76561197961877782
76561197961877783
76561197961877785
76561197961877786
76561197961877788
76561197961877789
76561197961877791
76561197961877792
76561197961877793
76561197961877795
76561197961877798
76561197961877800
76561197961877801
76561197961877803
76561197961877804
76561197961877805
76561197961877806
76561197961877812
76561197961877815
76561197961877817
76561197961877818
76561197961877823
76561197961877824
76561197961877827
76561197961877828
76561197961877829
76561197961877830
76561197961877833
76561197961877836
76561197961877840
76561197961877843
76561197961877844
76561197961877845
76561197961877846
76561197961877848
76561197961877849
76561197961877851
76561197961877852
76561197961877853
76561197961877855
76561197961877857
76561197961877858
