76561197960940761
76561197960940762
76561197960940763
76561197960940764
76561197960940767
76561197960940768
76561197960940769
76561197960940770
76561197960940771
76561197960940773
76561197960940774
76561197960940775
76561197960940776
76561197960940777
76561197960940778
76561197960940779
76561197960940782
76561197960940784
76561197960940785
76561197960940786
76561197960940787
76561197960940788
76561197960940789
76561197960940790
76561197960940791
76561197960940792
76561197960940793
76561197960940794
76561197960940795
76561197960940797
76561197960940798
76561197960940800
76561197960940801
76561197960940803
76561197960940804
76561197960940805
76561197960940806
76561197960940807
76561197960940809
76561197960940810
76561197960940812
76561197960940814
76561197960940815
76561197960940819
76561197960940821
76561197960940822
76561197960940824
76561197960940825
76561197960940827
76561197960940828
76561197960940829
76561197960940830
76561197960940831
76561197960940833
76561197960940834
76561197960940835
76561197960940836
76561197960940838
76561197960940839
76561197960940840
76561197960940841
76561197960940842
76561197960940844
76561197960940845
76561197960940847
76561197960940848
76561197960940849
76561197960940850
76561197960940851
76561197960940852
76561197960940854
76561197960940855
76561197960940856
76561197960940859
76561197960940860
76561197960940861
76561197960940862
76561197960940863
76561197960940864
76561197960940865
76561197960940866
76561197960940867
76561197960940868
76561197960940869
76561197960940870
76561197960940871
76561197960940872
76561197960940873
76561197960940874
76561197960940875
76561197960940876
76561197960940877
76561197960940878
76561197960940879
76561197960940880
76561197960940881
76561197960940883
76561197960940885
76561197960940886
76561197960940889
76561197960940891
76561197960940892
76561197960940893
76561197960940894
76561197960940895
76561197960940896
76561197960940899
76561197960940900
76561197960940901
76561197960940902
76561197960940903
76561197960940904
76561197960940905
76561197960940908
76561197960940909
76561197960940911
76561197960940913
76561197960940914
76561197960940915
76561197960940916
76561197960940917
76561197960940918
76561197960940919
76561197960940920
76561197960940923
76561197960940924
76561197960940925
76561197960940926
76561197960940930
76561197960940931
76561197960940932
76561197960940933
76561197960940938
76561197960940939
76561197960940940
76561197960940941
76561197960940943
76561197960940944
76561197960940946
76561197960940947
76561197960940948
76561197960940949
76561197960940950
76561197960940951
76561197960940952
76561197960940954
76561197960940958
76561197960940960
76561197960940961
76561197960940963
76561197960940964
76561197960940967
76561197960940968
76561197960940969
76561197960940970
76561197960940972
76561197960940973
76561197960940975
76561197960940976
76561197960940977
76561197960940978
76561197960940979
76561197960940980
76561197960940981
76561197960940982
76561197960940983
76561197960940986
76561197960940987
76561197960940988
76561197960940990
76561197960940991
76561197960940992
76561197960940993
76561197960940997
76561197960940999
76561197960941000
76561197960941002
76561197960941003
76561197960941004
76561197960941005
76561197960941006
76561197960941007
76561197960941008
76561197960941009
76561197960941010
76561197960941011
76561197960941014
76561197960941015
76561197960941016
76561197960941017
76561197960941019
76561197960941023
76561197960941024
76561197960941026
76561197960941028
76561197960941030
76561197960941032
76561197960941034
76561197960941036
76561197960941037
76561197960941038
76561197960941039
76561197960941040
76561197960941042
76561197960941044
76561197960941046
76561197960941048
76561197960941049
76561197960941050
76561197960941051
76561197960941052
76561197960941053
76561197960941054
76561197960941055
76561197960941056
76561197960941059
76561197960941060
76561197960941061
76561197960941062
76561197960941063
76561197960941064
76561197960941070
76561197960941071
76561197960941074
76561197960941075
76561197960941077
76561197960941079
76561197960941080
76561197960941082
76561197960941083
76561197960941085
76561197960941086
76561197960941088
76561197960941092
76561197960941094
76561197960941095
76561197960941097
76561197960941098
76561197960941099
76561197960941100
76561197960941101
76561197960941102
76561197960941103
76561197960941104
76561197960941105
76561197960941106
76561197960941108
76561197960941109
76561197960941111
76561197960941113
76561197960941116
76561197960941117
76561197960941118
76561197960941119
76561197960941120
76561197960941122
76561197960941123
76561197960941124
76561197960941125
76561197960941126
76561197960941127
76561197960941128
76561197960941129
76561197960941130
76561197960941132
76561197960941133
76561197960941134
76561197960941135
76561197960941136
76561197960941137
76561197960941138
76561197960941139
76561197960941140
76561197960941141
76561197960941142
76561197960941143
76561197960941144
76561197960941145
76561197960941146
76561197960941147
76561197960941148
76561197960941149
76561197960941150
76561197960941151
76561197960941152
76561197960941153
76561197960941154
76561197960941159
76561197960941162
76561197960941164
76561197960941165
76561197960941166
76561197960941167
76561197960941168
76561197960941169
76561197960941170
76561197960941171
76561197960941172
76561197960941173
76561197960941175
76561197960941177
76561197960941178
76561197960941179
76561197960941180
76561197960941181
76561197960941183
76561197960941185
76561197960941186
76561197960941187
76561197960941188
76561197960941189
76561197960941191
76561197960941193
76561197960941194
76561197960941195
76561197960941201
76561197960941202
76561197960941203
76561197960941204
76561197960941205
76561197960941206
76561197960941207
76561197960941208
76561197960941209
76561197960941210
76561197960941211
76561197960941213
76561197960941214
76561197960941215
76561197960941216
76561197960941218
76561197960941219
76561197960941220
76561197960941221
76561197960941222
76561197960941223
76561197960941224
76561197960941225
76561197960941226
76561197960941227
76561197960941228
76561197960941229
76561197960941231
76561197960941232
76561197960941233
76561197960941234
76561197960941235
76561197960941238
76561197960941239
76561197960941242
76561197960941245
76561197960941246
76561197960941249
76561197960941250
76561197960941252
76561197960941253
76561197960941254
76561197960941255
76561197960941257
76561197960941258
76561197960941259
76561197960941260
76561197960941261
76561197960941262
76561197960941263
76561197960941264
76561197960941266
76561197960941267
76561197960941268
76561197960941269
76561197960941270
76561197960941272
76561197960941273
76561197960941275
76561197960941276
76561197960941279
76561197960941280
76561197960941281
76561197960941282
76561197960941286
76561197960941287
76561197960941288
76561197960941290
76561197960941291
76561197960941292
76561197960941293
76561197960941294
76561197960941295
76561197960941296
76561197960941297
76561197960941301
76561197960941302
76561197960941304
76561197960941305
76561197960941307
76561197960941311
76561197960941313
76561197960941317
76561197960941318
76561197960941319
76561197960941320
76561197960941321
76561197960941322
76561197960941323
76561197960941324
76561197960941328
76561197960941329
76561197960941331
76561197960941332
76561197960941333
76561197960941334
76561197960941336
76561197960941337
76561197960941338
76561197960941339
76561197960941340
76561197960941341
76561197960941342
76561197960941343
76561197960941346
76561197960941347
76561197960941349
76561197960941350
76561197960941351
76561197960941352
76561197960941353
76561197960941354
76561197960941356
76561197960941357
76561197960941358
76561197960941359
76561197960941360
76561197960941361
76561197960941362
76561197960941365
76561197960941366
76561197960941367
76561197960941368
76561197960941369
76561197960941371
76561197960941372
76561197960941373
76561197960941375
76561197960941376
76561197960941378
76561197960941379
76561197960941381
76561197960941382
76561197960941384
76561197960941385
76561197960941386
76561197960941387
76561197960941388
76561197960941389
76561197960941390
76561197960941392
76561197960941393
76561197960941394
76561197960941395
76561197960941396
76561197960941397
76561197960941398
76561197960941399
76561197960941400
76561197960941401
76561197960941402
76561197960941403
76561197960941404
76561197960941405
76561197960941406
76561197960941407
76561197960941410
76561197960941412
76561197960941413
76561197960941414
76561197960941415
76561197960941416
76561197960941418
76561197960941419
76561197960941420
76561197960941421
76561197960941422
76561197960941423
76561197960941424
76561197960941426
76561197960941427
76561197960941428
76561197960941429
76561197960941431
76561197960941432
76561197960941433
76561197960941434
76561197960941435
76561197960941436
76561197960941437
76561197960941438
76561197960941439
76561197960941440
76561197960941442
76561197960941443
76561197960941445
76561197960941448
76561197960941449
76561197960941452
76561197960941453
76561197960941455
76561197960941456
76561197960941457
76561197960941458
76561197960941459
76561197960941460
76561197960941462
76561197960941464
76561197960941466
76561197960941467
76561197960941468
76561197960941469
76561197960941470
76561197960941471
76561197960941472
76561197960941473
76561197960941474
76561197960941475
76561197960941476
76561197960941477
76561197960941479
76561197960941480
76561197960941482
76561197960941483
76561197960941484
76561197960941487
76561197960941489
76561197960941491
76561197960941492
76561197960941493
76561197960941495
76561197960941496
76561197960941498
76561197960941499
76561197960941500
76561197960941501
76561197960941502
76561197960941503
76561197960941504
76561197960941505
76561197960941506
76561197960941507
76561197960941510
76561197960941512
76561197960941513
76561197960941514
76561197960941516
76561197960941517
76561197960941518
76561197960941520
76561197960941522
76561197960941523
76561197960941524
76561197960941527
76561197960941528
76561197960941531
76561197960941532
76561197960941534
76561197960941535
76561197960941536
76561197960941537
76561197960941538
76561197960941540
76561197960941541
76561197960941542
76561197960941543
76561197960941545
76561197960941546
76561197960941547
76561197960941548
76561197960941549
76561197960941550
76561197960941551
76561197960941554
76561197960941555
76561197960941557
76561197960941558
76561197960941559
76561197960941560
76561197960941561
76561197960941562
76561197960941564
76561197960941565
76561197960941566
76561197960941567
76561197960941568
76561197960941569
76561197960941570
76561197960941571
76561197960941572
76561197960941573
76561197960941574
76561197960941575
76561197960941577
76561197960941579
76561197960941580
76561197960941581
76561197960941583
76561197960941584
76561197960941585
76561197960941586
76561197960941588
76561197960941589
76561197960941590
76561197960941592
76561197960941593
76561197960941595
76561197960941597
76561197960941598
76561197960941599
76561197960941600
76561197960941601
76561197960941602
76561197960941603
76561197960941605
76561197960941606
76561197960941610
76561197960941612
76561197960941613
76561197960941614
76561197960941616
76561197960941618
76561197960941619
76561197960941620
76561197960941621
76561197960941622
76561197960941623
76561197960941625
76561197960941626
76561197960941628
76561197960941629
76561197960941630
76561197960941631
76561197960941633
76561197960941634
76561197960941636
76561197960941639
76561197960941641
76561197960941642
76561197960941643
76561197960941644
76561197960941646
76561197960941648
76561197960941651
76561197960941652
76561197960941653
76561197960941655
76561197960941656
76561197960941657
76561197960941658
76561197960941659
76561197960941660
76561197960941661
76561197960941663
76561197960941665
76561197960941666
76561197960941667
76561197960941668
76561197960941669
76561197960941670
76561197960941674
76561197960941676
76561197960941677
76561197960941678
76561197960941681
76561197960941686
76561197960941687
76561197960941688
76561197960941690
76561197960941692
76561197960941693
76561197960941695
76561197960941696
76561197960941697
76561197960941698
76561197960941700
76561197960941702
76561197960941704
76561197960941706
76561197960941707
76561197960941708
76561197960941709
76561197960941710
76561197960941711
76561197960941713
76561197960941714
76561197960941719
76561197960941721
76561197960941725
76561197960941726
76561197960941727
76561197960941728
76561197960941729
76561197960941730
76561197960941731
76561197960941732
76561197960941733
76561197960941734
76561197960941735
76561197960941736
76561197960941737
76561197960941739
76561197960941740
76561197960941741
76561197960941743
76561197960941746
76561197960941747
76561197960941748
76561197960941752
76561197960941753
76561197960941754
76561197960941755
76561197960941758
76561197960941759
76561197960941760
76561197960941761
76561197960941762
76561197960941763
76561197960941764
76561197960941765
76561197960941766
76561197960941767
76561197960941769
76561197960941771
76561197960941772
76561197960941773
76561197960941774
76561197960941775
76561197960941776
76561197960941777
76561197960941778
76561197960941779
76561197960941780
76561197960941781
76561197960941782
76561197960941784
76561197960941785
76561197960941786
76561197960941787
76561197960941788
76561197960941790
76561197960941793
76561197960941797
76561197960941799
76561197960941800
76561197960941801
76561197960941802
76561197960941803
76561197960941805
76561197960941808
76561197960941809
76561197960941810
76561197960941811
76561197960941813
76561197960941814
76561197960941816
76561197960941817
76561197960941818
76561197960941819
76561197960941822
76561197960941824
76561197960941825
76561197960941826
76561197960941827
76561197960941829
76561197960941830
76561197960941832
76561197960941833
76561197960941834
76561197960941835
76561197960941836
76561197960941837
76561197960941838
76561197960941839
76561197960941840
76561197960941841
76561197960941842
76561197960941843
76561197960941845
76561197960941846
76561197960941847
76561197960941848
76561197960941851
76561197960941852
76561197960941853
76561197960941854
76561197960941855
76561197960941856
76561197960941857
76561197960941858
76561197960941860
76561197960941861
76561197960941862
76561197960941863
76561197960941865
76561197960941866
76561197960941867
76561197960941871
76561197960941872
76561197960941873
76561197960941875
76561197960941876
76561197960941877
76561197960941878
76561197960941880
76561197960941881
76561197960941882
76561197960941884
76561197960941886
76561197960941887
76561197960941888
76561197960941889
76561197960941890
76561197960941891
76561197960941892
76561197960941893
76561197960941894
76561197960941895
76561197960941896
76561197960941897
76561197960941898
76561197960941899
76561197960941900
76561197960941901
76561197960941903
76561197960941904
76561197960941905
76561197960941906
76561197960941907
76561197960941908
76561197960941909
76561197960941910
76561197960941911
76561197960941913
76561197960941914
76561197960941915
76561197960941916
76561197960941917
76561197960941918
76561197960941920
76561197960941921
76561197960941922
76561197960941923
76561197960941924
76561197960941925
76561197960941926
76561197960941927
76561197960941929
76561197960941930
76561197960941931
76561197960941933
76561197960941935
76561197960941939
76561197960941940
76561197960941941
76561197960941942
76561197960941943
76561197960941944
76561197960941945
76561197960941946
76561197960941948
76561197960941949
76561197960941950
76561197960941952
76561197960941953
76561197960941954
76561197960941956
76561197960941957
76561197960941958
76561197960941959
76561197960941960
76561197960941961
76561197960941962
76561197960941963
76561197960941964
76561197960941965
76561197960941966
76561197960941967
76561197960941968
76561197960941969
76561197960941970
76561197960941972
76561197960941973
76561197960941974
76561197960941977
76561197960941978
76561197960941979
76561197960941981
76561197960941982
76561197960941983
76561197960941984
76561197960941985
76561197960941987
76561197960941988
76561197960941989
76561197960941991
76561197960941995
76561197960941996
76561197960941997
76561197960941998
76561197960941999
76561197960942000
76561197960942001
76561197960942002
76561197960942003
76561197960942004
76561197960942005
76561197960942006
76561197960942010
76561197960942011
76561197960942012
76561197960942015
76561197960942016
76561197960942018
76561197960942019
76561197960942020
76561197960942021
76561197960942022
76561197960942023
76561197960942024
76561197960942025
76561197960942026
76561197960942027
76561197960942029
76561197960942031
76561197960942032
76561197960942033
76561197960942034
76561197960942035
76561197960942036
76561197960942037
76561197960942040
76561197960942041
76561197960942042
76561197960942043
76561197960942044
76561197960942045
76561197960942047
76561197960942048
76561197960942050
76561197960942051
76561197960942054
76561197960942057
76561197960942058
76561197960942060
76561197960942061
76561197960942062
76561197960942063
76561197960942064
76561197960942065
76561197960942066
76561197960942067
76561197960942068
76561197960942070
76561197960942071
76561197960942075
76561197960942076
76561197960942078
76561197960942079
76561197960942082
76561197960942083
76561197960942084
76561197960942085
76561197960942087
76561197960942089
76561197960942090
76561197960942091
76561197960942092
76561197960942094
76561197960942096
76561197960942097
76561197960942098
76561197960942099
76561197960942100
76561197960942101
76561197960942102
76561197960942103
76561197960942104
76561197960942105
76561197960942106
76561197960942107
76561197960942108
76561197960942109
76561197960942111
76561197960942112
76561197960942113
76561197960942114
76561197960942115
76561197960942117
76561197960942120
76561197960942121
76561197960942123
76561197960942124
76561197960942125
76561197960942126
