76561197960920425
76561197960920426
76561197960920427
76561197960920429
76561197960920430
76561197960920431
76561197960920432
76561197960920436
76561197960920439
76561197960920440
76561197960920442
76561197960920446
76561197960920450
76561197960920451
76561197960920452
76561197960920454
76561197960920456
76561197960920458
76561197960920460
76561197960920462
76561197960920464
76561197960920465
76561197960920468
76561197960920470
76561197960920472
76561197960920475
76561197960920476
76561197960920478
76561197960920479
76561197960920482
76561197960920483
76561197960920484
76561197960920485
76561197960920486
76561197960920487
76561197960920490
76561197960920492
76561197960920493
76561197960920494
76561197960920496
76561197960920497
76561197960920498
76561197960920501
76561197960920503
76561197960920504
76561197960920505
76561197960920506
76561197960920507
76561197960920508
76561197960920510
76561197960920511
76561197960920512
76561197960920513
76561197960920514
76561197960920516
76561197960920518
76561197960920520
76561197960920521
76561197960920524
76561197960920526
76561197960920528
76561197960920530
76561197960920534
76561197960920538
76561197960920540
76561197960920543
76561197960920544
76561197960920545
76561197960920546
76561197960920548
76561197960920550
76561197960920551
76561197960920552
76561197960920553
76561197960920554
76561197960920556
76561197960920557
76561197960920560
76561197960920562
76561197960920564
76561197960920565
76561197960920572
76561197960920574
76561197960920575
76561197960920576
76561197960920577
76561197960920578
76561197960920579
76561197960920580
76561197960920583
76561197960920584
76561197960920585
76561197960920586
76561197960920588
76561197960920589
76561197960920592
76561197960920596
76561197960920600
76561197960920601
76561197960920602
76561197960920603
76561197960920604
76561197960920606
76561197960920608
76561197960920611
76561197960920612
76561197960920613
76561197960920614
76561197960920615
76561197960920618
76561197960920619
76561197960920620
76561197960920622
76561197960920623
76561197960920626
76561197960920628
76561197960920633
76561197960920635
76561197960920638
76561197960920639
76561197960920640
76561197960920641
76561197960920646
76561197960920647
76561197960920648
76561197960920649
76561197960920650
76561197960920652
76561197960920653
76561197960920655
76561197960920656
76561197960920658
76561197960920659
76561197960920660
76561197960920661
76561197960920662
76561197960920666
76561197960920669
76561197960920671
76561197960920672
76561197960920674
76561197960920675
76561197960920678
76561197960920679
76561197960920681
76561197960920682
76561197960920684
76561197960920686
76561197960920688
76561197960920689
76561197960920690
76561197960920691
76561197960920692
76561197960920693
76561197960920694
76561197960920695
76561197960920696
76561197960920698
76561197960920699
76561197960920700
76561197960920701
76561197960920702
76561197960920704
76561197960920706
76561197960920708
76561197960920710
76561197960920712
76561197960920716
76561197960920718
76561197960920720
76561197960920721
76561197960920724
76561197960920726
76561197960920728
76561197960920730
76561197960920732
76561197960920734
76561197960920736
76561197960920739
76561197960920741
76561197960920742
76561197960920744
76561197960920746
76561197960920747
76561197960920750
76561197960920751
76561197960920754
76561197960920758
76561197960920762
76561197960920764
76561197960920765
76561197960920766
76561197960920767
76561197960920769
76561197960920772
76561197960920774
76561197960920775
76561197960920776
76561197960920777
76561197960920778
76561197960920779
76561197960920780
76561197960920782
76561197960920783
76561197960920785
76561197960920786
76561197960920787
76561197960920792
76561197960920793
76561197960920794
76561197960920796
76561197960920797
76561197960920798
76561197960920799
76561197960920800
76561197960920801
76561197960920802
76561197960920803
76561197960920804
76561197960920806
76561197960920808
76561197960920810
76561197960920812
76561197960920815
76561197960920818
76561197960920820
76561197960920821
76561197960920822
76561197960920824
76561197960920825
76561197960920826
76561197960920827
76561197960920830
76561197960920831
76561197960920832
76561197960920836
76561197960920837
76561197960920838
76561197960920839
76561197960920844
76561197960920848
76561197960920850
76561197960920851
76561197960920852
76561197960920854
76561197960920857
76561197960920858
76561197960920860
76561197960920862
76561197960920865
76561197960920866
76561197960920868
76561197960920870
76561197960920872
76561197960920874
76561197960920878
76561197960920880
76561197960920882
76561197960920884
76561197960920886
76561197960920887
76561197960920888
76561197960920889
76561197960920890
76561197960920892
76561197960920893
76561197960920895
76561197960920896
76561197960920898
76561197960920899
76561197960920900
76561197960920901
76561197960920905
76561197960920906
76561197960920908
76561197960920910
76561197960920911
76561197960920916
76561197960920917
76561197960920919
76561197960920920
76561197960920921
76561197960920922
76561197960920925
76561197960920926
76561197960920927
76561197960920928
76561197960920929
76561197960920930
76561197960920932
76561197960920933
76561197960920936
76561197960920937
76561197960920940
76561197960920946
76561197960920948
76561197960920950
76561197960920952
76561197960920959
76561197960920963
76561197960920965
76561197960920966
76561197960920968
76561197960920969
76561197960920971
76561197960920974
76561197960920976
76561197960920978
76561197960920981
76561197960920984
76561197960920987
76561197960920988
76561197960920990
76561197960920991
76561197960920992
76561197960920993
76561197960920994
76561197960920996
76561197960921000
76561197960921002
76561197960921004
76561197960921008
76561197960921012
76561197960921014
76561197960921017
76561197960921018
76561197960921019
76561197960921020
76561197960921024
76561197960921030
76561197960921031
76561197960921033
76561197960921034
76561197960921037
76561197960921038
76561197960921039
76561197960921043
76561197960921044
76561197960921046
76561197960921048
76561197960921049
76561197960921050
76561197960921051
76561197960921052
76561197960921053
76561197960921055
76561197960921056
76561197960921058
76561197960921059
76561197960921061
76561197960921062
76561197960921064
76561197960921066
76561197960921070
76561197960921072
76561197960921074
76561197960921078
76561197960921079
76561197960921080
76561197960921081
76561197960921082
76561197960921083
76561197960921085
76561197960921087
76561197960921088
76561197960921092
76561197960921093
76561197960921095
76561197960921096
76561197960921098
76561197960921100
76561197960921104
76561197960921106
76561197960921108
76561197960921112
76561197960921113
76561197960921114
76561197960921115
76561197960921116
76561197960921118
76561197960921119
76561197960921120
76561197960921121
76561197960921122
76561197960921123
76561197960921124
76561197960921127
76561197960921128
76561197960921130
76561197960921133
76561197960921134
76561197960921135
76561197960921140
76561197960921142
76561197960921143
76561197960921146
76561197960921148
76561197960921150
76561197960921152
76561197960921153
76561197960921154
76561197960921155
76561197960921162
76561197960921163
76561197960921164
76561197960921166
76561197960921167
76561197960921168
76561197960921169
76561197960921174
76561197960921176
76561197960921177
76561197960921178
76561197960921179
76561197960921180
76561197960921181
76561197960921182
76561197960921183
76561197960921184
76561197960921186
76561197960921188
76561197960921189
76561197960921190
76561197960921193
76561197960921197
76561197960921198
76561197960921200
76561197960921202
76561197960921205
76561197960921206
76561197960921208
76561197960921210
76561197960921211
76561197960921212
76561197960921214
76561197960921217
76561197960921218
76561197960921220
76561197960921221
76561197960921224
76561197960921229
76561197960921230
76561197960921236
76561197960921237
76561197960921240
76561197960921242
76561197960921247
76561197960921248
76561197960921249
76561197960921254
76561197960921255
76561197960921256
76561197960921257
76561197960921258
76561197960921263
76561197960921264
76561197960921265
76561197960921266
76561197960921267
76561197960921268
76561197960921270
76561197960921276
76561197960921277
76561197960921278
76561197960921279
76561197960921280
76561197960921281
76561197960921283
76561197960921284
76561197960921287
76561197960921288
76561197960921289
76561197960921290
76561197960921291
76561197960921292
76561197960921293
76561197960921294
76561197960921297
76561197960921298
76561197960921300
76561197960921303
76561197960921304
76561197960921306
76561197960921307
76561197960921309
76561197960921310
76561197960921313
76561197960921314
76561197960921318
76561197960921320
76561197960921325
76561197960921326
76561197960921327
76561197960921329
76561197960921330
76561197960921332
76561197960921334
76561197960921335
76561197960921338
76561197960921339
76561197960921340
76561197960921341
76561197960921342
76561197960921344
76561197960921345
76561197960921348
76561197960921350
76561197960921351
76561197960921352
76561197960921353
76561197960921354
76561197960921357
76561197960921359
76561197960921360
76561197960921362
76561197960921363
76561197960921364
76561197960921365
76561197960921366
76561197960921367
76561197960921368
76561197960921369
76561197960921372
76561197960921374
76561197960921376
76561197960921377
76561197960921378
76561197960921379
76561197960921382
76561197960921384
76561197960921385
76561197960921386
76561197960921387
76561197960921388
76561197960921393
76561197960921394
76561197960921396
76561197960921397
76561197960921400
76561197960921401
76561197960921402
76561197960921404
76561197960921407
76561197960921408
76561197960921410
76561197960921412
76561197960921414
76561197960921415
76561197960921418
76561197960921421
76561197960921422
76561197960921424
76561197960921425
76561197960921428
76561197960921430
76561197960921434
76561197960921436
76561197960921437
76561197960921440
76561197960921441
76561197960921442
76561197960921444
76561197960921445
76561197960921446
76561197960921448
76561197960921449
76561197960921450
76561197960921451
76561197960921452
76561197960921453
76561197960921455
76561197960921458
76561197960921461
76561197960921466
76561197960921467
76561197960921468
76561197960921471
76561197960921472
76561197960921474
76561197960921475
76561197960921477
76561197960921478
76561197960921479
76561197960921480
76561197960921481
76561197960921482
76561197960921483
76561197960921484
76561197960921486
76561197960921487
76561197960921488
76561197960921490
76561197960921491
76561197960921492
76561197960921494
76561197960921495
76561197960921496
76561197960921502
76561197960921503
76561197960921504
76561197960921505
76561197960921506
76561197960921507
76561197960921508
76561197960921509
76561197960921512
76561197960921513
76561197960921518
76561197960921520
76561197960921521
76561197960921523
76561197960921526
76561197960921527
76561197960921528
76561197960921529
76561197960921531
76561197960921532
76561197960921533
76561197960921535
76561197960921536
76561197960921538
76561197960921539
76561197960921540
76561197960921541
76561197960921542
76561197960921546
76561197960921547
76561197960921548
76561197960921549
76561197960921550
76561197960921551
76561197960921552
76561197960921553
76561197960921554
76561197960921555
76561197960921559
76561197960921560
76561197960921562
76561197960921563
76561197960921564
76561197960921566
76561197960921567
76561197960921570
76561197960921572
76561197960921578
76561197960921579
76561197960921580
76561197960921581
76561197960921582
76561197960921583
76561197960921588
76561197960921590
76561197960921592
76561197960921594
76561197960921597
76561197960921598
76561197960921601
76561197960921602
76561197960921604
76561197960921605
76561197960921606
76561197960921607
76561197960921610
76561197960921611
76561197960921612
76561197960921613
76561197960921616
76561197960921617
76561197960921620
76561197960921622
76561197960921623
76561197960921624
76561197960921627
76561197960921628
76561197960921629
76561197960921630
76561197960921632
76561197960921634
76561197960921638
76561197960921641
76561197960921642
76561197960921643
76561197960921646
76561197960921647
76561197960921648
76561197960921650
76561197960921654
76561197960921655
76561197960921656
76561197960921658
76561197960921659
76561197960921660
76561197960921661
76561197960921662
76561197960921663
76561197960921665
76561197960921666
76561197960921667
76561197960921670
76561197960921674
76561197960921678
76561197960921679
76561197960921680
76561197960921682
76561197960921684
76561197960921686
76561197960921689
76561197960921691
76561197960921692
76561197960921693
76561197960921694
76561197960921695
76561197960921696
76561197960921700
76561197960921701
76561197960921704
76561197960921706
76561197960921707
76561197960921708
76561197960921712
76561197960921713
76561197960921714
76561197960921715
76561197960921716
76561197960921718
76561197960921720
76561197960921728
76561197960921730
76561197960921732
76561197960921733
76561197960921734
76561197960921736
76561197960921738
76561197960921739
76561197960921740
76561197960921742
76561197960921744
76561197960921746
76561197960921748
76561197960921750
76561197960921751
76561197960921752
76561197960921753
76561197960921756
76561197960921758
76561197960921760
76561197960921764
76561197960921769
76561197960921770
76561197960921774
76561197960921778
76561197960921781
76561197960921784
76561197960921786
76561197960921788
76561197960921796
76561197960921798
76561197960921800
76561197960921804
76561197960921808
76561197960921810
76561197960921811
76561197960921812
76561197960921814
76561197960921816
76561197960921818
76561197960921819
76561197960921820
76561197960921822
76561197960921824
76561197960921826
76561197960921827
76561197960921828
76561197960921829
76561197960921831
76561197960921832
76561197960921838
76561197960921839
76561197960921840
76561197960921841
76561197960921842
76561197960921843
76561197960921844
76561197960921846
76561197960921847
76561197960921848
76561197960921849
76561197960921852
76561197960921855
76561197960921857
76561197960921860
76561197960921863
76561197960921864
76561197960921865
76561197960921866
76561197960921867
76561197960921869
76561197960921870
76561197960921872
76561197960921874
76561197960921876
76561197960921878
76561197960921879
76561197960921880
76561197960921885
76561197960921886
76561197960921889
76561197960921890
76561197960921892
76561197960921894
76561197960921896
76561197960921899
76561197960921900
76561197960921902
76561197960921904
76561197960921905
76561197960921910
76561197960921912
76561197960921913
76561197960921914
76561197960921918
76561197960921920
76561197960921922
76561197960921924
76561197960921928
76561197960921929
76561197960921930
76561197960921931
76561197960921933
76561197960921934
76561197960921936
76561197960921937
76561197960921938
76561197960921942
76561197960921943
76561197960921944
76561197960921945
76561197960921946
76561197960921947
76561197960921948
76561197960921949
76561197960921952
76561197960921953
76561197960921954
76561197960921955
76561197960921956
76561197960921959
76561197960921962
76561197960921963
76561197960921964
76561197960921966
76561197960921967
76561197960921969
76561197960921970
76561197960921971
76561197960921972
76561197960921973
76561197960921974
76561197960921976
76561197960921989
76561197960921990
76561197960921992
76561197960921993
76561197960921996
76561197960921998
76561197960922000
76561197960922002
76561197960922003
76561197960922004
76561197960922005
76561197960922007
76561197960922009
76561197960922011
76561197960922012
76561197960922018
76561197960922019
76561197960922020
76561197960922022
76561197960922024
76561197960922025
76561197960922027
76561197960922028
76561197960922029
76561197960922030
76561197960922031
76561197960922032
76561197960922033
76561197960922035
76561197960922037
76561197960922038
76561197960922042
76561197960922044
76561197960922045
76561197960922046
76561197960922050
76561197960922053
76561197960922056
76561197960922058
76561197960922060
76561197960922061
76561197960922062
76561197960922064
76561197960922066
76561197960922067
76561197960922068
76561197960922070
76561197960922074
76561197960922075
76561197960922076
76561197960922079
76561197960922080
76561197960922081
76561197960922084
76561197960922085
76561197960922090
76561197960922093
76561197960922094
76561197960922095
76561197960922096
76561197960922098
76561197960922099
76561197960922100
76561197960922102
76561197960922106
76561197960922109
76561197960922110
76561197960922111
76561197960922116
76561197960922118
76561197960922119
76561197960922120
76561197960922124
76561197960922126
76561197960922128
76561197960922130
76561197960922131
76561197960922132
76561197960922135
76561197960922136
76561197960922137
76561197960922138
76561197960922140
76561197960922141
76561197960922142
76561197960922143
76561197960922145
76561197960922146
76561197960922148
76561197960922149
76561197960922152
76561197960922154
76561197960922156
76561197960922157
76561197960922160
76561197960922163
76561197960922165
76561197960922166
76561197960922167
76561197960922168
76561197960922170
76561197960922171
76561197960922172
76561197960922173
76561197960922174
76561197960922178
76561197960922182
76561197960922184
76561197960922185
76561197960922187
76561197960922188
76561197960922189
76561197960922190
76561197960922192
76561197960922193
76561197960922195
76561197960922197
76561197960922198
76561197960922200
76561197960922201
76561197960922202
76561197960922206
76561197960922207
76561197960922208
76561197960922212
76561197960922215
76561197960922216
76561197960922218
76561197960922220
76561197960922221
76561197960922223
76561197960922224
76561197960922226
76561197960922227
76561197960922228
76561197960922230
76561197960922232
76561197960922233
76561197960922235
76561197960922236
76561197960922237
