76561197960520312
76561197960520316
76561197960520317
76561197960520319
76561197960520320
76561197960520321
76561197960520322
76561197960520323
76561197960520324
76561197960520325
76561197960520326
76561197960520327
76561197960520329
76561197960520330
76561197960520331
76561197960520333
76561197960520334
76561197960520337
76561197960520338
76561197960520339
76561197960520340
76561197960520341
76561197960520342
76561197960520343
76561197960520344
76561197960520345
76561197960520346
76561197960520348
76561197960520350
76561197960520352
76561197960520353
76561197960520357
76561197960520358
76561197960520359
76561197960520360
76561197960520361
76561197960520362
76561197960520363
76561197960520364
76561197960520365
76561197960520366
76561197960520367
76561197960520368
76561197960520369
76561197960520374
76561197960520376
76561197960520377
76561197960520378
76561197960520379
76561197960520380
76561197960520381
76561197960520382
76561197960520384
76561197960520385
76561197960520386
76561197960520387
76561197960520388
76561197960520389
76561197960520390
76561197960520391
76561197960520392
76561197960520394
76561197960520395
76561197960520396
76561197960520397
76561197960520399
76561197960520400
76561197960520402
76561197960520403
76561197960520406
76561197960520407
76561197960520409
76561197960520412
76561197960520416
76561197960520417
76561197960520419
76561197960520421
76561197960520422
76561197960520423
76561197960520424
76561197960520426
76561197960520427
76561197960520428
76561197960520431
76561197960520434
76561197960520435
76561197960520436
76561197960520438
76561197960520439
76561197960520441
76561197960520442
76561197960520443
76561197960520444
76561197960520445
76561197960520446
76561197960520447
76561197960520448
76561197960520449
76561197960520451
76561197960520452
76561197960520453
76561197960520455
76561197960520456
76561197960520458
76561197960520459
76561197960520460
76561197960520462
76561197960520463
76561197960520464
76561197960520465
76561197960520469
76561197960520470
76561197960520471
76561197960520473
76561197960520474
76561197960520475
76561197960520476
76561197960520478
76561197960520479
76561197960520481
76561197960520482
76561197960520484
76561197960520485
76561197960520486
76561197960520487
76561197960520488
76561197960520489
76561197960520490
76561197960520491
76561197960520492
76561197960520493
76561197960520494
76561197960520496
76561197960520498
76561197960520499
76561197960520501
76561197960520502
76561197960520503
76561197960520504
76561197960520506
76561197960520507
76561197960520508
76561197960520510
76561197960520513
76561197960520514
76561197960520515
76561197960520518
76561197960520520
76561197960520522
76561197960520523
76561197960520524
76561197960520525
76561197960520526
76561197960520529
76561197960520530
76561197960520531
76561197960520532
76561197960520533
76561197960520535
76561197960520536
76561197960520537
76561197960520538
76561197960520539
76561197960520540
76561197960520541
76561197960520543
76561197960520544
76561197960520545
76561197960520546
76561197960520547
76561197960520549
76561197960520550
76561197960520553
76561197960520554
76561197960520555
76561197960520556
76561197960520557
76561197960520558
76561197960520560
76561197960520563
76561197960520565
76561197960520566
76561197960520567
76561197960520568
76561197960520570
76561197960520571
76561197960520572
76561197960520573
76561197960520575
76561197960520578
76561197960520580
76561197960520581
76561197960520582
76561197960520583
76561197960520584
76561197960520585
76561197960520588
76561197960520589
76561197960520590
76561197960520592
76561197960520593
76561197960520594
76561197960520595
76561197960520597
76561197960520599
76561197960520600
76561197960520601
76561197960520602
76561197960520603
76561197960520604
76561197960520605
76561197960520606
76561197960520607
76561197960520608
76561197960520610
76561197960520611
76561197960520613
76561197960520615
76561197960520616
76561197960520617
76561197960520621
76561197960520622
76561197960520624
76561197960520625
76561197960520627
76561197960520628
76561197960520629
76561197960520630
76561197960520633
76561197960520637
76561197960520638
76561197960520639
76561197960520640
76561197960520641
76561197960520642
76561197960520643
76561197960520644
76561197960520645
76561197960520646
76561197960520647
76561197960520648
76561197960520649
76561197960520650
76561197960520651
76561197960520652
76561197960520653
76561197960520654
76561197960520656
76561197960520657
76561197960520658
76561197960520659
76561197960520661
76561197960520662
76561197960520663
76561197960520664
76561197960520666
76561197960520667
76561197960520668
76561197960520669
76561197960520670
76561197960520673
76561197960520674
76561197960520675
76561197960520677
76561197960520678
76561197960520679
76561197960520680
76561197960520681
76561197960520682
76561197960520683
76561197960520685
76561197960520686
76561197960520687
76561197960520689
76561197960520690
76561197960520691
76561197960520694
76561197960520695
76561197960520696
76561197960520697
76561197960520698
76561197960520699
76561197960520701
76561197960520702
76561197960520703
76561197960520705
76561197960520706
76561197960520707
76561197960520708
76561197960520709
76561197960520712
76561197960520713
76561197960520714
76561197960520715
76561197960520716
76561197960520717
76561197960520718
76561197960520719
76561197960520720
76561197960520721
76561197960520723
76561197960520725
76561197960520727
76561197960520729
76561197960520730
76561197960520732
76561197960520734
76561197960520735
76561197960520738
76561197960520739
76561197960520740
76561197960520741
76561197960520743
76561197960520744
76561197960520745
76561197960520746
76561197960520747
76561197960520748
76561197960520750
76561197960520751
76561197960520752
76561197960520753
76561197960520754
76561197960520755
76561197960520756
76561197960520757
76561197960520758
76561197960520759
76561197960520760
76561197960520762
76561197960520764
76561197960520765
76561197960520766
76561197960520767
76561197960520768
76561197960520769
76561197960520770
76561197960520771
76561197960520772
76561197960520773
76561197960520774
76561197960520776
76561197960520778
76561197960520779
76561197960520783
76561197960520785
76561197960520786
76561197960520787
76561197960520788
76561197960520789
76561197960520790
76561197960520791
76561197960520792
76561197960520793
76561197960520794
76561197960520797
76561197960520799
76561197960520800
76561197960520801
76561197960520802
76561197960520803
76561197960520805
76561197960520806
76561197960520807
76561197960520811
76561197960520812
76561197960520813
76561197960520815
76561197960520816
76561197960520819
76561197960520821
76561197960520824
76561197960520825
76561197960520826
76561197960520827
76561197960520828
76561197960520829
76561197960520830
76561197960520831
76561197960520832
76561197960520833
76561197960520835
76561197960520837
76561197960520838
76561197960520839
76561197960520840
76561197960520841
76561197960520842
76561197960520843
76561197960520844
76561197960520846
76561197960520847
76561197960520848
76561197960520849
76561197960520850
76561197960520852
76561197960520853
76561197960520854
76561197960520855
76561197960520857
76561197960520858
76561197960520861
76561197960520862
76561197960520863
76561197960520865
76561197960520866
76561197960520867
76561197960520868
76561197960520869
76561197960520870
76561197960520871
76561197960520872
76561197960520873
76561197960520874
76561197960520877
76561197960520878
76561197960520879
76561197960520881
76561197960520883
76561197960520887
76561197960520888
76561197960520889
76561197960520890
76561197960520891
76561197960520892
76561197960520893
76561197960520894
76561197960520895
76561197960520896
76561197960520898
76561197960520901
76561197960520903
76561197960520904
76561197960520905
76561197960520906
76561197960520907
76561197960520910
76561197960520912
76561197960520913
76561197960520914
76561197960520915
76561197960520917
76561197960520918
76561197960520921
76561197960520922
76561197960520923
76561197960520925
76561197960520926
76561197960520929
76561197960520931
76561197960520932
76561197960520933
76561197960520935
76561197960520937
76561197960520939
76561197960520941
76561197960520942
76561197960520943
76561197960520945
76561197960520946
76561197960520947
76561197960520948
76561197960520949
76561197960520951
76561197960520953
76561197960520954
76561197960520955
76561197960520956
76561197960520957
76561197960520958
76561197960520959
76561197960520960
76561197960520961
76561197960520962
76561197960520963
76561197960520964
76561197960520965
76561197960520967
76561197960520968
76561197960520970
76561197960520971
76561197960520972
76561197960520973
76561197960520974
76561197960520976
76561197960520978
76561197960520980
76561197960520983
76561197960520984
76561197960520986
76561197960520987
76561197960520989
76561197960520990
76561197960520991
76561197960520992
76561197960520993
76561197960520995
76561197960520996
76561197960520997
76561197960520998
76561197960521000
76561197960521001
76561197960521002
76561197960521004
76561197960521006
76561197960521007
76561197960521011
76561197960521012
76561197960521013
76561197960521014
76561197960521017
76561197960521018
76561197960521019
76561197960521020
76561197960521021
76561197960521022
76561197960521023
76561197960521024
76561197960521026
76561197960521027
76561197960521028
76561197960521029
76561197960521030
76561197960521032
76561197960521033
76561197960521034
76561197960521037
76561197960521039
76561197960521041
76561197960521042
76561197960521043
76561197960521046
76561197960521047
76561197960521050
76561197960521051
76561197960521052
76561197960521053
76561197960521054
76561197960521055
76561197960521056
76561197960521057
76561197960521059
76561197960521060
76561197960521063
76561197960521065
76561197960521068
76561197960521069
76561197960521070
76561197960521071
76561197960521072
76561197960521073
76561197960521075
76561197960521076
76561197960521077
76561197960521079
76561197960521080
76561197960521081
76561197960521083
76561197960521084
76561197960521085
76561197960521086
76561197960521087
76561197960521088
76561197960521089
76561197960521090
76561197960521091
76561197960521093
76561197960521094
76561197960521096
76561197960521101
76561197960521103
76561197960521106
76561197960521108
76561197960521109
76561197960521110
76561197960521111
76561197960521113
76561197960521114
76561197960521115
76561197960521118
76561197960521119
76561197960521120
76561197960521123
76561197960521124
76561197960521127
76561197960521128
76561197960521129
76561197960521130
76561197960521132
76561197960521135
76561197960521136
76561197960521137
76561197960521140
76561197960521142
76561197960521145
76561197960521146
76561197960521148
76561197960521152
76561197960521153
76561197960521155
76561197960521156
76561197960521158
76561197960521160
76561197960521161
76561197960521163
76561197960521164
76561197960521165
76561197960521166
76561197960521169
76561197960521170
76561197960521173
76561197960521174
76561197960521179
76561197960521180
76561197960521183
76561197960521185
76561197960521186
76561197960521187
76561197960521188
76561197960521190
76561197960521191
76561197960521195
76561197960521197
76561197960521199
76561197960521201
76561197960521202
76561197960521203
76561197960521204
76561197960521205
76561197960521207
76561197960521210
76561197960521211
76561197960521212
76561197960521214
76561197960521215
76561197960521216
76561197960521217
76561197960521218
76561197960521219
76561197960521220
76561197960521221
76561197960521222
76561197960521223
76561197960521224
76561197960521225
76561197960521226
76561197960521227
76561197960521228
76561197960521229
76561197960521234
76561197960521238
76561197960521239
76561197960521241
76561197960521243
76561197960521244
76561197960521245
76561197960521247
76561197960521248
76561197960521250
76561197960521253
76561197960521257
76561197960521259
76561197960521260
76561197960521261
76561197960521263
76561197960521265
76561197960521266
76561197960521268
76561197960521269
76561197960521270
76561197960521271
76561197960521272
76561197960521273
76561197960521274
76561197960521275
76561197960521278
76561197960521281
76561197960521282
76561197960521284
76561197960521286
76561197960521287
76561197960521289
76561197960521290
76561197960521291
76561197960521292
76561197960521293
76561197960521296
76561197960521297
76561197960521299
76561197960521301
76561197960521302
76561197960521303
76561197960521305
76561197960521306
76561197960521307
76561197960521309
76561197960521311
76561197960521312
76561197960521315
76561197960521316
76561197960521317
76561197960521318
76561197960521319
76561197960521320
76561197960521321
76561197960521323
76561197960521324
76561197960521326
76561197960521327
76561197960521328
76561197960521329
76561197960521330
76561197960521331
76561197960521332
76561197960521333
76561197960521335
76561197960521336
76561197960521338
76561197960521339
76561197960521340
76561197960521341
76561197960521342
76561197960521344
76561197960521345
76561197960521346
76561197960521347
76561197960521348
76561197960521349
76561197960521351
76561197960521353
76561197960521354
76561197960521356
76561197960521357
76561197960521359
76561197960521360
76561197960521361
76561197960521362
76561197960521363
76561197960521364
76561197960521365
76561197960521366
76561197960521367
76561197960521368
76561197960521369
76561197960521370
76561197960521371
76561197960521373
76561197960521374
76561197960521375
76561197960521376
76561197960521378
76561197960521379
76561197960521380
76561197960521381
76561197960521382
76561197960521385
76561197960521386
76561197960521388
76561197960521390
76561197960521391
76561197960521392
76561197960521393
76561197960521395
76561197960521397
76561197960521398
76561197960521399
76561197960521401
76561197960521405
76561197960521407
76561197960521410
76561197960521411
76561197960521412
76561197960521413
76561197960521414
76561197960521415
76561197960521417
76561197960521419
76561197960521420
76561197960521421
76561197960521422
76561197960521425
76561197960521426
76561197960521427
76561197960521429
76561197960521430
76561197960521431
76561197960521432
76561197960521435
76561197960521436
76561197960521438
76561197960521439
76561197960521440
76561197960521442
76561197960521444
76561197960521445
76561197960521446
76561197960521447
76561197960521448
76561197960521449
76561197960521452
76561197960521455
76561197960521456
76561197960521457
76561197960521458
76561197960521459
76561197960521460
76561197960521462
76561197960521464
76561197960521465
76561197960521466
76561197960521468
76561197960521471
76561197960521472
76561197960521473
76561197960521474
76561197960521477
76561197960521479
76561197960521480
76561197960521481
76561197960521482
76561197960521483
76561197960521486
76561197960521488
76561197960521490
76561197960521492
76561197960521494
76561197960521496
76561197960521497
76561197960521499
76561197960521500
76561197960521501
76561197960521502
76561197960521503
76561197960521505
76561197960521506
76561197960521507
76561197960521508
76561197960521509
76561197960521510
76561197960521511
76561197960521512
76561197960521513
76561197960521514
76561197960521515
76561197960521517
76561197960521518
76561197960521519
76561197960521520
76561197960521523
76561197960521524
76561197960521525
76561197960521526
76561197960521527
76561197960521528
76561197960521530
76561197960521531
76561197960521534
76561197960521535
76561197960521537
76561197960521539
76561197960521540
76561197960521542
76561197960521543
76561197960521544
76561197960521545
76561197960521547
76561197960521548
76561197960521549
76561197960521551
76561197960521552
76561197960521553
76561197960521554
76561197960521556
76561197960521557
76561197960521559
76561197960521560
76561197960521561
76561197960521562
76561197960521563
76561197960521565
76561197960521566
76561197960521568
76561197960521569
76561197960521570
76561197960521572
76561197960521573
76561197960521576
76561197960521577
76561197960521578
76561197960521579
76561197960521580
76561197960521581
76561197960521582
76561197960521583
76561197960521584
76561197960521585
76561197960521586
76561197960521587
76561197960521588
76561197960521589
76561197960521590
76561197960521593
76561197960521594
76561197960521596
76561197960521598
76561197960521599
76561197960521600
76561197960521603
76561197960521604
76561197960521605
76561197960521606
76561197960521609
76561197960521610
76561197960521611
76561197960521612
76561197960521615
76561197960521618
76561197960521619
76561197960521620
76561197960521621
76561197960521622
76561197960521623
76561197960521624
76561197960521625
76561197960521626
76561197960521627
76561197960521628
76561197960521629
76561197960521630
76561197960521631
76561197960521632
76561197960521633
76561197960521634
76561197960521635
76561197960521636
76561197960521637
76561197960521638
76561197960521639
76561197960521640
76561197960521641
76561197960521642
76561197960521643
76561197960521644
76561197960521645
76561197960521646
76561197960521647
76561197960521648
76561197960521649
76561197960521651
76561197960521652
76561197960521653
76561197960521655
76561197960521657
76561197960521658
76561197960521659
76561197960521660
76561197960521661
76561197960521663
76561197960521664
76561197960521665
76561197960521667
76561197960521668
76561197960521669
76561197960521670
76561197960521671
76561197960521672
76561197960521676
76561197960521677
76561197960521678
76561197960521679
76561197960521680
76561197960521681
76561197960521682
76561197960521683
76561197960521684
76561197960521685
76561197960521686
76561197960521687
76561197960521688
76561197960521691
76561197960521692
76561197960521693
76561197960521694
76561197960521696
76561197960521697
76561197960521699
76561197960521701
76561197960521702
76561197960521703
76561197960521704
76561197960521705
76561197960521706
76561197960521707
76561197960521709
76561197960521711
76561197960521712
76561197960521714
76561197960521717
76561197960521718
76561197960521720
