76561197960707041
76561197960707043
76561197960707048
76561197960707051
76561197960707053
76561197960707055
76561197960707056
76561197960707057
76561197960707060
76561197960707062
76561197960707064
76561197960707066
76561197960707069
76561197960707072
76561197960707073
76561197960707076
76561197960707078
76561197960707079
76561197960707080
76561197960707081
76561197960707082
76561197960707083
76561197960707084
76561197960707085
76561197960707086
76561197960707088
76561197960707091
76561197960707095
76561197960707097
76561197960707098
76561197960707099
76561197960707100
76561197960707102
76561197960707103
76561197960707105
76561197960707106
76561197960707108
76561197960707109
76561197960707111
76561197960707112
76561197960707113
76561197960707114
76561197960707115
76561197960707119
76561197960707120
76561197960707124
76561197960707125
76561197960707128
76561197960707129
76561197960707130
76561197960707131
76561197960707132
76561197960707133
76561197960707135
76561197960707136
76561197960707138
76561197960707142
76561197960707144
76561197960707147
76561197960707149
76561197960707150
76561197960707152
76561197960707154
76561197960707156
76561197960707157
76561197960707161
76561197960707162
76561197960707164
76561197960707165
76561197960707167
76561197960707169
76561197960707170
76561197960707176
76561197960707178
76561197960707179
76561197960707180
76561197960707182
76561197960707186
76561197960707188
76561197960707189
76561197960707191
76561197960707192
76561197960707193
76561197960707194
76561197960707196
76561197960707197
76561197960707199
76561197960707201
76561197960707202
76561197960707203
76561197960707204
76561197960707207
76561197960707208
76561197960707211
76561197960707212
76561197960707213
76561197960707216
76561197960707217
76561197960707219
76561197960707220
76561197960707221
76561197960707222
76561197960707225
76561197960707226
76561197960707231
76561197960707232
76561197960707233
76561197960707234
76561197960707235
76561197960707236
76561197960707237
76561197960707238
76561197960707239
76561197960707240
76561197960707241
76561197960707242
76561197960707243
76561197960707244
76561197960707246
76561197960707247
76561197960707249
76561197960707250
76561197960707251
76561197960707252
76561197960707253
76561197960707254
76561197960707257
76561197960707258
76561197960707259
76561197960707261
76561197960707262
76561197960707263
76561197960707264
76561197960707265
76561197960707266
76561197960707267
76561197960707268
76561197960707271
76561197960707272
76561197960707273
76561197960707274
76561197960707275
76561197960707276
76561197960707277
76561197960707279
76561197960707280
76561197960707283
76561197960707284
76561197960707285
76561197960707287
76561197960707291
76561197960707293
76561197960707294
76561197960707295
76561197960707296
76561197960707298
76561197960707299
76561197960707300
76561197960707301
76561197960707306
76561197960707307
76561197960707308
76561197960707310
76561197960707312
76561197960707313
76561197960707314
76561197960707315
76561197960707316
76561197960707317
76561197960707319
76561197960707320
76561197960707321
76561197960707323
76561197960707324
76561197960707328
76561197960707329
76561197960707330
76561197960707331
76561197960707333
76561197960707334
76561197960707335
76561197960707336
76561197960707338
76561197960707339
76561197960707340
76561197960707342
76561197960707344
76561197960707345
76561197960707346
76561197960707347
76561197960707349
76561197960707350
76561197960707351
76561197960707352
76561197960707353
76561197960707354
76561197960707355
76561197960707357
76561197960707361
76561197960707362
76561197960707365
76561197960707366
76561197960707368
76561197960707370
76561197960707371
76561197960707373
76561197960707374
76561197960707375
76561197960707376
76561197960707377
76561197960707379
76561197960707382
76561197960707384
76561197960707386
76561197960707389
76561197960707390
76561197960707391
76561197960707392
76561197960707393
76561197960707395
76561197960707397
76561197960707399
76561197960707400
76561197960707401
76561197960707407
76561197960707408
76561197960707409
76561197960707415
76561197960707416
76561197960707417
76561197960707419
76561197960707424
76561197960707425
76561197960707427
76561197960707428
76561197960707429
76561197960707431
76561197960707432
76561197960707435
76561197960707436
76561197960707437
76561197960707439
76561197960707440
76561197960707442
76561197960707443
76561197960707445
76561197960707448
76561197960707449
76561197960707450
76561197960707451
76561197960707455
76561197960707457
76561197960707458
76561197960707461
76561197960707462
76561197960707463
76561197960707465
76561197960707466
76561197960707469
76561197960707470
76561197960707473
76561197960707474
76561197960707479
76561197960707480
76561197960707481
76561197960707483
76561197960707484
76561197960707485
76561197960707488
76561197960707491
76561197960707492
76561197960707494
76561197960707496
76561197960707498
76561197960707503
76561197960707504
76561197960707505
76561197960707507
76561197960707508
76561197960707509
76561197960707511
76561197960707512
76561197960707513
76561197960707514
76561197960707516
76561197960707517
76561197960707518
76561197960707520
76561197960707523
76561197960707524
76561197960707529
76561197960707530
76561197960707532
76561197960707535
76561197960707536
76561197960707537
76561197960707538
76561197960707540
76561197960707541
76561197960707543
76561197960707544
76561197960707545
76561197960707546
76561197960707549
76561197960707550
76561197960707552
76561197960707554
76561197960707555
76561197960707556
76561197960707557
76561197960707559
76561197960707562
76561197960707563
76561197960707564
76561197960707565
76561197960707566
76561197960707567
76561197960707568
76561197960707569
76561197960707570
76561197960707571
76561197960707572
76561197960707573
76561197960707574
76561197960707575
76561197960707576
76561197960707578
76561197960707579
76561197960707581
76561197960707584
76561197960707585
76561197960707587
76561197960707591
76561197960707592
76561197960707593
76561197960707595
76561197960707596
76561197960707597
76561197960707602
76561197960707603
76561197960707605
76561197960707607
76561197960707609
76561197960707610
76561197960707611
76561197960707613
76561197960707616
76561197960707617
76561197960707618
76561197960707619
76561197960707620
76561197960707621
76561197960707622
76561197960707624
76561197960707626
76561197960707627
76561197960707628
76561197960707630
76561197960707632
76561197960707635
76561197960707636
76561197960707637
76561197960707638
76561197960707639
76561197960707641
76561197960707643
76561197960707645
76561197960707647
76561197960707648
76561197960707651
76561197960707652
76561197960707653
76561197960707654
76561197960707657
76561197960707658
76561197960707660
76561197960707662
76561197960707663
76561197960707668
76561197960707670
76561197960707671
76561197960707673
76561197960707674
76561197960707676
76561197960707677
76561197960707679
76561197960707681
76561197960707682
76561197960707683
76561197960707685
76561197960707686
76561197960707687
76561197960707688
76561197960707691
76561197960707692
76561197960707693
76561197960707695
76561197960707697
76561197960707699
76561197960707700
76561197960707701
76561197960707702
76561197960707704
76561197960707706
76561197960707708
76561197960707709
76561197960707711
76561197960707713
76561197960707717
76561197960707720
76561197960707723
76561197960707724
76561197960707726
76561197960707727
76561197960707729
76561197960707732
76561197960707733
76561197960707734
76561197960707735
76561197960707737
76561197960707739
76561197960707740
76561197960707741
76561197960707743
76561197960707746
76561197960707748
76561197960707750
76561197960707751
76561197960707752
76561197960707753
76561197960707754
76561197960707755
76561197960707756
76561197960707757
76561197960707759
76561197960707760
76561197960707761
76561197960707763
76561197960707765
76561197960707766
76561197960707767
76561197960707768
76561197960707769
76561197960707770
76561197960707771
76561197960707772
76561197960707773
76561197960707774
76561197960707775
76561197960707776
76561197960707777
76561197960707778
76561197960707779
76561197960707780
76561197960707781
76561197960707782
76561197960707783
76561197960707784
76561197960707785
76561197960707786
76561197960707787
76561197960707788
76561197960707789
76561197960707792
76561197960707793
76561197960707795
76561197960707796
76561197960707798
76561197960707799
76561197960707800
76561197960707801
76561197960707805
76561197960707808
76561197960707809
76561197960707810
76561197960707811
76561197960707814
76561197960707816
76561197960707817
76561197960707819
76561197960707821
76561197960707823
76561197960707828
76561197960707829
76561197960707831
76561197960707835
76561197960707837
76561197960707838
76561197960707840
76561197960707841
76561197960707844
76561197960707845
76561197960707847
76561197960707848
76561197960707849
76561197960707850
76561197960707851
76561197960707852
76561197960707853
76561197960707854
76561197960707855
76561197960707856
76561197960707857
76561197960707860
76561197960707861
76561197960707862
76561197960707863
76561197960707865
76561197960707866
76561197960707868
76561197960707871
76561197960707874
76561197960707876
76561197960707877
76561197960707878
76561197960707879
76561197960707880
76561197960707882
76561197960707883
76561197960707885
76561197960707886
76561197960707887
76561197960707889
76561197960707891
76561197960707893
76561197960707894
76561197960707895
76561197960707896
76561197960707897
76561197960707898
76561197960707899
76561197960707900
76561197960707901
76561197960707902
76561197960707903
76561197960707905
76561197960707906
76561197960707907
76561197960707909
76561197960707910
76561197960707911
76561197960707913
76561197960707920
76561197960707921
76561197960707922
76561197960707924
76561197960707925
76561197960707926
76561197960707931
76561197960707932
76561197960707933
76561197960707934
76561197960707935
76561197960707936
76561197960707937
76561197960707939
76561197960707940
76561197960707941
76561197960707943
76561197960707944
76561197960707947
76561197960707948
76561197960707952
76561197960707953
76561197960707954
76561197960707956
76561197960707958
76561197960707959
76561197960707961
76561197960707962
76561197960707963
76561197960707964
76561197960707965
76561197960707966
76561197960707967
76561197960707968
76561197960707969
76561197960707971
76561197960707972
76561197960707974
76561197960707975
76561197960707976
76561197960707977
76561197960707978
76561197960707979
76561197960707980
76561197960707981
76561197960707983
76561197960707984
76561197960707985
76561197960707986
76561197960707987
76561197960707988
76561197960707989
76561197960707990
76561197960707991
76561197960707993
76561197960707994
76561197960707995
76561197960707996
76561197960707997
76561197960707998
76561197960707999
76561197960708000
76561197960708001
76561197960708002
76561197960708003
76561197960708004
76561197960708005
76561197960708006
76561197960708007
76561197960708008
76561197960708009
76561197960708013
76561197960708014
76561197960708017
76561197960708019
76561197960708020
76561197960708021
76561197960708023
76561197960708024
76561197960708025
76561197960708026
76561197960708027
76561197960708028
76561197960708029
76561197960708031
76561197960708032
76561197960708034
76561197960708035
76561197960708036
76561197960708037
76561197960708038
76561197960708039
76561197960708042
76561197960708043
76561197960708046
76561197960708048
76561197960708049
76561197960708050
76561197960708051
76561197960708052
76561197960708054
76561197960708055
76561197960708057
76561197960708059
76561197960708060
76561197960708061
76561197960708062
76561197960708063
76561197960708064
76561197960708065
76561197960708066
76561197960708067
76561197960708069
76561197960708070
76561197960708071
76561197960708072
76561197960708074
76561197960708075
76561197960708076
76561197960708077
76561197960708078
76561197960708080
76561197960708082
76561197960708084
76561197960708088
76561197960708089
76561197960708090
76561197960708091
76561197960708093
76561197960708094
76561197960708095
76561197960708096
76561197960708097
76561197960708098
76561197960708100
76561197960708101
76561197960708102
76561197960708104
76561197960708105
76561197960708107
76561197960708109
76561197960708110
76561197960708111
76561197960708112
76561197960708114
76561197960708115
76561197960708116
76561197960708117
76561197960708118
76561197960708120
76561197960708121
76561197960708122
76561197960708123
76561197960708124
76561197960708125
76561197960708127
76561197960708128
76561197960708129
76561197960708130
76561197960708134
76561197960708135
76561197960708136
76561197960708137
76561197960708138
76561197960708139
76561197960708140
76561197960708141
76561197960708142
76561197960708143
76561197960708144
76561197960708146
76561197960708147
76561197960708148
76561197960708149
76561197960708150
76561197960708152
76561197960708153
76561197960708154
76561197960708155
76561197960708161
76561197960708163
76561197960708164
76561197960708165
76561197960708166
76561197960708167
76561197960708168
76561197960708169
76561197960708172
76561197960708174
76561197960708175
76561197960708178
76561197960708179
76561197960708181
76561197960708182
76561197960708183
76561197960708184
76561197960708186
76561197960708187
76561197960708190
76561197960708192
76561197960708193
76561197960708195
76561197960708196
76561197960708198
76561197960708201
76561197960708202
76561197960708204
76561197960708205
76561197960708206
76561197960708207
76561197960708209
76561197960708211
76561197960708212
76561197960708213
76561197960708214
76561197960708215
76561197960708216
76561197960708217
76561197960708219
76561197960708223
76561197960708227
76561197960708228
76561197960708229
76561197960708230
76561197960708232
76561197960708233
76561197960708235
76561197960708238
76561197960708243
76561197960708244
76561197960708246
76561197960708247
76561197960708248
76561197960708250
76561197960708252
76561197960708253
76561197960708256
76561197960708257
76561197960708258
76561197960708259
76561197960708260
76561197960708261
76561197960708262
76561197960708263
76561197960708264
76561197960708265
76561197960708266
76561197960708268
76561197960708274
76561197960708277
76561197960708278
76561197960708280
76561197960708282
76561197960708287
76561197960708288
76561197960708290
76561197960708291
76561197960708292
76561197960708293
76561197960708295
76561197960708296
76561197960708297
76561197960708302
76561197960708305
76561197960708306
76561197960708307
76561197960708308
76561197960708309
76561197960708311
76561197960708314
76561197960708316
76561197960708317
76561197960708318
76561197960708320
76561197960708321
76561197960708323
76561197960708324
76561197960708325
76561197960708326
76561197960708327
76561197960708331
76561197960708332
76561197960708337
76561197960708338
76561197960708339
76561197960708340
76561197960708341
76561197960708342
76561197960708345
76561197960708346
76561197960708347
76561197960708349
76561197960708351
76561197960708354
76561197960708355
76561197960708359
76561197960708360
76561197960708362
76561197960708363
76561197960708364
76561197960708367
76561197960708368
76561197960708369
76561197960708370
76561197960708371
76561197960708373
76561197960708374
76561197960708375
76561197960708376
76561197960708377
76561197960708378
76561197960708379
76561197960708381
76561197960708383
76561197960708384
76561197960708385
76561197960708386
76561197960708387
76561197960708388
76561197960708390
76561197960708391
76561197960708392
76561197960708394
76561197960708395
76561197960708397
76561197960708398
76561197960708400
76561197960708401
76561197960708403
76561197960708404
76561197960708405
76561197960708406
76561197960708407
76561197960708408
76561197960708409
76561197960708410
76561197960708411
76561197960708412
76561197960708413
76561197960708416
76561197960708418
76561197960708419
76561197960708420
76561197960708424
76561197960708426
76561197960708427
76561197960708428
76561197960708429
76561197960708430
76561197960708431
76561197960708432
76561197960708436
76561197960708438
76561197960708442
76561197960708443
76561197960708444
76561197960708447
76561197960708448
76561197960708450
76561197960708451
76561197960708452
76561197960708455
76561197960708456
76561197960708458
76561197960708459
76561197960708460
76561197960708461
76561197960708462
76561197960708464
76561197960708466
76561197960708472
76561197960708473
76561197960708476
76561197960708479
76561197960708480
76561197960708482
76561197960708483
76561197960708484
76561197960708485
76561197960708486
76561197960708487
76561197960708488
76561197960708490
76561197960708491
76561197960708492
76561197960708493
76561197960708497
76561197960708499
76561197960708500
76561197960708502
76561197960708503
76561197960708504
76561197960708505
76561197960708506
76561197960708509
76561197960708510
76561197960708512
76561197960708514
76561197960708515
76561197960708518
76561197960708519
76561197960708520
76561197960708521
76561197960708522
76561197960708523
76561197960708524
76561197960708527
76561197960708528
76561197960708529
76561197960708530
76561197960708534
76561197960708535
76561197960708536
76561197960708541
76561197960708542
76561197960708543
76561197960708544
76561197960708545
76561197960708546
76561197960708547
76561197960708549
76561197960708550
76561197960708551
76561197960708552
76561197960708553
76561197960708554
76561197960708555
76561197960708556
76561197960708559
76561197960708560
76561197960708561
76561197960708562
76561197960708564
76561197960708565
76561197960708566
76561197960708567
76561197960708568
76561197960708569
76561197960708571
76561197960708572
76561197960708573
76561197960708574
76561197960708575
76561197960708576
76561197960708577
76561197960708578
76561197960708579
76561197960708580
76561197960708581
76561197960708584
76561197960708585
76561197960708586
76561197960708587
76561197960708588
76561197960708589
76561197960708590
76561197960708591
76561197960708593
