76561197960276320
76561197960276321
76561197960276323
76561197960276324
76561197960276325
76561197960276327
76561197960276328
76561197960276330
76561197960276331
76561197960276332
76561197960276333
76561197960276334
76561197960276335
76561197960276336
76561197960276337
76561197960276338
76561197960276340
76561197960276341
76561197960276342
76561197960276343
76561197960276344
76561197960276345
76561197960276346
76561197960276347
76561197960276348
76561197960276349
76561197960276350
76561197960276351
76561197960276352
76561197960276353
76561197960276354
76561197960276355
76561197960276356
76561197960276357
76561197960276358
76561197960276359
76561197960276360
76561197960276361
76561197960276362
76561197960276363
76561197960276364
76561197960276365
76561197960276366
76561197960276367
76561197960276368
76561197960276369
76561197960276370
76561197960276371
76561197960276372
76561197960276373
76561197960276375
76561197960276376
76561197960276377
76561197960276378
76561197960276379
76561197960276380
76561197960276381
76561197960276382
76561197960276383
76561197960276384
76561197960276385
76561197960276386
76561197960276387
76561197960276388
76561197960276389
76561197960276390
76561197960276391
76561197960276392
76561197960276393
76561197960276394
76561197960276395
76561197960276396
76561197960276397
76561197960276398
76561197960276399
76561197960276400
76561197960276401
76561197960276402
76561197960276403
76561197960276404
76561197960276405
76561197960276406
76561197960276407
76561197960276409
76561197960276410
76561197960276411
76561197960276412
76561197960276413
76561197960276414
76561197960276415
76561197960276416
76561197960276417
76561197960276418
76561197960276419
76561197960276420
76561197960276421
76561197960276422
76561197960276423
76561197960276424
76561197960276425
76561197960276426
76561197960276427
76561197960276428
76561197960276429
76561197960276430
76561197960276431
76561197960276433
76561197960276434
76561197960276435
76561197960276436
76561197960276437
76561197960276438
76561197960276439
76561197960276440
76561197960276441
76561197960276442
76561197960276443
76561197960276444
76561197960276445
76561197960276446
76561197960276447
76561197960276448
76561197960276449
76561197960276450
76561197960276451
76561197960276452
76561197960276453
76561197960276454
76561197960276455
76561197960276457
76561197960276458
76561197960276459
76561197960276460
76561197960276462
76561197960276463
76561197960276464
76561197960276465
76561197960276466
76561197960276467
76561197960276468
76561197960276469
76561197960276470
76561197960276471
76561197960276472
76561197960276473
76561197960276475
76561197960276476
76561197960276477
76561197960276478
76561197960276479
76561197960276480
76561197960276481
76561197960276482
76561197960276484
76561197960276485
76561197960276486
76561197960276487
76561197960276488
76561197960276489
76561197960276490
76561197960276491
76561197960276492
76561197960276493
76561197960276494
76561197960276495
76561197960276496
76561197960276497
76561197960276498
76561197960276499
76561197960276500
76561197960276501
76561197960276502
76561197960276503
76561197960276505
76561197960276506
76561197960276507
76561197960276508
76561197960276510
76561197960276511
76561197960276512
76561197960276513
76561197960276514
76561197960276515
76561197960276516
76561197960276518
76561197960276519
76561197960276520
76561197960276521
76561197960276522
76561197960276523
76561197960276524
76561197960276526
76561197960276527
76561197960276528
76561197960276529
76561197960276530
76561197960276531
76561197960276533
76561197960276534
76561197960276535
76561197960276536
76561197960276537
76561197960276538
76561197960276539
76561197960276540
76561197960276543
76561197960276544
76561197960276545
76561197960276547
76561197960276548
76561197960276549
76561197960276550
76561197960276551
76561197960276552
76561197960276553
76561197960276555
76561197960276556
76561197960276557
76561197960276558
76561197960276559
76561197960276561
76561197960276562
76561197960276563
76561197960276565
76561197960276566
76561197960276568
76561197960276569
76561197960276571
76561197960276572
76561197960276573
76561197960276574
76561197960276575
76561197960276576
76561197960276577
76561197960276578
76561197960276579
76561197960276580
76561197960276581
76561197960276582
76561197960276583
76561197960276584
76561197960276585
76561197960276586
76561197960276587
76561197960276589
76561197960276590
76561197960276591
76561197960276592
76561197960276593
76561197960276594
76561197960276595
76561197960276596
76561197960276597
76561197960276598
76561197960276599
76561197960276600
76561197960276601
76561197960276603
76561197960276604
76561197960276605
76561197960276606
76561197960276607
76561197960276608
76561197960276609
76561197960276610
76561197960276612
76561197960276613
76561197960276614
76561197960276616
76561197960276617
76561197960276618
76561197960276619
76561197960276620
76561197960276621
76561197960276622
76561197960276623
76561197960276624
76561197960276625
76561197960276626
76561197960276627
76561197960276628
76561197960276629
76561197960276630
76561197960276631
76561197960276632
76561197960276633
76561197960276634
76561197960276635
76561197960276636
76561197960276637
76561197960276638
76561197960276639
76561197960276640
76561197960276641
76561197960276642
76561197960276643
76561197960276644
76561197960276645
76561197960276646
76561197960276647
76561197960276648
76561197960276649
76561197960276650
76561197960276651
76561197960276652
76561197960276653
76561197960276655
76561197960276656
76561197960276657
76561197960276658
76561197960276659
76561197960276660
76561197960276661
76561197960276662
76561197960276663
76561197960276664
76561197960276665
76561197960276666
76561197960276667
76561197960276669
76561197960276671
76561197960276672
76561197960276673
76561197960276674
76561197960276675
76561197960276676
76561197960276677
76561197960276678
76561197960276679
76561197960276680
76561197960276681
76561197960276682
76561197960276683
76561197960276684
76561197960276685
76561197960276687
76561197960276688
76561197960276689
76561197960276690
76561197960276691
76561197960276693
76561197960276694
76561197960276695
76561197960276697
76561197960276698
76561197960276699
76561197960276700
76561197960276701
76561197960276702
76561197960276703
76561197960276704
76561197960276705
76561197960276706
76561197960276707
76561197960276708
76561197960276709
76561197960276710
76561197960276711
76561197960276712
76561197960276714
76561197960276715
76561197960276716
76561197960276717
76561197960276718
76561197960276719
76561197960276720
76561197960276721
76561197960276722
76561197960276723
76561197960276724
76561197960276725
76561197960276726
76561197960276727
76561197960276728
76561197960276729
76561197960276731
76561197960276732
76561197960276733
76561197960276734
76561197960276735
76561197960276736
76561197960276737
76561197960276738
76561197960276739
76561197960276740
76561197960276741
76561197960276742
76561197960276743
76561197960276744
76561197960276745
76561197960276746
76561197960276747
76561197960276748
76561197960276749
76561197960276750
76561197960276751
76561197960276752
76561197960276753
76561197960276754
76561197960276755
76561197960276756
76561197960276757
76561197960276758
76561197960276759
76561197960276760
76561197960276761
76561197960276762
76561197960276763
76561197960276764
76561197960276765
76561197960276766
76561197960276767
76561197960276768
76561197960276769
76561197960276770
76561197960276771
76561197960276772
76561197960276773
76561197960276774
76561197960276775
76561197960276776
76561197960276777
76561197960276778
76561197960276779
76561197960276780
76561197960276781
76561197960276782
76561197960276783
76561197960276784
76561197960276785
76561197960276786
76561197960276787
76561197960276788
76561197960276789
76561197960276790
76561197960276791
76561197960276792
76561197960276793
76561197960276794
76561197960276795
76561197960276796
76561197960276797
76561197960276798
76561197960276799
76561197960276800
76561197960276801
76561197960276802
76561197960276803
76561197960276805
76561197960276806
76561197960276807
76561197960276808
76561197960276809
76561197960276810
76561197960276811
76561197960276812
76561197960276813
76561197960276814
76561197960276815
76561197960276816
76561197960276817
76561197960276818
76561197960276819
76561197960276820
76561197960276821
76561197960276822
76561197960276823
76561197960276824
76561197960276825
76561197960276826
76561197960276827
76561197960276828
76561197960276829
76561197960276830
76561197960276831
76561197960276832
76561197960276833
76561197960276834
76561197960276835
76561197960276836
76561197960276837
76561197960276838
76561197960276839
76561197960276840
76561197960276841
76561197960276842
76561197960276843
76561197960276844
76561197960276845
76561197960276846
76561197960276847
76561197960276848
76561197960276849
76561197960276850
76561197960276851
76561197960276852
76561197960276853
76561197960276854
76561197960276855
76561197960276856
76561197960276857
76561197960276858
76561197960276859
76561197960276860
76561197960276861
76561197960276862
76561197960276863
76561197960276864
76561197960276865
76561197960276866
76561197960276867
76561197960276868
76561197960276869
76561197960276870
76561197960276871
76561197960276872
76561197960276873
76561197960276874
76561197960276875
76561197960276876
76561197960276877
76561197960276878
76561197960276879
76561197960276880
76561197960276881
76561197960276882
76561197960276883
76561197960276884
76561197960276886
76561197960276887
76561197960276888
76561197960276889
76561197960276890
76561197960276891
76561197960276892
76561197960276893
76561197960276894
76561197960276895
76561197960276896
76561197960276897
76561197960276898
76561197960276902
76561197960276903
76561197960276904
76561197960276905
76561197960276906
76561197960276907
76561197960276908
76561197960276909
76561197960276910
76561197960276911
76561197960276912
76561197960276913
76561197960276914
76561197960276915
76561197960276916
76561197960276917
76561197960276918
76561197960276919
76561197960276920
76561197960276921
76561197960276922
76561197960276923
76561197960276924
76561197960276925
76561197960276926
76561197960276928
76561197960276929
76561197960276930
76561197960276931
76561197960276933
76561197960276934
76561197960276935
76561197960276936
76561197960276937
76561197960276938
76561197960276939
76561197960276940
76561197960276941
76561197960276942
76561197960276943
76561197960276944
76561197960276945
76561197960276947
76561197960276948
76561197960276949
76561197960276950
76561197960276951
76561197960276952
76561197960276953
76561197960276954
76561197960276955
76561197960276956
76561197960276957
76561197960276958
76561197960276959
76561197960276960
76561197960276961
76561197960276963
76561197960276965
76561197960276966
76561197960276967
76561197960276968
76561197960276969
76561197960276970
76561197960276971
76561197960276972
76561197960276973
76561197960276974
76561197960276975
76561197960276976
76561197960276977
76561197960276978
76561197960276991
76561197960276992
76561197960277004
76561197960277022
76561197960277028
76561197960277037
76561197960277045
76561197960277046
76561197960277047
76561197960277048
76561197960277049
76561197960277050
76561197960277051
76561197960277052
76561197960277053
76561197960277054
76561197960277055
76561197960277056
76561197960277057
76561197960277058
76561197960277059
76561197960277060
76561197960277061
76561197960277062
76561197960277063
76561197960277064
76561197960277065
76561197960277066
76561197960277067
76561197960277069
76561197960277070
76561197960277071
76561197960277072
76561197960277073
76561197960277074
76561197960277075
76561197960277077
76561197960277078
76561197960277079
76561197960277081
76561197960277082
76561197960277083
76561197960277084
76561197960277085
76561197960277086
76561197960277087
76561197960277088
76561197960277089
76561197960277090
76561197960277091
76561197960277092
76561197960277093
76561197960277094
76561197960277095
76561197960277096
76561197960277097
76561197960277098
76561197960277099
76561197960277100
76561197960277101
76561197960277102
76561197960277103
76561197960277104
76561197960277105
76561197960277106
76561197960277107
76561197960277109
76561197960277110
76561197960277111
76561197960277112
76561197960277113
76561197960277114
76561197960277115
76561197960277116
76561197960277117
76561197960277118
76561197960277119
76561197960277120
76561197960277121
76561197960277122
76561197960277123
76561197960277124
76561197960277126
76561197960277127
76561197960277128
76561197960277129
76561197960277130
76561197960277131
76561197960277132
76561197960277133
76561197960277135
76561197960277136
76561197960277137
76561197960277138
76561197960277139
76561197960277140
76561197960277141
76561197960277142
76561197960277143
76561197960277144
76561197960277145
76561197960277146
76561197960277148
76561197960277150
76561197960277151
76561197960277152
76561197960277153
76561197960277154
76561197960277155
76561197960277156
76561197960277157
76561197960277158
76561197960277159
76561197960277160
76561197960277161
76561197960277162
76561197960277163
76561197960277164
76561197960277165
76561197960277166
76561197960277167
76561197960277168
76561197960277169
76561197960277170
76561197960277171
76561197960277172
76561197960277173
76561197960277174
76561197960277175
76561197960277176
76561197960277177
76561197960277178
76561197960277179
76561197960277180
76561197960277181
76561197960277182
76561197960277183
76561197960277185
76561197960277186
76561197960277187
76561197960277188
76561197960277189
76561197960277190
76561197960277191
76561197960277192
76561197960277193
76561197960277194
76561197960277195
76561197960277196
76561197960277198
76561197960277199
76561197960277200
76561197960277201
76561197960277202
76561197960277203
76561197960277204
76561197960277205
76561197960277206
76561197960277207
76561197960277208
76561197960277209
76561197960277210
76561197960277211
76561197960277213
76561197960277214
76561197960277215
76561197960277216
76561197960277217
76561197960277218
76561197960277219
76561197960277220
76561197960277221
76561197960277223
76561197960277224
76561197960277225
76561197960277226
76561197960277227
76561197960277228
76561197960277229
76561197960277230
76561197960277231
76561197960277232
76561197960277233
76561197960277234
76561197960277235
76561197960277236
76561197960277238
76561197960277239
76561197960277240
76561197960277241
76561197960277242
76561197960277243
76561197960277244
76561197960277245
76561197960277246
76561197960277247
76561197960277248
76561197960277249
76561197960277250
76561197960277251
76561197960277252
76561197960277253
76561197960277255
76561197960277256
76561197960277257
76561197960277258
76561197960277259
76561197960277260
76561197960277261
76561197960277262
76561197960277263
76561197960277264
76561197960277265
76561197960277266
76561197960277267
76561197960277268
76561197960277269
76561197960277270
76561197960277271
76561197960277273
76561197960277274
76561197960277275
76561197960277276
76561197960277277
76561197960277278
76561197960277279
76561197960277281
76561197960277282
76561197960277283
76561197960277285
76561197960277286
76561197960277287
76561197960277288
76561197960277289
76561197960277290
76561197960277291
76561197960277292
76561197960277293
76561197960277294
76561197960277295
76561197960277296
76561197960277297
76561197960277298
76561197960277299
76561197960277300
76561197960277301
76561197960277302
76561197960277303
76561197960277304
76561197960277305
76561197960277306
76561197960277307
76561197960277308
76561197960277309
76561197960277310
76561197960277311
76561197960277312
76561197960277313
76561197960277314
76561197960277315
76561197960277316
76561197960277317
76561197960277318
76561197960277319
76561197960277320
76561197960277321
76561197960277322
76561197960277323
76561197960277324
76561197960277325
76561197960277326
76561197960277327
76561197960277328
76561197960277329
76561197960277330
76561197960277331
76561197960277332
76561197960277333
76561197960277334
76561197960277335
76561197960277336
76561197960277337
76561197960277338
76561197960277339
76561197960277340
76561197960277341
76561197960277342
76561197960277343
76561197960277344
76561197960277345
76561197960277346
76561197960277347
76561197960277348
76561197960277350
76561197960277351
76561197960277352
76561197960277353
76561197960277354
76561197960277355
76561197960277356
76561197960277357
76561197960277358
76561197960277359
76561197960277360
76561197960277361
76561197960277362
76561197960277363
76561197960277364
76561197960277365
76561197960277366
76561197960277367
76561197960277368
76561197960277369
76561197960277370
76561197960277371
76561197960277372
76561197960277373
76561197960277374
76561197960277375
76561197960277376
76561197960277377
76561197960277378
76561197960277379
76561197960277380
76561197960277381
76561197960277382
76561197960277383
76561197960277384
76561197960277385
76561197960277386
76561197960277390
76561197960277391
76561197960277392
76561197960277394
76561197960277395
76561197960277396
76561197960277397
76561197960277398
76561197960277399
76561197960277400
76561197960277401
76561197960277402
76561197960277403
76561197960277405
76561197960277406
76561197960277407
76561197960277408
76561197960277409
76561197960277410
76561197960277411
76561197960277412
76561197960277413
76561197960277414
76561197960277415
76561197960277416
76561197960277417
76561197960277418
76561197960277419
76561197960277420
76561197960277421
76561197960277422
76561197960277423
76561197960277424
76561197960277425
76561197960277426
76561197960277427
76561197960277428
76561197960277429
76561197960277430
76561197960277431
76561197960277432
76561197960277433
76561197960277434
76561197960277435
76561197960277436
76561197960277438
76561197960277439
76561197960277440
76561197960277441
76561197960277442
76561197960277443
76561197960277444
76561197960277445
76561197960277446
76561197960277447
76561197960277448
76561197960277449
