76561197960551154
76561197960551155
76561197960551157
76561197960551158
76561197960551159
76561197960551160
76561197960551162
76561197960551164
76561197960551166
76561197960551167
76561197960551168
76561197960551169
76561197960551170
76561197960551171
76561197960551172
76561197960551173
76561197960551174
76561197960551175
76561197960551177
76561197960551178
76561197960551179
76561197960551180
76561197960551183
76561197960551184
76561197960551185
76561197960551186
76561197960551187
76561197960551188
76561197960551189
76561197960551190
76561197960551191
76561197960551194
76561197960551195
76561197960551196
76561197960551197
76561197960551198
76561197960551199
76561197960551201
76561197960551202
76561197960551203
76561197960551206
76561197960551207
76561197960551208
76561197960551209
76561197960551210
76561197960551211
76561197960551212
76561197960551213
76561197960551214
76561197960551215
76561197960551216
76561197960551217
76561197960551219
76561197960551221
76561197960551223
76561197960551224
76561197960551225
76561197960551227
76561197960551228
76561197960551229
76561197960551230
76561197960551232
76561197960551233
76561197960551235
76561197960551236
76561197960551237
76561197960551239
76561197960551240
76561197960551243
76561197960551244
76561197960551245
76561197960551246
76561197960551248
76561197960551249
76561197960551250
76561197960551251
76561197960551252
76561197960551254
76561197960551255
76561197960551257
76561197960551259
76561197960551261
76561197960551262
76561197960551263
76561197960551264
76561197960551265
76561197960551266
76561197960551268
76561197960551270
76561197960551271
76561197960551272
76561197960551274
76561197960551275
76561197960551276
76561197960551277
76561197960551281
76561197960551283
76561197960551284
76561197960551285
76561197960551287
76561197960551288
76561197960551289
76561197960551290
76561197960551291
76561197960551292
76561197960551293
76561197960551294
76561197960551296
76561197960551297
76561197960551298
76561197960551299
76561197960551300
76561197960551301
76561197960551305
76561197960551306
76561197960551309
76561197960551310
76561197960551311
76561197960551314
76561197960551315
76561197960551317
76561197960551318
76561197960551319
76561197960551320
76561197960551321
76561197960551322
76561197960551323
76561197960551325
76561197960551326
76561197960551327
76561197960551328
76561197960551330
76561197960551332
76561197960551333
76561197960551335
76561197960551336
76561197960551337
76561197960551339
76561197960551340
76561197960551341
76561197960551342
76561197960551343
76561197960551345
76561197960551346
76561197960551347
76561197960551349
76561197960551350
76561197960551351
76561197960551353
76561197960551356
76561197960551357
76561197960551358
76561197960551359
76561197960551360
76561197960551361
76561197960551362
76561197960551363
76561197960551364
76561197960551365
76561197960551366
76561197960551368
76561197960551370
76561197960551372
76561197960551373
76561197960551375
76561197960551376
76561197960551377
76561197960551378
76561197960551379
76561197960551380
76561197960551381
76561197960551382
76561197960551383
76561197960551385
76561197960551386
76561197960551388
76561197960551389
76561197960551390
76561197960551391
76561197960551392
76561197960551394
76561197960551395
76561197960551396
76561197960551397
76561197960551398
76561197960551402
76561197960551404
76561197960551406
76561197960551407
76561197960551408
76561197960551409
76561197960551410
76561197960551411
76561197960551412
76561197960551413
76561197960551414
76561197960551415
76561197960551416
76561197960551418
76561197960551420
76561197960551421
76561197960551423
76561197960551425
76561197960551426
76561197960551429
76561197960551430
76561197960551431
76561197960551432
76561197960551433
76561197960551434
76561197960551436
76561197960551437
76561197960551438
76561197960551441
76561197960551442
76561197960551443
76561197960551444
76561197960551446
76561197960551447
76561197960551448
76561197960551450
76561197960551451
76561197960551452
76561197960551455
76561197960551456
76561197960551457
76561197960551460
76561197960551461
76561197960551464
76561197960551466
76561197960551467
76561197960551468
76561197960551469
76561197960551471
76561197960551472
76561197960551473
76561197960551478
76561197960551479
76561197960551480
76561197960551481
76561197960551482
76561197960551485
76561197960551486
76561197960551487
76561197960551488
76561197960551490
76561197960551491
76561197960551493
76561197960551494
76561197960551495
76561197960551496
76561197960551497
76561197960551498
76561197960551499
76561197960551500
76561197960551502
76561197960551503
76561197960551506
76561197960551507
76561197960551508
76561197960551509
76561197960551511
76561197960551512
76561197960551513
76561197960551516
76561197960551518
76561197960551519
76561197960551524
76561197960551525
76561197960551526
76561197960551528
76561197960551529
76561197960551531
76561197960551532
76561197960551533
76561197960551534
76561197960551537
76561197960551538
76561197960551539
76561197960551540
76561197960551541
76561197960551542
76561197960551543
76561197960551544
76561197960551546
76561197960551549
76561197960551550
76561197960551551
76561197960551552
76561197960551554
76561197960551555
76561197960551557
76561197960551558
76561197960551559
76561197960551560
76561197960551563
76561197960551565
76561197960551566
76561197960551568
76561197960551569
76561197960551570
76561197960551571
76561197960551572
76561197960551573
76561197960551574
76561197960551575
76561197960551576
76561197960551577
76561197960551578
76561197960551579
76561197960551580
76561197960551581
76561197960551585
76561197960551586
76561197960551587
76561197960551589
76561197960551590
76561197960551591
76561197960551592
76561197960551594
76561197960551595
76561197960551596
76561197960551597
76561197960551598
76561197960551600
76561197960551601
76561197960551602
76561197960551603
76561197960551604
76561197960551605
76561197960551606
76561197960551607
76561197960551608
76561197960551609
76561197960551610
76561197960551611
76561197960551612
76561197960551613
76561197960551615
76561197960551616
76561197960551617
76561197960551618
76561197960551619
76561197960551620
76561197960551621
76561197960551622
76561197960551624
76561197960551627
76561197960551630
76561197960551631
76561197960551633
76561197960551636
76561197960551637
76561197960551638
76561197960551639
76561197960551640
76561197960551641
76561197960551642
76561197960551644
76561197960551646
76561197960551647
76561197960551649
76561197960551651
76561197960551652
76561197960551653
76561197960551654
76561197960551655
76561197960551656
76561197960551657
76561197960551658
76561197960551659
76561197960551660
76561197960551662
76561197960551663
76561197960551664
76561197960551665
76561197960551666
76561197960551667
76561197960551669
76561197960551671
76561197960551673
76561197960551675
76561197960551676
76561197960551677
76561197960551678
76561197960551679
76561197960551680
76561197960551681
76561197960551682
76561197960551683
76561197960551684
76561197960551685
76561197960551686
76561197960551687
76561197960551688
76561197960551689
76561197960551691
76561197960551692
76561197960551693
76561197960551694
76561197960551695
76561197960551696
76561197960551697
76561197960551698
76561197960551700
76561197960551702
76561197960551703
76561197960551704
76561197960551705
76561197960551706
76561197960551707
76561197960551709
76561197960551710
76561197960551713
76561197960551714
76561197960551715
76561197960551716
76561197960551717
76561197960551719
76561197960551720
76561197960551721
76561197960551722
76561197960551723
76561197960551725
76561197960551727
76561197960551729
76561197960551734
76561197960551736
76561197960551738
76561197960551739
76561197960551740
76561197960551741
76561197960551742
76561197960551744
76561197960551745
76561197960551747
76561197960551748
76561197960551749
76561197960551751
76561197960551752
76561197960551753
76561197960551754
76561197960551755
76561197960551756
76561197960551757
76561197960551758
76561197960551759
76561197960551760
76561197960551761
76561197960551765
76561197960551766
76561197960551767
76561197960551768
76561197960551769
76561197960551771
76561197960551773
76561197960551774
76561197960551775
76561197960551776
76561197960551777
76561197960551778
76561197960551779
76561197960551780
76561197960551782
76561197960551783
76561197960551784
76561197960551785
76561197960551786
76561197960551787
76561197960551788
76561197960551790
76561197960551792
76561197960551794
76561197960551795
76561197960551797
76561197960551798
76561197960551799
76561197960551800
76561197960551801
76561197960551802
76561197960551804
76561197960551805
76561197960551806
76561197960551807
76561197960551809
76561197960551810
76561197960551812
76561197960551813
76561197960551814
76561197960551815
76561197960551816
76561197960551818
76561197960551819
76561197960551820
76561197960551821
76561197960551822
76561197960551823
76561197960551824
76561197960551825
76561197960551826
76561197960551827
76561197960551828
76561197960551832
76561197960551833
76561197960551834
76561197960551836
76561197960551837
76561197960551839
76561197960551840
76561197960551841
76561197960551842
76561197960551843
76561197960551845
76561197960551846
76561197960551847
76561197960551848
76561197960551849
76561197960551850
76561197960551851
76561197960551852
76561197960551853
76561197960551854
76561197960551856
76561197960551857
76561197960551858
76561197960551860
76561197960551861
76561197960551862
76561197960551863
76561197960551864
76561197960551865
76561197960551866
76561197960551867
76561197960551869
76561197960551870
76561197960551872
76561197960551874
76561197960551875
76561197960551876
76561197960551877
76561197960551878
76561197960551880
76561197960551881
76561197960551882
76561197960551883
76561197960551885
76561197960551886
76561197960551889
76561197960551890
76561197960551892
76561197960551893
76561197960551894
76561197960551895
76561197960551896
76561197960551897
76561197960551898
76561197960551899
76561197960551901
76561197960551903
76561197960551904
76561197960551905
76561197960551906
76561197960551907
76561197960551908
76561197960551909
76561197960551910
76561197960551913
76561197960551914
76561197960551916
76561197960551917
76561197960551918
76561197960551919
76561197960551920
76561197960551921
76561197960551923
76561197960551924
76561197960551925
76561197960551926
76561197960551927
76561197960551929
76561197960551930
76561197960551931
76561197960551932
76561197960551933
76561197960551934
76561197960551935
76561197960551936
76561197960551937
76561197960551939
76561197960551940
76561197960551941
76561197960551942
76561197960551944
76561197960551945
76561197960551946
76561197960551947
76561197960551948
76561197960551949
76561197960551950
76561197960551951
76561197960551952
76561197960551953
76561197960551957
76561197960551958
76561197960551960
76561197960551961
76561197960551962
76561197960551963
76561197960551968
76561197960551969
76561197960551970
76561197960551971
76561197960551972
76561197960551973
76561197960551974
76561197960551975
76561197960551977
76561197960551978
76561197960551979
76561197960551980
76561197960551981
76561197960551982
76561197960551983
76561197960551984
76561197960551988
76561197960551990
76561197960551991
76561197960551992
76561197960551993
76561197960551994
76561197960551995
76561197960551996
76561197960551997
76561197960551998
76561197960551999
76561197960552001
76561197960552003
76561197960552005
76561197960552007
76561197960552008
76561197960552009
76561197960552010
76561197960552012
76561197960552013
76561197960552014
76561197960552015
76561197960552017
76561197960552018
76561197960552019
76561197960552021
76561197960552022
76561197960552023
76561197960552024
76561197960552026
76561197960552028
76561197960552030
76561197960552031
76561197960552032
76561197960552033
76561197960552035
76561197960552038
76561197960552040
76561197960552041
76561197960552042
76561197960552043
76561197960552044
76561197960552045
76561197960552046
76561197960552047
76561197960552048
76561197960552050
76561197960552051
76561197960552052
76561197960552053
76561197960552054
76561197960552055
76561197960552057
76561197960552058
76561197960552059
76561197960552060
76561197960552061
76561197960552062
76561197960552064
76561197960552065
76561197960552066
76561197960552069
76561197960552071
76561197960552072
76561197960552073
76561197960552077
76561197960552078
76561197960552079
76561197960552080
76561197960552081
76561197960552082
76561197960552084
76561197960552085
76561197960552086
76561197960552088
76561197960552090
76561197960552091
76561197960552093
76561197960552095
76561197960552096
76561197960552097
76561197960552098
76561197960552100
76561197960552101
76561197960552102
76561197960552103
76561197960552105
76561197960552106
76561197960552108
76561197960552109
76561197960552110
76561197960552111
76561197960552112
76561197960552114
76561197960552116
76561197960552117
76561197960552121
76561197960552122
76561197960552123
76561197960552124
76561197960552125
76561197960552128
76561197960552129
76561197960552130
76561197960552131
76561197960552132
76561197960552133
76561197960552134
76561197960552136
76561197960552138
76561197960552139
76561197960552140
76561197960552141
76561197960552143
76561197960552144
76561197960552145
76561197960552146
76561197960552147
76561197960552148
76561197960552149
76561197960552150
76561197960552152
76561197960552153
76561197960552154
76561197960552155
76561197960552156
76561197960552157
76561197960552158
76561197960552160
76561197960552163
76561197960552164
76561197960552165
76561197960552166
76561197960552168
76561197960552169
76561197960552170
76561197960552171
76561197960552172
76561197960552174
76561197960552176
76561197960552178
76561197960552179
76561197960552181
76561197960552182
76561197960552183
76561197960552185
76561197960552186
76561197960552187
76561197960552189
76561197960552190
76561197960552192
76561197960552193
76561197960552194
76561197960552195
76561197960552196
76561197960552197
76561197960552198
76561197960552199
76561197960552201
76561197960552202
76561197960552204
76561197960552205
76561197960552206
76561197960552207
76561197960552208
76561197960552209
76561197960552210
76561197960552211
76561197960552212
76561197960552213
76561197960552214
76561197960552219
76561197960552220
76561197960552221
76561197960552222
76561197960552223
76561197960552224
76561197960552225
76561197960552226
76561197960552228
76561197960552229
76561197960552231
76561197960552232
76561197960552233
76561197960552235
76561197960552236
76561197960552237
76561197960552238
76561197960552239
76561197960552241
76561197960552242
76561197960552243
76561197960552244
76561197960552245
76561197960552246
76561197960552248
76561197960552249
76561197960552251
76561197960552252
76561197960552253
76561197960552254
76561197960552255
76561197960552257
76561197960552260
76561197960552265
76561197960552266
76561197960552268
76561197960552269
76561197960552270
76561197960552271
76561197960552272
76561197960552273
76561197960552274
76561197960552275
76561197960552276
76561197960552277
76561197960552278
76561197960552279
76561197960552280
76561197960552281
76561197960552283
76561197960552284
76561197960552288
76561197960552289
76561197960552290
76561197960552291
76561197960552292
76561197960552293
76561197960552294
76561197960552295
76561197960552296
76561197960552299
76561197960552300
76561197960552301
76561197960552302
76561197960552303
76561197960552304
76561197960552305
76561197960552308
76561197960552309
76561197960552310
76561197960552311
76561197960552312
76561197960552313
76561197960552314
76561197960552315
76561197960552316
76561197960552318
76561197960552319
76561197960552321
76561197960552322
76561197960552323
76561197960552324
76561197960552325
76561197960552327
76561197960552328
76561197960552329
76561197960552330
76561197960552332
76561197960552333
76561197960552335
76561197960552337
76561197960552338
76561197960552339
76561197960552340
76561197960552341
76561197960552342
76561197960552343
76561197960552345
76561197960552347
76561197960552348
76561197960552350
76561197960552351
76561197960552352
76561197960552353
76561197960552354
76561197960552355
76561197960552356
76561197960552357
76561197960552358
76561197960552359
76561197960552360
76561197960552361
76561197960552362
76561197960552363
76561197960552364
76561197960552365
76561197960552367
76561197960552368
76561197960552371
76561197960552373
76561197960552375
76561197960552376
76561197960552378
76561197960552379
76561197960552380
76561197960552384
76561197960552387
76561197960552388
76561197960552389
76561197960552390
76561197960552391
76561197960552392
76561197960552393
76561197960552394
76561197960552395
76561197960552397
76561197960552398
76561197960552402
76561197960552403
76561197960552404
76561197960552405
76561197960552406
76561197960552407
76561197960552409
76561197960552410
76561197960552411
76561197960552412
76561197960552413
76561197960552414
76561197960552415
76561197960552416
76561197960552417
76561197960552418
76561197960552420
76561197960552422
76561197960552425
76561197960552426
76561197960552428
76561197960552429
76561197960552430
76561197960552431
76561197960552432
76561197960552433
76561197960552434
76561197960552435
76561197960552437
76561197960552439
76561197960552440
76561197960552442
76561197960552443
76561197960552444
76561197960552445
76561197960552446
76561197960552447
76561197960552448
76561197960552449
76561197960552450
76561197960552451
76561197960552452
76561197960552453
76561197960552454
76561197960552455
76561197960552456
76561197960552458
76561197960552459
76561197960552460
76561197960552461
76561197960552462
76561197960552464
76561197960552465
76561197960552469
76561197960552470
76561197960552471
76561197960552472
76561197960552473
76561197960552474
76561197960552475
76561197960552476
76561197960552478
76561197960552481
76561197960552482
76561197960552483
76561197960552484
76561197960552485
76561197960552486
