76561197960523191
76561197960523192
76561197960523193
76561197960523195
76561197960523196
76561197960523199
76561197960523200
76561197960523201
76561197960523202
76561197960523203
76561197960523204
76561197960523208
76561197960523209
76561197960523211
76561197960523212
76561197960523213
76561197960523215
76561197960523216
76561197960523218
76561197960523219
76561197960523220
76561197960523221
76561197960523222
76561197960523223
76561197960523224
76561197960523226
76561197960523227
76561197960523229
76561197960523230
76561197960523232
76561197960523233
76561197960523236
76561197960523238
76561197960523239
76561197960523240
76561197960523241
76561197960523242
76561197960523243
76561197960523244
76561197960523245
76561197960523246
76561197960523248
76561197960523250
76561197960523253
76561197960523254
76561197960523256
76561197960523257
76561197960523258
76561197960523259
76561197960523260
76561197960523261
76561197960523262
76561197960523264
76561197960523265
76561197960523266
76561197960523267
76561197960523268
76561197960523269
76561197960523270
76561197960523272
76561197960523273
76561197960523274
76561197960523275
76561197960523276
76561197960523277
76561197960523278
76561197960523279
76561197960523280
76561197960523281
76561197960523282
76561197960523283
76561197960523284
76561197960523285
76561197960523287
76561197960523289
76561197960523291
76561197960523292
76561197960523294
76561197960523295
76561197960523296
76561197960523299
76561197960523302
76561197960523303
76561197960523304
76561197960523305
76561197960523306
76561197960523307
76561197960523308
76561197960523309
76561197960523311
76561197960523312
76561197960523313
76561197960523315
76561197960523316
76561197960523317
76561197960523318
76561197960523319
76561197960523321
76561197960523322
76561197960523323
76561197960523326
76561197960523327
76561197960523328
76561197960523329
76561197960523330
76561197960523332
76561197960523333
76561197960523334
76561197960523335
76561197960523336
76561197960523337
76561197960523341
76561197960523343
76561197960523344
76561197960523345
76561197960523346
76561197960523348
76561197960523349
76561197960523352
76561197960523353
76561197960523356
76561197960523358
76561197960523359
76561197960523360
76561197960523361
76561197960523362
76561197960523365
76561197960523366
76561197960523367
76561197960523370
76561197960523374
76561197960523375
76561197960523377
76561197960523378
76561197960523379
76561197960523380
76561197960523381
76561197960523382
76561197960523384
76561197960523385
76561197960523386
76561197960523388
76561197960523389
76561197960523391
76561197960523392
76561197960523393
76561197960523394
76561197960523395
76561197960523397
76561197960523398
76561197960523399
76561197960523400
76561197960523401
76561197960523402
76561197960523403
76561197960523405
76561197960523406
76561197960523413
76561197960523415
76561197960523418
76561197960523419
76561197960523420
76561197960523421
76561197960523422
76561197960523423
76561197960523426
76561197960523427
76561197960523428
76561197960523430
76561197960523431
76561197960523432
76561197960523433
76561197960523434
76561197960523436
76561197960523437
76561197960523438
76561197960523440
76561197960523442
76561197960523443
76561197960523445
76561197960523446
76561197960523447
76561197960523448
76561197960523449
76561197960523451
76561197960523452
76561197960523453
76561197960523454
76561197960523456
76561197960523458
76561197960523460
76561197960523463
76561197960523464
76561197960523468
76561197960523469
76561197960523471
76561197960523473
76561197960523474
76561197960523475
76561197960523477
76561197960523479
76561197960523481
76561197960523484
76561197960523486
76561197960523487
76561197960523489
76561197960523490
76561197960523491
76561197960523494
76561197960523496
76561197960523498
76561197960523500
76561197960523501
76561197960523502
76561197960523504
76561197960523505
76561197960523506
76561197960523507
76561197960523508
76561197960523513
76561197960523515
76561197960523516
76561197960523517
76561197960523519
76561197960523520
76561197960523521
76561197960523522
76561197960523523
76561197960523525
76561197960523527
76561197960523528
76561197960523529
76561197960523530
76561197960523532
76561197960523533
76561197960523534
76561197960523535
76561197960523538
76561197960523539
76561197960523541
76561197960523542
76561197960523543
76561197960523544
76561197960523548
76561197960523549
76561197960523551
76561197960523552
76561197960523553
76561197960523556
76561197960523557
76561197960523559
76561197960523560
76561197960523561
76561197960523564
76561197960523565
76561197960523567
76561197960523568
76561197960523569
76561197960523570
76561197960523572
76561197960523574
76561197960523577
76561197960523578
76561197960523579
76561197960523580
76561197960523581
76561197960523582
76561197960523583
76561197960523584
76561197960523585
76561197960523588
76561197960523589
76561197960523590
76561197960523591
76561197960523592
76561197960523595
76561197960523596
76561197960523597
76561197960523598
76561197960523600
76561197960523601
76561197960523603
76561197960523604
76561197960523606
76561197960523610
76561197960523614
76561197960523615
76561197960523616
76561197960523617
76561197960523618
76561197960523619
76561197960523621
76561197960523622
76561197960523623
76561197960523624
76561197960523625
76561197960523626
76561197960523627
76561197960523628
76561197960523629
76561197960523632
76561197960523633
76561197960523636
76561197960523637
76561197960523641
76561197960523643
76561197960523644
76561197960523646
76561197960523647
76561197960523648
76561197960523649
76561197960523650
76561197960523651
76561197960523654
76561197960523655
76561197960523656
76561197960523657
76561197960523658
76561197960523659
76561197960523660
76561197960523661
76561197960523664
76561197960523665
76561197960523666
76561197960523667
76561197960523668
76561197960523669
76561197960523670
76561197960523671
76561197960523673
76561197960523674
76561197960523675
76561197960523676
76561197960523677
76561197960523678
76561197960523681
76561197960523687
76561197960523688
76561197960523689
76561197960523693
76561197960523694
76561197960523696
76561197960523697
76561197960523699
76561197960523700
76561197960523701
76561197960523702
76561197960523704
76561197960523705
76561197960523706
76561197960523707
76561197960523708
76561197960523709
76561197960523710
76561197960523711
76561197960523713
76561197960523715
76561197960523717
76561197960523719
76561197960523721
76561197960523723
76561197960523724
76561197960523725
76561197960523726
76561197960523727
76561197960523728
76561197960523729
76561197960523730
76561197960523732
76561197960523733
76561197960523737
76561197960523738
76561197960523739
76561197960523741
76561197960523742
76561197960523743
76561197960523744
76561197960523745
76561197960523747
76561197960523748
76561197960523749
76561197960523751
76561197960523752
76561197960523753
76561197960523756
76561197960523757
76561197960523758
76561197960523761
76561197960523762
76561197960523763
76561197960523764
76561197960523765
76561197960523767
76561197960523771
76561197960523773
76561197960523774
76561197960523775
76561197960523776
76561197960523779
76561197960523781
76561197960523783
76561197960523786
76561197960523787
76561197960523788
76561197960523789
76561197960523790
76561197960523792
76561197960523796
76561197960523797
76561197960523798
76561197960523800
76561197960523801
76561197960523802
76561197960523803
76561197960523804
76561197960523807
76561197960523808
76561197960523809
76561197960523811
76561197960523813
76561197960523814
76561197960523815
76561197960523816
76561197960523818
76561197960523819
76561197960523820
76561197960523821
76561197960523822
76561197960523823
76561197960523824
76561197960523825
76561197960523826
76561197960523828
76561197960523829
76561197960523830
76561197960523833
76561197960523834
76561197960523835
76561197960523836
76561197960523837
76561197960523838
76561197960523839
76561197960523840
76561197960523841
76561197960523844
76561197960523847
76561197960523848
76561197960523849
76561197960523850
76561197960523853
76561197960523854
76561197960523855
76561197960523856
76561197960523858
76561197960523860
76561197960523861
76561197960523862
76561197960523865
76561197960523867
76561197960523868
76561197960523869
76561197960523870
76561197960523871
76561197960523872
76561197960523873
76561197960523875
76561197960523876
76561197960523879
76561197960523880
76561197960523884
76561197960523885
76561197960523886
76561197960523888
76561197960523890
76561197960523892
76561197960523897
76561197960523898
76561197960523899
76561197960523902
76561197960523903
76561197960523904
76561197960523905
76561197960523906
76561197960523907
76561197960523908
76561197960523909
76561197960523910
76561197960523912
76561197960523913
76561197960523915
76561197960523916
76561197960523917
76561197960523918
76561197960523919
76561197960523920
76561197960523922
76561197960523925
76561197960523927
76561197960523929
76561197960523930
76561197960523932
76561197960523933
76561197960523934
76561197960523935
76561197960523937
76561197960523940
76561197960523941
76561197960523943
76561197960523944
76561197960523946
76561197960523948
76561197960523949
76561197960523950
76561197960523951
76561197960523952
76561197960523953
76561197960523954
76561197960523955
76561197960523956
76561197960523957
76561197960523958
76561197960523959
76561197960523960
76561197960523961
76561197960523963
76561197960523965
76561197960523966
76561197960523969
76561197960523971
76561197960523973
76561197960523975
76561197960523976
76561197960523978
76561197960523979
76561197960523980
76561197960523981
76561197960523983
76561197960523984
76561197960523986
76561197960523988
76561197960523989
76561197960523992
76561197960523997
76561197960523999
76561197960524000
76561197960524001
76561197960524002
76561197960524003
76561197960524004
76561197960524006
76561197960524007
76561197960524008
76561197960524009
76561197960524010
76561197960524011
76561197960524013
76561197960524014
76561197960524015
76561197960524016
76561197960524017
76561197960524018
76561197960524019
76561197960524021
76561197960524022
76561197960524023
76561197960524024
76561197960524027
76561197960524028
76561197960524030
76561197960524032
76561197960524033
76561197960524035
76561197960524039
76561197960524040
76561197960524042
76561197960524043
76561197960524044
76561197960524045
76561197960524046
76561197960524047
76561197960524048
76561197960524050
76561197960524052
76561197960524053
76561197960524054
76561197960524055
76561197960524057
76561197960524058
76561197960524060
76561197960524062
76561197960524063
76561197960524067
76561197960524068
76561197960524069
76561197960524070
76561197960524071
76561197960524072
76561197960524073
76561197960524074
76561197960524075
76561197960524077
76561197960524079
76561197960524080
76561197960524084
76561197960524086
76561197960524088
76561197960524089
76561197960524090
76561197960524093
76561197960524094
76561197960524096
76561197960524097
76561197960524098
76561197960524099
76561197960524101
76561197960524102
76561197960524103
76561197960524104
76561197960524105
76561197960524106
76561197960524107
76561197960524108
76561197960524109
76561197960524111
76561197960524113
76561197960524114
76561197960524116
76561197960524118
76561197960524119
76561197960524121
76561197960524122
76561197960524123
76561197960524125
76561197960524126
76561197960524127
76561197960524129
76561197960524130
76561197960524131
76561197960524132
76561197960524133
76561197960524136
76561197960524137
76561197960524139
76561197960524142
76561197960524143
76561197960524144
76561197960524145
76561197960524147
76561197960524149
76561197960524152
76561197960524153
76561197960524159
76561197960524161
76561197960524162
76561197960524163
76561197960524165
76561197960524167
76561197960524168
76561197960524170
76561197960524173
76561197960524174
76561197960524175
76561197960524177
76561197960524178
76561197960524181
76561197960524182
76561197960524183
76561197960524185
76561197960524186
76561197960524188
76561197960524189
76561197960524190
76561197960524192
76561197960524193
76561197960524195
76561197960524196
76561197960524197
76561197960524202
76561197960524204
76561197960524205
76561197960524206
76561197960524207
76561197960524209
76561197960524211
76561197960524212
76561197960524215
76561197960524217
76561197960524218
76561197960524219
76561197960524221
76561197960524222
76561197960524223
76561197960524224
76561197960524225
76561197960524228
76561197960524229
76561197960524230
76561197960524231
76561197960524232
76561197960524233
76561197960524235
76561197960524236
76561197960524237
76561197960524238
76561197960524240
76561197960524241
76561197960524244
76561197960524245
76561197960524246
76561197960524249
76561197960524250
76561197960524251
76561197960524253
76561197960524254
76561197960524258
76561197960524259
76561197960524260
76561197960524261
76561197960524262
76561197960524264
76561197960524267
76561197960524269
76561197960524270
76561197960524272
76561197960524273
76561197960524275
76561197960524276
76561197960524277
76561197960524278
76561197960524279
76561197960524281
76561197960524282
76561197960524283
76561197960524286
76561197960524289
76561197960524290
76561197960524293
76561197960524294
76561197960524298
76561197960524299
76561197960524301
76561197960524302
76561197960524305
76561197960524310
76561197960524312
76561197960524314
76561197960524315
76561197960524316
76561197960524317
76561197960524318
76561197960524319
76561197960524321
76561197960524322
76561197960524324
76561197960524325
76561197960524327
76561197960524328
76561197960524329
76561197960524331
76561197960524333
76561197960524334
76561197960524336
76561197960524337
76561197960524340
76561197960524341
76561197960524342
76561197960524343
76561197960524344
76561197960524345
76561197960524346
76561197960524347
76561197960524348
76561197960524349
76561197960524350
76561197960524351
76561197960524353
76561197960524354
76561197960524356
76561197960524358
76561197960524361
76561197960524364
76561197960524365
76561197960524366
76561197960524367
76561197960524368
76561197960524369
76561197960524371
76561197960524373
76561197960524375
76561197960524377
76561197960524379
76561197960524382
76561197960524385
76561197960524386
76561197960524387
76561197960524389
76561197960524390
76561197960524392
76561197960524393
76561197960524394
76561197960524396
76561197960524398
76561197960524399
76561197960524402
76561197960524403
76561197960524404
76561197960524405
76561197960524406
76561197960524407
76561197960524409
76561197960524410
76561197960524411
76561197960524412
76561197960524413
76561197960524419
76561197960524420
76561197960524422
76561197960524425
76561197960524426
76561197960524427
76561197960524429
76561197960524430
76561197960524431
76561197960524433
76561197960524434
76561197960524436
76561197960524437
76561197960524438
76561197960524439
76561197960524440
76561197960524441
76561197960524442
76561197960524444
76561197960524445
76561197960524446
76561197960524447
76561197960524449
76561197960524450
76561197960524451
76561197960524452
76561197960524453
76561197960524454
76561197960524455
76561197960524456
76561197960524457
76561197960524458
76561197960524460
76561197960524461
76561197960524463
76561197960524464
76561197960524465
76561197960524466
76561197960524468
76561197960524469
76561197960524470
76561197960524471
76561197960524472
76561197960524473
76561197960524474
76561197960524475
76561197960524477
76561197960524480
76561197960524481
76561197960524483
76561197960524484
76561197960524485
76561197960524487
76561197960524488
76561197960524489
76561197960524490
76561197960524492
76561197960524493
76561197960524494
76561197960524496
76561197960524499
76561197960524502
76561197960524503
76561197960524506
76561197960524507
76561197960524508
76561197960524509
76561197960524512
76561197960524514
76561197960524515
76561197960524516
76561197960524517
76561197960524519
76561197960524520
76561197960524521
76561197960524522
76561197960524523
76561197960524524
76561197960524525
76561197960524526
76561197960524528
76561197960524529
76561197960524530
76561197960524531
76561197960524532
76561197960524533
76561197960524534
76561197960524536
76561197960524537
76561197960524538
76561197960524539
76561197960524541
76561197960524543
76561197960524544
76561197960524545
76561197960524547
76561197960524548
76561197960524549
76561197960524550
76561197960524552
76561197960524553
76561197960524555
76561197960524557
76561197960524558
76561197960524559
76561197960524561
76561197960524562
76561197960524563
76561197960524564
76561197960524565
76561197960524567
76561197960524569
76561197960524570
76561197960524572
76561197960524573
76561197960524578
76561197960524580
76561197960524583
76561197960524585
76561197960524586
76561197960524587
76561197960524590
76561197960524593
76561197960524594
76561197960524595
76561197960524596
76561197960524597
76561197960524600
76561197960524604
76561197960524606
76561197960524607
76561197960524614
76561197960524615
76561197960524616
76561197960524617
76561197960524620
76561197960524621
76561197960524622
76561197960524623
76561197960524624
76561197960524625
76561197960524627
76561197960524630
76561197960524632
76561197960524633
76561197960524634
76561197960524635
76561197960524636
76561197960524637
76561197960524639
76561197960524642
76561197960524644
76561197960524645
76561197960524647
76561197960524650
76561197960524651
76561197960524652
76561197960524654
76561197960524656
76561197960524657
76561197960524659
76561197960524661
76561197960524664
76561197960524665
76561197960524666
76561197960524669
76561197960524670
76561197960524671
76561197960524672
76561197960524674
76561197960524675
76561197960524677
76561197960524678
76561197960524679
76561197960524680
76561197960524682
76561197960524683
76561197960524684
76561197960524685
76561197960524686
76561197960524687
76561197960524689
76561197960524690
76561197960524692
76561197960524693
76561197960524694
